"V1" "V2" "V3" "V4" "V5" "V6" "V7" "V8" "V9" "V10" "V11"
0.950834527717108 0.0118416105394871 0.00295580725091692 -0.0240561738452935 -0.00103254191929655 -0.00921963432932369 -0.00627528616414704 -0.00368036789822175 -0.000108332369881306 0.00547514244597851 -0.00351466838869379
1.05003012776845 -0.00991007585995794 -0.00963295518131412 0.00997299560083131 -0.00410769008201319 -0.00262107413391805 -0.0127080119543058 0.00284907834377809 -0.000374627961572449 -0.0163467632366872 -0.00476949907244543
0.925973898102564 -0.000862837193815919 0.00283688010358043 -0.00503904672416353 -0.0024266907661162 -0.00645244248318684 0.0013705853164071 -0.00451967292908556 5.70717242501966e-05 0.00432784125467669 -0.00318962785668045
1.02124620966472 -0.000392149298418943 -0.0210899383079345 0.00795580758129295 -0.00188652577891302 -0.016710575989513 -0.00741193593011544 0.0123097932989793 0.0144071789162036 -0.000819180528636805 0.00839012150207259
1.0391798418164 0.0105821653602006 0.0130701409409512 -0.00324711351014159 0.00291826147811776 -0.00346199522368999 -0.00554275956979889 -0.0134064524027668 0.00198776177694523 -0.0176200071037782 -0.0106529937747061
0.928693454148257 0.0157938514529383 0.00508174335596056 -0.000909693209817591 -0.00282436884923374 -0.00480061867609902 -0.00842427110771433 0.00208095929749932 -0.00461143219163728 -0.000836833358076131 -0.00491596651611217
1.06375495450036 0.0171856551184907 0.00309768061911665 -0.0115116011291439 -0.00627301455233276 0.0251882998358918 0.0101861428949747 -0.0110622155446232 -0.00363197693808038 0.00595611354864751 -0.00210257233116654
0.946345445145525 0.00345918012540512 0.00304431538889806 0.0100505756330806 0.0121223531812135 0.00264084875881371 -0.000262769072848639 -0.000153287867894882 -0.00278613276808065 0.0116598912131726 -0.0145171199977155
1.0212147494903 0.000633718320822203 -0.00950134446260001 -0.0210092308986727 0.00441662766987336 -0.00484070025945206 -0.0105937831802218 -0.00604176407821444 -0.0162054470896791 0.00598611169604627 0.0129917456348657
1.0042695088039 0.0210383500561415 -0.00407449549484983 0.00701474440183453 -0.00230884064699833 0.0049092869083007 -0.00655073430941555 -0.000227899425359417 -0.00976573947911562 -0.000790131598244049 -0.00654007046209003
0.927444641896862 -0.0139935071827079 0.0146273245123559 -0.011161718158062 0.00932483429540746 -0.000380442696090363 -0.0172026394775911 0.00931048030786272 -0.00426543187474368 -0.0015975482539376 -0.00710311807540293
1.02591813979077 -9.98554536349171e-05 -0.00701437464480338 0.00489288006630204 -0.00678512869680286 0.000965143682731612 0.0165428233119499 -0.00161681473383951 0.0117850816971004 -0.0141501004615876 -0.0129381835920436
0.918629411135724 -0.0168142685994548 0.0140635164873803 0.00416434880668263 0.00333750514157219 0.0188829667043526 0.00912298514998217 0.000570611480666001 -0.00444830961569346 -0.0218641566659554 -0.0104936532435391
1.13763202143044 0.0130896970258002 0.00772171548010402 -0.00648093360940086 -0.00383725856564659 0.00680444027746493 -0.0164481638000804 -0.00771544218067518 0.000794117460315131 -0.0133362552478121 0.0108038137688379
0.951398341720223 -0.0085138099375748 0.00679378474663344 0.0179213411740766 0.00475914443499959 -0.0165288774319684 -0.00256344503903906 0.00298211418316365 0.00857541248733224 0.023470964064968 0.0127177204579147
1.00577141211318 -0.0144276823483006 -0.0101185453048542 -0.00659945446635576 0.00445704376942226 0.0181449731524176 0.00146768639865182 -0.00807304747465346 -0.0144300189946735 0.0135654885139242 -0.00312031011790825
0.915470514531179 0.0134498679015859 0.00552504441446469 -0.0155874226651005 -0.00155891124187138 -0.00132075623749121 -0.00820632876434942 0.00322895694092717 0.0104135081715998 -0.0181162121299985 0.00939995772977616
0.992429104398704 0.00961866257591046 -0.0123126795255611 0.00186857836542427 -0.00736631496585339 0.016812296653211 -0.0104364774590532 -0.0105070845898831 0.0067547889304748 -0.0174698452047914 -0.0109334168253468
1.02995179911444 0.00785313034546371 -0.00096511122562624 -0.000595419531930423 -0.00152003383232237 -0.00117541723996765 0.00332560160754613 -0.00532172504002698 -0.00101764465159209 -0.0201195686264076 0.00657297331109841
0.941117491784636 -0.00883776221185826 0.00101020435586472 0.0109677386744676 -0.00192860095075478 0.00234493318197751 0.0127201871081512 -0.000340628581271877 -0.00562597917107869 0.00423064076579752 -0.00581231767459219
1.00601068003032 0.00804706197022121 0.00680604216078334 0.00215431627060563 -0.00326663405574913 0.0109872489978575 -0.0055337845293552 0.0042594223598477 0.00528607529770276 0.00330545826914218 -0.00531425796779335
0.913210142740977 0.00105556820555954 -0.0138497773280632 0.00457264665882355 0.0101988895764944 0.0147045270160867 -0.000226189704118281 0.00116325111751462 -0.000245252471458938 -0.00139043107712925 -8.95058546219321e-05
0.979008141473097 0.00476692076339449 0.0264492425439083 -0.00633004556411099 0.00727597119739039 -0.0139991926407109 0.0217628029955876 0.00732958377795875 -0.00687281200139789 0.00511949638785378 -0.00833646924643663
1.0348857331588 0.00832371903499262 -0.00723140243413063 0.00577052047073569 -0.00541772936430057 0.00245696076513674 -0.0116317727409229 -0.0029250857349801 -0.0173479616798056 0.00661910014484742 -0.0103942421992671
0.933554602473441 0.00838252004169453 -0.00421478328632493 0.00763578180215208 0.00894508202873954 0.00265486940140301 -0.0157674842835306 0.00995885209511157 -0.0142040039558392 0.0018921794951544 0.0109311328331921
0.980305852019754 -0.00900489975428835 0.00834260734333485 -0.00593756942429854 -0.00227905648812017 -0.0216218886633475 -0.00571727962477573 0.00235395272794468 -0.00195321745235258 0.00136782603867199 -0.0122661329637979
1.07729299852095 -0.0177613954006293 -0.0124410288297813 0.0116420581550182 0.0173272019690548 0.0174554711346828 -0.00131846487500263 -0.00465601941676939 0.00200122960754919 -0.00823962007873488 -0.00385040106716001
1.04517755683023 0.00712977978138226 0.0151094407543077 -0.0076052878300622 -0.0136223485017497 -0.00940682895695304 -0.020960895900181 -0.010378634149047 -0.000998105449048242 0.00919436653231611 -0.00318086466621753
0.994367088686009 0.00646906245573616 0.00966169939481071 -0.00676748077783523 -0.0109386172876349 0.011511800935205 -0.00887935860724712 0.00723710095744222 -0.0139944718975051 0.000257252157981729 0.00362814215137972
0.993043545460225 0.00245018770329679 -0.00368431252800645 0.0062442023392185 -0.0102292794931829 0.0118427168519463 -0.00201291464133363 -0.00799792389229378 -0.00954029468051608 0.0188279425519169 -0.00620229624611021
1.03489867628286 0.0101025308958601 -0.00451612614542529 -0.00383777972366036 0.00388239045460584 -0.00559564839983419 -0.0162147812968794 -0.0158757448168262 -0.00393963034195 0.0037353613066814 0.0218561847064646
0.954969871674461 0.00503510344251693 0.0152154584082226 0.0192160397984877 -0.002150165545243 -0.00869167204601978 0.00897468172829541 -0.000890545254888534 -0.00947846675055618 0.00478078779721053 0.0165404749754006
0.999034960959659 -0.00584238610733368 -0.0064763567580953 -0.00494410413617845 -0.0066049588135627 0.0139201080931093 0.00548311896156152 -0.00826651567417344 0.0184781949068342 -0.0164829343179391 0.00116869133707024
0.958564198072478 -0.0108445448417107 0.00550436421452852 -0.00359127155117277 -0.0190279689878784 -0.00921413845303479 -0.00487611901455878 0.00244153512636645 0.000822961985010073 0.00838682506649705 0.015292023296867
0.988168622425904 0.00343201383154087 0.00377962909380704 0.00720561623584508 -0.00790806271206133 -0.00226726904202869 -0.0157297186788078 -0.00770113310476153 -0.0111645944442526 -0.00671409478177757 0.00932378191900438
0.931597352348414 0.00248770582651067 -0.00219139206731374 0.00202492070362369 0.00509466467958286 -0.0062279327176861 -0.0054063789067862 -0.001658244910461 -0.000778173553511214 -0.00150852142745509 0.0143831959462705
1.05519777186632 -0.00827416888328815 -0.00514678067023751 -0.00406346949102382 0.0184338622294621 -0.011247324958915 0.00959993067700678 0.00243577802500508 0.0017778175525526 -0.0142406944112004 -0.00353320059419777
0.999439212355363 0.000481128470220143 0.00899675772288377 0.0133492105836956 0.0220820191206412 -0.00138445136890075 0.00750749860834525 -0.00261939086723213 0.000853104366774468 0.00580200620273992 0.00429158797661301
0.971725116293639 -0.00618570216922326 0.00705190956570261 0.0013260933646176 -0.0170577388882812 -0.0127680823838703 -0.00811670705857303 -0.00794676290846181 0.00780269879483336 0.000633663571364526 -0.005863080063426
1.01133615901621 0.00235769143818332 0.00902831307088861 -0.00845807523198876 0.00114096665446249 -0.00854377985281723 -0.00394127625942618 -0.00727960377179923 -0.00932910441979514 0.0272719616334548 0.00956593304531947
0.993007848930139 0.00913843067894546 0.0169664729011208 0.00408464810387328 -0.00429840305560192 0.0152171460789795 0.0148750223892768 0.0190807221790373 -0.0095318035583417 -0.00272310349133939 0.00641648096340809
1.00692681552894 -0.00622083777804444 0.00579947058194377 -0.00239312729796008 0.00113646857442483 -0.00566473510623437 -0.00898211165460637 0.000887378022066054 -0.0150022725289056 -0.00901267118059266 0.00500824978934384
0.965782038820478 0.0217537316054047 -0.00370666733125876 -0.0205362023323683 0.0167854595951431 0.00880321450558147 -9.04364251484747e-05 0.00289290861362601 0.00779086683158909 0.00819425381348374 -0.0115866745034904
1.03618134878251 0.000125434396679728 0.0105693705005989 0.00802908392822576 -0.00852662335541668 0.0293731953061456 -0.00613152889327244 -0.0113793395953722 -0.000980991559934558 0.0110600697043413 0.00695422283054897
0.971510265884869 -0.00242273058128148 0.000737212671527754 -0.00740334814709229 0.0137517219232023 0.00474768976587634 0.000613671714170444 0.00545486766008731 -0.00231261018977453 -0.000588880740020516 -0.00226992662390151
1.00245895924513 -0.00799153699924025 0.0208813846916519 -0.00732330080881689 -0.019887295881208 -8.22832808910311e-05 -0.00630927347897756 0.00903105260430922 0.00542441181620037 -0.0096938284398913 -0.0122799773867229
0.984846482091923 0.00140571978034591 -0.0198628056190525 0.00722777192509648 0.0110984045802728 -0.00889866591520317 -0.000297189958020018 0.0058546995501414 -0.00179681328852761 0.0106409598859909 -0.00663452659467529
0.975986554072536 0.00452720522420892 0.00509782582885871 0.00519474666796461 0.00432130123810104 -0.00150701869233409 7.10048210679667e-05 -0.00805501580314173 0.00961762078137581 0.00869502788678702 0.00498275718558351
1.04621955592932 0.0173846196439127 0.027156474382081 0.0024593786748891 -0.00446894110371697 -0.00549235704917571 0.00207458046941999 0.0170634745988619 0.00622928541568042 0.0152939135419463 0.00272632818177406
1.01520255967504 -0.00215719170311585 -0.00499916479117555 0.0142733143889831 -0.000222782002053977 0.0202626175384907 0.00582977275857747 0.00648402456888276 0.00444360528423129 0.0110937713306509 -0.0161155756581888
