column1 column2 column3 column4 column5 column6 column7 column8 column9 column10 column11 column12 column13 column14 column15 column16 column17 column18 column19 column20 column21 
1.0088909017491847 0.0016321590236392613 0.005804372498149441 -0.002141143170610429 -0.0005881720999070143 0.01574314515780854 -0.007315886851843138 0.007847497551874909 0.01570342649374301 -0.004681584560609396 -0.005534657407939112 0.012187704067052186 0.015588680916373075 -0.0016631539573130794 -0.007883693962447577 0.012276053594543814 0.009837323933663414 0.004805859234774932 0.008196987391465994 0.015858784811168238 -0.01126758033310482 
0.9584758700541259 0.005271857864024114 0.0029512189824583875 -0.0045179317166294634 -0.001980176096359245 0.00854154373831868 -0.0012009579953433803 0.009768099570501737 0.007026677484493961 -0.009897182678703816 0.007461624689074876 -0.01280732245913979 0.008874055003205279 0.00892795969613877 0.0070657114701008225 0.0025469557121815794 -0.007402199725459778 -0.008067885036871648 0.0009965965513979629 -0.005319138520661748 -0.020193947535062057 
1.0295814508482595 0.013003531538292519 0.0007855558928958608 -0.0013135533471392185 -0.012333528363923082 -0.0034486928752841353 -0.008799329438498257 -0.018788020905224467 0.0005849305822733593 -0.01740685843760457 -0.0040761679170629355 0.005061488724280421 -0.007642055315631651 -0.0040180740994510186 0.0008617765069912017 -0.0008399335363180261 0.010596750210157789 0.013991847569233742 0.004497096245122944 0.0036110029749562666 -0.003201218000383324 
0.9703764388489785 0.003599769009257928 0.019572452843792734 -0.00954322169402918 0.00109724604901059 -0.014753850594361352 0.007554442250846006 0.00019802668736440304 0.001588629917705238 -0.012703303597336124 0.0004569259801144124 0.01427857611099416 -0.004942578189533579 0.009127586784932728 -0.009090769312588624 -0.008300859410200357 0.014059829014643787 -0.0021307318265236523 -0.017617835781044592 0.0018443698975889986 -0.020150767437868863 
0.9950695291855753 -0.009878458949613365 0.006782527670051725 -0.008376390999597437 0.010842003762112614 -0.006884602906068726 0.005886832151991823 0.009075637262621611 0.01701095968051902 0.00286638310801614 -2.6878803655997333e-05 0.016369926786162958 0.0069315047875202354 0.006363688829885268 -0.005376954707096716 0.003192306231715586 -0.002024935637121094 0.001188692928800349 -0.011790963596414761 -0.006842108396784387 -0.0018860182833119474 
1.009602188292707 -0.0009371416052640931 0.0007199269970540412 -0.0014443304329816561 -0.006531616484658545 -0.01049549290659038 -0.00695638800894562 0.00987592702422446 0.011693208391892763 0.004629776008646489 -0.0020390708369199544 -0.005304455874299733 -0.010737869059608105 0.012835526042923573 -0.010008107343641291 0.0104626732469071 -0.014352779760672186 0.0015741815046846081 0.00987419744602456 0.014546223089010919 -0.002971743094290572 
0.9536396556526849 -0.0001376053371265427 0.010286168963139716 -0.005753187928629473 -0.01620498758748929 0.0017517203543875464 0.016499993553169005 -0.010713619342321956 -0.01868606457801883 -0.010364922913246269 -0.015382375729317128 -0.00014239441689813955 0.005929035366507494 0.01396832853844152 -0.009605165468715367 -0.007520759139705967 -0.003145999261797695 -0.009668643559711759 0.013422452845437777 0.00029000191229633566 -0.011873539204602296 
1.0403320777054414 0.007458556849091497 0.0044930353573223135 0.014875152584363149 -0.008415695411513968 -0.00584109640898152 0.007939048331829292 0.009533069476221482 0.0010506267205538584 -0.011347154722518375 -0.006962756010964541 0.016314043941474822 -0.005633575755752975 -0.004921285262566278 0.009445895237818056 0.003430510838750041 0.004674639490372178 -0.008640443244504713 -0.003426322715916991 0.01214219341582504 0.005701671775703005 
0.9706211828518961 0.0026126759687112246 -0.015900926415964387 -0.002005604709246896 -0.00413393394834801 -0.01668924438604048 -0.0039845948513136335 -0.010780659958252115 -0.009886845991048788 -0.014483199914112708 0.0252507379266825 -0.004737901286693324 0.004279091473881897 -0.00039847341715695383 0.005761818240379666 -0.00020948370767587623 0.0025232622411745825 -0.02075602751395651 -0.01676265623070688 -0.013261359761230567 -0.00573074991335951 
1.0360520352751357 0.001996212348666315 0.007000126510621329 0.0008118482327560072 0.006966837031527359 -0.0019327231159331363 0.011477761072950855 -0.006342164887941449 0.013681951343427293 0.0038751393652852652 -0.015408162516364276 0.01196655400260605 0.00048687180689088207 0.0058954904903833994 -0.0029525484075235897 -0.0017736448883742858 0.011229215618384508 0.00460518309880712 0.002042759270805906 0.011184189429574111 0.00988425170492915 
1.0300847400154016 0.005097365844694193 -0.005973189282894202 -0.005636977668553865 -0.004428080901452413 0.006586929707119842 -0.011619675408637021 -0.009356774423898255 -0.008072691127940979 -0.011452939015097849 0.0009713672042891026 0.004373295646419491 0.007084754188145921 0.011977376098440509 -0.014962833770024475 0.005168058505598342 -0.0010983868841230983 0.009306329695334107 0.006434792302619385 -0.00818389563259175 0.011922414043278517 
0.9812315202241803 0.005053811088794621 -0.006684779072591826 0.0005896656995587903 0.009504825282334078 0.002995384387404106 0.006866501124525894 -0.02238151113445221 -0.010939412107210715 -0.013461729455857782 -0.00675968047991966 -0.004728417189102098 -0.0006820630517931877 -0.012904994044300684 0.009045609541285953 0.0010410247004497386 -0.008328588583610286 -0.0030424485424888994 -0.0066009900344614425 0.01178541770862429 -0.0029755765482523174 
1.0139379852231973 0.004221057907179662 0.0019208567793832627 -0.008037450875824055 -0.012883676320009608 0.012739686026827164 -0.007700274349905312 -0.0028954826264484487 -0.005438614014801097 -0.014815763358902294 0.0013504930521969578 0.018809258019695508 0.008783600579988938 0.0008515162635711046 0.004126680985784639 -0.016253974423396253 0.004712256391094967 0.01204922657041993 0.009036015751128815 -0.011473918447265943 7.481820836645662e-05 
1.019799413747538 0.004804710122221846 -0.009612790856988554 -0.005916552048960461 -0.015361030755508095 -0.007895823349486587 -0.0014516358379207367 -0.013791553029794906 0.007887919871698065 0.01491277413211221 0.0012026064277362632 0.021603277030140658 0.009010756800207374 0.0042206701714882335 -0.0063697921443646565 0.002943224042139142 0.005348513526938445 0.02587714850265361 -0.005448314009955704 -0.008786662804936366 -0.002005474581181529 
0.9956265535532375 -0.007663038162814288 -0.016897511959797946 0.0035427878720806993 -0.004644145999032619 0.0018408202489627026 0.008021049404928654 0.0003855223892221877 0.014990221555951177 0.0054554886524973145 -0.005635680904569871 0.016443044278826847 0.002404565080383081 0.0018827024845970914 0.0023046171244830434 0.008545514644205696 -0.0002746658648408241 0.0002495221343749043 0.0027198034303716223 -0.003749693462717752 -0.002565676417016041 
1.0046521289806631 -0.015934383440650738 0.009428987522270511 0.0009638691545592163 -0.003191127677825874 -0.0066517368226064345 -0.006491516241768968 -0.01337357179325152 0.008376058665777272 7.621412094164948e-05 0.004261528774518312 0.009980807791004428 0.007944180466566819 0.009394032690479084 -0.017493492021798066 0.015618484613920259 -0.017542004956070573 0.0029073892026972147 -0.007547490663996411 0.01319764791182763 -0.009179447717846416 
1.0158206389428481 0.014039666822055414 0.004124911241673772 0.000879057701158129 0.017793613945390755 0.008223626432818548 -0.006136781253283733 -0.0030243767014235972 0.0027565741808281067 -0.011275089628472585 -0.005088177778798569 0.012119320815194439 0.014490134929332574 0.0149147231499063 -0.003164763744427876 -0.005014991611727414 0.008377106607203418 -0.015716813248045573 -0.014107241211305237 0.007328550064325026 -0.00973836420264519 
0.9964934601230854 -0.0027060024157381023 0.004353669452455597 0.0021391205902331943 -0.001783691598452015 -0.005066131702472519 -0.016175161132721327 0.009328506508140707 0.007565318227798944 -0.00034356289998349886 0.005750212389116784 -0.00655726116284775 -0.014819248299012043 -0.0018119705102425825 -0.008129928683022786 -0.00594150916223329 0.00472047654001793 -0.00957547179578118 0.007773308825258243 -0.012969963506512026 0.01600830299038386 
0.9503997281836336 0.0040865915618221085 -0.006085025903929613 -0.008074042440330562 -0.0011808344991325681 -0.0026493541812273053 0.009362348394353338 -0.0011348379292165978 0.007513745220073067 0.0030760593306707784 -0.012017883852426971 -0.012655175022014032 -0.01775686580122299 -0.0008726978813538225 -0.002239655400332029 0.004145668030830266 -0.003416641938224085 -0.023071018339129362 0.005423770680666784 0.016146771662934604 -0.011368760106302665 
1.0369095304731555 0.00317057104986595 -0.014356881051516017 0.0027534285109513403 -0.008341512268247399 0.012976106834240622 0.02097868115591946 0.0003193783524590832 -0.01610515467617244 0.00800021406210218 0.019682336624738474 0.010293019852442796 0.009477947227582151 0.0019347660561654983 0.012558241544626354 -0.0033456211113036378 -0.009012113492858013 -0.018140896731477726 0.011511087151481018 0.011549817194117138 -0.0015949301507032763 
1.0082301081210332 0.0016116401000869926 0.00274438588278149 -0.025819522523888968 0.007975746417784632 -0.0160887895285854 0.0021063573549080544 0.009870843624339832 0.0001900665590224771 -0.004878479381716635 0.011490594524357052 0.0038172640632911886 -0.0037481401624468204 0.001480235641278378 0.007665689170667499 -0.014192798061599506 -0.010971438498891303 0.010085318422765051 -0.005692781717384715 0.011132472573630236 0.0013542095036033091 
0.9636998374731061 -0.008302934386083859 -0.0014481933419470652 -0.01416360342982771 0.003426447093035867 0.004846053035737769 -0.00041460245566020014 0.010798438892966541 -0.00010477343443047776 0.0055647710194369725 -0.014178198510407275 -0.010154167958379454 -0.00038877083292362 -0.015573061802557022 0.006735876734236752 -0.006975485779857745 -0.00741896505805653 0.020676374353611443 -0.010118536160783748 -0.0010059786468743699 0.009181407776783222 
1.0717885841592465 0.001450826783571646 -0.0031710627785610486 0.014946998172355863 0.0043590284738759776 0.018136905172293074 -0.0045806858769143295 -0.019508892007976328 0.004924343824981527 0.002018508881271626 0.0024542711442569805 0.02555285462162096 -0.002330636083362888 0.005548962273755439 -0.004056396108604618 0.009464832895905766 -0.003809478881135941 0.0023074642188118588 0.0032049575963710598 -0.005649540142152466 0.011727352948908254 
1.0405101846294098 0.0031009333161465015 -0.001249942321440242 -0.0004166576093684942 0.0023452810478725213 0.007457973270246065 -0.0021989623761606426 0.017360745046229864 0.0016243137326374189 0.0028033010888383427 -0.001992327787744378 0.02592390450149649 0.027402289795376115 0.0018811673017185043 0.0009888516950389986 0.0052482059575992305 -0.009160459743150103 0.0026295524273846115 -0.004305195428139117 0.021302435554689695 -0.008299275320723425 
0.950530245720003 0.00226235712460943 -0.004025809315420986 -0.017167891395399665 -0.006663142370201429 0.027923289150437656 0.02604422803446182 0.004966886065063787 -0.00866075723884396 0.0005646571625921149 -0.0023898535276571133 0.010571074090293365 0.006122297984696304 -0.010443726107406737 0.0035254243682971004 0.008871957142046366 -0.008847639934232977 -0.02290432162313548 -0.00837630734428108 -0.01775764345522698 0.0078066579076146985 
1.0034885703537642 -0.011775398428096598 -0.0024584996737775397 -0.014079516294753276 0.0007190264297495206 -0.005626796894105288 0.007991428904114747 0.012113105667525057 0.0005401551694162637 -0.015365543916253001 -0.00634812073323654 0.01230182496748553 -0.009561941014853042 0.011723975863436405 0.0008092225027141321 -0.0006118372929860979 0.007224424863668206 0.01458156824380777 0.0026161125941269146 -0.00044082048318788475 0.0009031551914642788 
0.9691731510253114 0.00906807201020479 0.0077022486955098425 -0.002346648831553587 -0.0056918994558872015 0.004627768929656223 0.003691141619817345 0.009790542502509731 0.014627411941615405 -0.005509596328754635 -0.013607968648006175 -0.001288542923346811 -0.0037181149911685715 -0.012812640100504143 -0.008576729018877727 0.00894968537995731 0.003279609389942111 0.007494757655260639 -0.00014174678356651687 0.0016439280592886018 -0.004359385313151874 
0.9838047174492783 -0.006950042436596219 -0.004786105284058395 -0.006020573316779688 -0.006199086272344751 0.0014194327340398322 0.007028554239203514 0.020806354380451073 -0.0032287755581628507 0.0027404791190277045 -0.013311136066181714 -0.0009347978103856746 -0.0023318023332616986 -0.0019361104287493622 -0.013286273000816728 -0.003220584545966912 0.0009118445579669629 -0.0035730149998799664 -0.0061206482846446735 0.021020356544210528 0.0013406423273062502 
0.9676890302047286 -0.00984557496106047 -0.0025834343144293197 -0.004581137338313718 -0.003816136889738499 0.013367194559505899 0.006847314439322994 0.009498670587935343 -0.003990457467204483 0.007831966092246758 0.008474027134874952 -0.01217631622872324 -0.007019110617050636 0.0015338573283285284 -0.011686602726163849 -0.0008941907790531371 -0.007961223952703187 -0.006913451103643981 0.00177128786995729 0.01413120721470272 -0.019449402003233453 
1.025537887122288 0.005604171546904128 8.195951913902e-05 -0.0006986467032797169 0.010520049659251822 0.005095153763118864 -0.0035657964601370318 -0.00128302581918958 -0.017026755763815016 0.011107695651730134 -0.013689575509368815 -0.0011423860100246046 -0.017795593204370273 -0.002339409022967362 -0.014264262172648534 0.013410964267176726 -0.0035945140325499836 0.009252728057216398 0.010211278978354952 -0.001785141628332833 -0.0070863449423687296 
0.9365382537481115 0.0043240848775353904 -0.009929578330047428 -0.0072459951537284005 0.01316696863026347 -0.002161087284493932 -0.00379317185366576 0.010049428785371373 0.02179684481167889 0.019743428016010804 -0.006083368952312387 -0.009490582494173344 0.00817769998287881 -0.02168529041148979 -0.005987781774485387 0.0069636406617292965 -0.0006095578979367503 -0.0032607953313375836 0.010071605572974896 -0.011089869048858579 -0.0075683784438049075 
1.021670143595237 0.004977704143815872 -0.0005967847814123429 0.008432938282914686 -0.002649823814579098 0.011205715181974685 0.0036214213568631654 -0.009949917099630525 0.005847815382173192 -0.010530699313700119 0.02201112995932638 -0.007458819013096818 0.007957634502133581 0.005143510160658451 -0.0076606563757597645 -0.01098503291089664 0.018983051416549768 0.012547571315045037 0.0037442729348151817 -0.014844947149666292 0.006807891118762864 
0.9941782551741926 -0.006890560622145252 0.0016972649829308636 -0.0021591083828329054 -0.007214542904588441 0.0008302636806740804 0.017264819049265728 0.002694604550050367 0.018507262992570737 -1.1281364389021714e-05 -0.006180884886222636 0.007223478611865758 -0.015107326324206248 -0.002962240083320882 0.002110400065454384 0.002019865366558463 0.0008426397581945159 0.00038591751794987537 -0.0020052222505410476 0.004317521315315201 -0.0017598183409986777 
0.9875831148189232 0.0199515158806194 0.005159632387288949 -0.0009868172096373596 -0.015583659545790328 -0.005885213416068148 -0.004285914796742618 0.00023018893916215648 -0.0052329564073488365 0.01242725992471197 -0.007508046583399635 0.008976345842775063 -0.007084406580469727 0.0007505544825840906 0.0037091348087602517 -0.013873079961260769 0.020182449698478756 0.00038923822547673486 -0.008663014742262156 -0.008107731259809568 -0.0011499098858622104 
1.02606656421612 0.010241656322578136 -0.0002458636529428341 -0.010852677253481068 -0.0006908921661969719 0.011434522154266324 0.0012607234567014645 -0.00852149247415149 0.016352039179250915 0.00849007117291129 0.0063852578082553655 0.016387428390228907 0.008203784251820646 -0.011161796261626443 -0.005740548931397079 -0.0033062936813325946 -0.017579913616494487 0.010341894878911661 -0.0033959478157963357 -0.007158089134297127 -0.0005821536934699831 
0.9515712066244191 -0.017087253012189538 0.003430951784250192 0.0001691441072452174 0.008259830002533787 0.0057540806975614105 0.013943398501429224 -0.0013371889409462426 0.014693248647298126 -0.010986342176288551 -0.01145417913880669 -0.008304112878748979 0.01193109447579094 -0.005798979631069812 -0.008015424248035218 -0.0014088939361825167 0.004408856826164987 -0.026133764879988686 -0.005207814058890601 0.017534833289866963 0.0018466198777226607 
1.051895975710737 0.03365615650495384 -0.004258740876915546 0.008175621095978391 -0.0028653645486854664 -0.0019094052067575506 0.0008390746117151287 -0.001413083461002393 0.025992663336998196 -0.008924207503201059 -0.005049092049761601 0.010084209107154992 0.0042775271084093645 0.0067023804900736995 0.0035312270484104263 0.0182793033745421 0.0004000348074057626 -0.0033780021856823763 0.009732729282222638 0.004743084477609855 0.006557798223881011 
1.0227663932078677 -0.005018477907007848 -0.0037072001949699637 -0.002594882766977239 0.010726327586349732 -0.0029378651975042447 0.007254596860807394 0.00508307152021284 -0.007893397068039276 -0.013550275662006209 -0.0010451896017570693 -0.0022759779553362994 -0.015328395275236995 0.007515863535866498 -0.013529752032772903 0.018232025913347796 -0.004512034701797998 0.0021517221770678417 0.013936519437027457 0.008934949116446775 0.003814867825530861 
1.0113450044474768 0.00585636686715904 0.00044713210742953124 -0.008576419428515681 0.001412003792675315 -0.004205786656633562 -0.011467793536587062 -0.007557689761322246 0.008416697694452906 0.004795078448037122 0.004131954398882516 0.005886705310144812 -0.00017344547019078807 0.008936403083103802 0.0026526157040019337 0.011549797301918253 -0.004818109726771325 -0.01269986516757271 0.003865216194207287 0.008044691115061916 0.006360426015077783 
0.993271886348719 0.01493670987035032 0.01224073087027765 -0.028330986200119923 -0.002122382352710089 -0.012504064426037487 0.004301800769775956 -0.0035567488436578963 0.003922149461166356 0.007468572397273473 -0.010166136904914169 0.006998766189692442 -0.001027056299042749 -0.004214508380500493 0.00810839730427304 0.002052492777864415 -0.010720221994435071 -0.007095374570669284 -0.0060272490875188664 0.004248639944930851 0.016573857544722178 
0.9969652509285107 0.0026916448642732853 0.007984034151020279 -0.004458596145793192 -0.0006241116195040971 -0.005266160213198106 0.00627392861567929 0.017513352127783266 0.0011360886144363882 -0.0002885356027640463 -0.019167967899865117 0.01686816139834396 0.0097428404991221 -0.015059110353027958 -0.005402037264856152 -0.008596979948286173 0.016035598119139037 -0.005549814578958663 -0.004648690945481522 0.014851352386524809 0.0022658026141373303 
0.9831869561127783 0.0075860181908945995 -0.0014678362269697869 -0.012871255086823439 0.00017023710033463608 -0.007677822474749418 -0.005634156099433398 0.0067728528575677115 -0.002289900181601898 -0.0003636324683549236 -0.009426341344640208 -0.0033484991119655427 0.00623380972679787 0.01807831508896279 -0.007389580163835075 -0.004969658129350112 0.011385551575882131 -0.013743195213097477 0.004888881012530199 0.0015705631691123913 -0.017157050876935056 
0.9999636891887128 6.096266843713288e-05 0.002479699106020965 -0.010960576821165842 -0.009988642628387025 -0.012297251414248683 -0.011183867085630442 -0.014315838420869881 -0.0037131456499310605 0.010762856375246176 -0.004671216873822723 0.00909077678338553 0.011992460394800616 0.0009316718335630004 0.01989928975415453 0.0034178938837178176 0.011627567834417683 -0.0023736585546061954 -0.0021046435977798562 0.0033360326627704675 0.01477397014686494 
1.0194700504222511 0.005035697057003293 -0.014708195991094061 0.004911267713088927 -0.0008389867110073504 0.010101490341179442 -0.001667576171401177 -0.00473133792791549 0.0032216364394873215 0.006240107646421106 0.0090656057932869 0.010410138173419594 0.012868685934587145 0.003947989654586609 0.0013451594570901238 0.0044634325100521115 0.018455320882860175 -0.023115304507930846 -6.073180737884319e-05 -0.012454109000212066 0.012144597627625766 
1.009265265162239 0.005412366215485162 -0.003668915342181365 -0.0185411397620992 -0.00902683082517399 -0.0067653087115524466 -0.0035412239620204095 0.015099571226659734 -0.014956466710724866 0.016848209876532287 0.0032735171244175905 -0.00877456514797037 0.016108271161455464 0.01031302595398011 0.015441099084707898 -0.010854762813201366 -0.002943707241628935 0.004043889508561351 0.010845001298122593 0.006165442441314391 -0.013848857817692326 
0.9904939020037862 -0.0031452715104389735 -0.0053267695380600265 0.0031532085604698617 -0.0004171247042977396 -0.0037214965989177114 -0.005359632395709736 0.0011076364498627176 -0.005428902026663601 0.004748167362015072 0.009677995945415107 -0.004079897208918618 -0.010777111512372718 -0.0016307893774853894 0.008240432492290048 0.007419237193820047 0.003949553565165757 -0.014846440516246269 0.011832386057781634 -0.0038184970596549105 -0.004975366403218848 
0.9976885852120856 -0.004489337800714381 0.0014452104015241333 0.006848476767289249 -0.021708805400409995 -0.003441115583883793 -0.00874981239684252 0.003490230810707134 0.008982695286035666 0.008913690350971566 -0.002814026004615008 0.014328589259958247 0.012017131171978357 -0.0027172329729851464 0.014627458153225442 -0.011460475465243298 -0.0025726278121883856 0.004474166406508297 -0.00220689168825739 0.007583110949668708 -0.004188449778527275 
0.9323473339625162 -0.0013137743691937227 -0.008464498128660054 -0.009108422251374045 -0.00690981221125655 -3.3009538663785704e-05 -0.011915469697526595 -0.00311544936149281 -0.009713395796689532 0.007263493492824962 0.0009731685948676321 -0.008488219744913778 -0.012281748511124502 -0.021740061342314987 -0.010881839201844552 -0.007499927151587732 -0.0020481535505509395 -0.004915646107442801 -0.0032440059818777457 -0.005689164503949544 0.0023802470596877667 
0.9979189776581647 -0.005459314670802806 0.005378140975418354 0.008662934315450026 -0.006122244169985124 0.0030786979489969223 0.012533056004674557 0.0031336663576608287 0.0021469938504163973 -0.0010150466712202952 -0.0018962223090624286 -0.0019395290417701541 -0.01557590391917585 -0.003390814251418888 -0.0012790450665988804 -0.007848491669310956 0.001833758576243953 0.015260364156991009 -0.017516733515178885 0.005503503365046207 -0.002598033725300166 
0.917187123164131 -0.0029329381102348156 0.008670207933625551 -0.021668217716177586 -0.015002927920852992 -0.010926819637187151 0.006760957226801549 -0.01751077609449395 -0.008414119439570312 0.007110545839273693 -0.019481537072494726 -0.013523304602892378 -0.008393359511919869 -0.004435116344816344 0.0077716111836129385 -0.010281439588542286 -0.0020688506044740603 0.0065314271501116595 -0.002527433057990606 -0.00929101567521576 0.0018967169030713784 
1.0300301515412904 0.0087087216384186 -0.014888923931971044 -0.0019742799889969588 0.011171129757432102 -0.0013887094223421826 0.0029714411280502705 -0.0023264359314740615 -0.0015996830162062796 -0.009569914865227316 0.019567302956185414 0.007689433748725294 0.006979515124625283 0.00795401824914303 0.0220832378816778 -0.01692967937807346 0.01254654731715413 -0.003600747247916873 -0.0136477121653595 -0.003208863987801246 0.007338933086994609 
1.011268754295396 -0.010440919814385633 0.001017386405274281 -0.014768742102689037 0.010498226810047959 0.0002629276881036552 -0.01638012972007535 0.0021163922526386963 0.006703164437640621 0.0011056218744105403 0.00954169399408905 0.008061451394109383 0.008070870015038386 0.004861035706786733 0.00844114245004048 -0.0005587148655969855 0.012176782510941982 0.002045138542903132 0.025680871637574466 -0.015476233311541614 0.0027981469380918373 
0.9739235983527034 -0.004403154510730185 -0.0032194885894266884 -0.008331064386486708 0.009946505995035783 0.007399720305209333 0.01124793462948596 -0.0069183570553099285 -0.009807489961293794 0.009793474350295605 0.0018871066908377964 -0.0005094207072550698 -0.019303942753152732 -0.013076938486353901 0.004324039379820154 -0.004394344049343211 -0.000596200166839385 0.004448935061569189 -0.005086754153034678 -0.004994915735757071 -0.003528711714824643 
0.9007040440077468 -0.0241464052517486 0.00025040851035401776 -0.013998848491684009 -0.016562904634681314 -0.003967687153805954 0.013928353962065203 -0.009648545940838823 0.009142658353920518 -0.005012876855934596 -0.008890156549617525 -0.010893738365458035 0.005077883635495658 -0.017476673918594598 -0.010574380146721475 -0.008146676102204256 -0.004394664170138107 -0.003999228531880431 -0.01677894503940674 0.0007235241534029233 0.0062626548845656224 
1.0499677536080223 0.004570971662550097 0.0019362124230975445 0.008473958628889498 0.005308519930613031 -0.0049510176252031395 -0.019954113558878085 0.009191652895067643 -0.00428835299957114 -0.0016421446404104997 0.007019266689853414 0.007796951582962171 -0.009023834388532638 -0.001948197933824083 0.013784134797765522 -0.003332710411320076 0.002171432689150179 0.005665341253996623 -0.007061261336619527 0.008379734661126547 -0.0122344008401409 
1.0036856825748843 0.008101962924940843 0.000650148332767648 -0.0013939387921158256 -0.0053847184754277425 0.005750176952762495 -0.006229407262649673 -0.013906186145013724 0.012142894241937891 -0.02077977864008553 0.0032374823952872446 0.002011137137977419 -0.0050131574364910845 0.01254012942403819 0.026831804587610742 -0.0052587631680762895 0.004851277572592633 -0.01917101229965924 0.004373035484592428 0.003147280148415231 -0.00226745934311336 
1.0202235130088877 -0.003516016119393423 0.015847579760927044 0.010724220688622037 -0.006685396727098102 -0.002112135153062329 -0.0010324949356592431 0.0006736897839343459 0.0051375199663161696 -0.0015009156566143723 -0.003897382653823767 0.004433640314988489 -0.01579883641008048 -0.006508958352658592 0.0059216964617745775 -0.002166595676330214 0.010126465097410062 0.007967540215004619 0.005169609403294301 -0.0033137489399356367 0.0123599107115203 
0.9220438149391952 0.00038381844743693496 0.0009100963245063941 0.010762445909987782 -0.018930707009164875 0.0022998353323875308 0.002510846411883618 0.004448322495304933 -0.00017623226526774716 0.0043802731445800646 -0.022597898845250656 0.0024019502235469916 -0.002029425872623663 -0.004269801632272759 -0.0037509505962806887 0.005326443069121469 -0.00515863555862269 -0.00723677524698322 -0.010896737333442142 0.003568811317935762 -0.02160267322905362 
1.0409281329335596 -0.007402669016484385 0.011089367914700663 0.012995961592577472 0.0017313232604070736 -0.006392653781327492 -0.003955747121484828 0.0027354129839318683 -0.0002959067842268038 -0.004315718904252009 0.006566378133570246 0.01703810703580054 0.0031176779438001666 0.01641215756748653 -0.004508871716150835 -0.009927679287743517 -0.004195861430175867 0.00041852117239120324 0.004799812414959675 0.0026939937590606646 -0.004492412747270155 
1.025509245426375 -0.0017111674531044188 -0.014889180793626982 0.00677933853927297 -0.00041823705789904137 -0.005866761973129146 0.0015516388358266509 0.011005415918741537 0.0008510925824617584 -0.012265280753390893 0.012197378661184208 -0.0007417779679085271 -0.008920576384585759 -0.016304249851476365 -0.006278973076118227 -0.007523385135935819 -0.009818590585744334 0.01616537155262171 -0.008824746744028117 0.009304218361530517 0.0057394142102206985 
1.0337246568101357 0.006918413630369259 0.005289413805422139 -0.009517079122860955 -0.01093043097834735 0.01479746151536091 0.01710457508459878 -0.008122629010478912 -0.0037574336778001946 -0.0067656704577429795 0.02278812198956526 0.00899933734909679 0.0008692902118042339 -0.005565717974735167 0.023104444664515424 0.01695663139285867 -0.005860508942991375 0.014601621169571706 0.009985850535145908 0.001871741006450454 0.011049994410341017 
0.9165337684729599 -0.0012461971165701287 -0.0055431717133385796 -0.013663022104521366 -0.00949584137242626 0.011025594872621789 0.022920799137818106 -0.01640576669696135 0.01060645543898005 -0.016868516285419303 0.0002274201266526725 -0.0010201002248548248 0.0035125137815398715 -0.015255187083743349 -0.0040951359321396335 0.013646785820850754 -0.0067469178547173115 -0.009001041071651264 -0.011947859562103267 -0.0033321538188341125 -0.002113636242396229 
1.0219990007782105 -0.003896064188057035 -0.0064689544283970946 0.013657144566157289 -0.0006774342045516924 0.006684377303603587 0.010238920252039633 0.005397955977841892 0.004201424815000002 0.013399183439110623 0.011027624721897509 -0.007739126213323301 -0.016526144103333272 0.0006327305039014563 0.0054899087685380136 0.004462450451990258 0.004119947795846238 0.018139523933488687 0.0014104428958904638 0.0003673799848311858 -0.019022772123838662 
0.9539701622646815 0.00014925701975145774 0.003714865045245797 -0.007984066823948139 0.010665796803209013 -0.005225158220896666 0.004510314742786279 0.009220056488921123 0.01446757580805004 -0.011353580281262375 0.01710166086188067 -0.0335986954508357 -0.029303089328419803 0.007269129738617899 -0.0020054003837133524 0.011597723648975329 0.0032853779516943704 -0.0015465542681018 0.0025401340831321183 -0.011212636744213201 -0.002808617806224561 
0.9968516810387787 0.0003495154900518157 -0.0032686172189447765 0.0014751197622458617 -0.009886401136597592 0.002837800770865961 -0.026366984287858976 -0.006071526041650926 -0.009044080021942262 0.01700281301633131 0.0021388684358937633 0.00998236848871448 -0.005250834173463292 0.0040933557462210935 -0.008957651135707982 0.008318499348428939 -0.008486162081382143 0.01908045861267461 -0.001961473449376938 0.004104094006149209 -0.017936120126282474 
1.0032720306080702 0.004385785366681108 0.005612679161822899 -0.0016111703508474634 0.004597421495767949 0.0036353994018626773 -0.00877590323241501 -0.0025370190879865427 0.01941004174022295 0.0041869192388190495 -0.005684078032468652 -0.0034455572618651287 0.009150320352666101 0.011008483805290757 -0.004386908965074314 -0.005475179359555382 -0.0008477626952310452 0.011954128202360026 0.002054818646181979 -0.011791320145833586 -0.003657388275050638 
0.997773210890884 -0.018475615374762385 0.007928939257558503 -0.004102536810889539 -0.0005221091399967839 -0.008821573422107465 0.0007629979134750223 -0.0015455344554658249 -0.014239681982299066 -0.0016356066823821204 0.00510928663699101 -0.013578068927523746 -0.005496936269507298 -0.000560614593104044 -0.005171562892784417 -0.01648764688072727 0.0037984560470154262 0.017282997410333813 -0.006830089932721135 0.01451123658908369 0.001122326139621852 
0.9662273080848252 -0.013574592496386536 -0.006469375944183338 0.00259648293726478 0.004462543190990088 0.006329979156665955 0.015383541144354196 0.008457419253302836 0.0005236899953630198 -0.008393258299089781 -0.0016615923778272083 -0.0076384842579271806 -0.017439374700088845 0.008001205340440486 0.007469104725818577 -0.0033574727579553194 -0.0003941196448418201 0.005070784812869036 0.007401083311172488 -0.02688607286672879 -0.006384519181156693 
0.9944018364667911 0.010006324829944 -0.004924273392065484 -0.002438582966739695 -0.01034189632502506 -0.007649768452978859 -0.014635071136241611 0.007119586116761925 -0.010184461172370958 0.002486223755105252 0.00932226689277363 0.0010533219095644366 0.010452517735041269 -0.002622202466764764 0.003035166046535006 0.008474324528139142 -0.007712421723297351 -0.019391529161136428 0.015897480962999075 0.007480319582952614 -0.012306322188271547 
1.0033165644657007 -0.0015992617187633677 -0.0020382576110920714 -0.015373984493689619 -0.015091476353514962 0.005317398866118016 -0.008199634075118582 0.0036095014677645556 -0.012103119446036288 -0.0169112021413141 -0.01434766059194423 0.01755599495240869 -0.007877581725007804 0.00028219274117375194 -0.0030680766000404083 -0.005312466971568521 0.016123295441111775 0.01132505718494751 0.02015365174993254 0.0008120096063405658 0.0028265064502874986 
0.9774690506246125 -0.007814036378047418 0.0055499518677398834 0.005766488341068207 -0.0028915717083948943 0.016911788714705066 -0.004574351909332439 0.007315366291879244 -0.01308593498889528 -0.015020734312042483 0.010663382967269232 -0.0012925310665885185 -0.008968975470122122 -0.01246151848677379 0.0044205354565815605 -0.00438728717718855 0.0005841433031097143 -0.007504816606318126 0.00589984704637661 -0.015489855767997553 -0.007790398141442933 
1.0215656739096701 0.0045752091593708 9.007754372467482e-05 -0.009596346831724762 9.896005537397468e-05 0.014901986557935794 -0.005480955945372187 0.0051137031053054005 -0.0010902833350725808 -0.001279245204569843 0.004007248671085141 0.018973550620427274 -0.0040672560860343645 0.015237648676840822 0.0028018154344467377 0.00032770651786563604 -0.012031533420598338 0.0007739571370100905 0.0015249469052951365 -2.9325590129556178e-05 0.0026532022510152476 
1.0063279796029059 0.008479503244296577 -0.004540228640188076 0.0011819742464796244 0.005400757108247019 -0.01212744593216999 0.003382602875772895 0.006515325206208459 -0.012382574794397463 -0.0009447038113740207 -0.003945257253748475 0.015053825736826352 0.009540099624672102 0.009584112611761356 0.010438678192302738 -0.002665435998804542 -0.01178219335730747 0.00014377730447148653 -0.00464758958272945 -0.011124411909036933 -0.012719934868763605 
1.0190063619024659 0.0035078450897613133 0.008579073254916922 0.007426407908109393 -0.005009380945262781 0.003225591054511522 -0.005118547658119485 -0.013293927344359949 0.013268711869189502 -0.005181731081718112 0.007983841190835759 -0.005087128229232126 0.003137681840970516 0.006262122072247418 0.01172103894944584 0.00961746744379406 -0.0031660289214234688 -0.011324615659083217 0.0038362404035080957 0.0007888284779121034 0.012217571828065968 
1.0587488892200547 0.008077734617698638 -0.0083648235475094 0.007204597711059895 0.013289862463284086 -0.003416866615665479 -0.01137230754369305 0.006428836687734134 0.017422680270017664 -0.0064820495108216135 -0.0028303777045159805 0.002708372202249369 0.013989106324831546 -0.000300218857962387 -0.018999700116197324 0.013185580687295797 -0.0006030746908517348 0.0071351675323732214 0.006177773837824241 0.00437145807169071 0.0007421790841831016 
0.9688369462764462 -0.0017788626448131234 0.007435757297452145 -0.008636654427764241 -0.013997947746236262 -0.002542495575696835 -0.025657540583044713 0.005984458607549351 -0.004673634387129377 -0.00792069098817221 -0.0027832877323716284 -0.0025836073561109336 -0.011564649267534137 -0.011752117417404484 0.013321011958255847 0.02283465181992737 -0.007550632456488759 -0.013369522038855473 -0.005846144897808241 0.011494948975178545 0.00926760146821189 
1.0493059843641794 0.011095796549754448 0.0031795817498970207 0.008779982018242654 -0.0013094444331067608 -0.0059478801177356815 -0.006867581705435087 -0.002074573611318336 0.002369436724956469 -0.011932379391860131 0.015494569603960767 0.003689800322523628 -0.008706458607811258 0.008999619618417817 -0.007951254226891906 -0.005294951805918809 0.014209724962332975 0.001893051832447772 0.0032668869117001716 0.005020999450286862 0.0014607208543271466 
1.0192285793452909 0.0009044470083988334 -0.012628926931394427 0.002659915474844501 -0.008509936360985338 -0.01471485806731687 -0.006530670748361501 0.0014232102448079485 -0.005514672807628041 0.004734706403451049 0.006781941499324834 -0.008641835857741751 0.00395943838979189 0.008824227119573924 0.009598480560961357 -0.005435443741223567 0.0039219669421959 0.005993409152372124 -0.012937602680990057 0.01781809854250559 0.01423860776555203 
0.9717952656828632 -0.009159675458644977 -0.0020166595479870412 -0.010247898005252616 0.00320032614126442 0.02547753800935832 -0.009041048186790272 -0.012813917216828775 0.00578097127493845 0.00046946650673726227 0.00383643196385052 0.0025313533071606997 -0.00025117133832728807 0.0008134445633109673 0.008095647665489232 -0.014375807939262589 -0.002524435076800583 0.001089719231728105 -0.002276535228007287 0.009128851372290121 -0.022125741774162513 
0.9978991127575044 -0.005054924745493124 -0.001927634313755256 -0.0011749370708210862 0.014100290530571323 -0.0005785372555133208 0.01113674263996243 -0.007975719063437728 0.004562883671997336 -0.0015162123563240296 -0.02140183044764866 0.007112299208709355 0.0019286387568746893 -0.00018520403422037004 0.02444786334672056 -0.013139023853798365 0.0015148928762051448 -0.0014058385816660395 -0.0015107788574845122 0.013345691733225615 -0.0038410898957504554 
0.983391275023681 -0.006765653973732816 -0.0032111507363726238 -0.007019955923222384 -0.0030132254758657145 0.004870806716211255 -7.721868137228239e-05 -0.0039009174342074155 -0.005263262247569015 -0.009179471357814563 0.013986273452143063 -0.011648144699867918 -0.009379860575880604 0.0037782397189425085 0.00689017955746297 -0.0005181566283114127 0.005117558026289113 -0.009686404119228487 -0.0016598211430632343 0.000876371509207127 0.00023808320971148287 
1.0005273761845677 -0.0027194247622959167 0.0004080102985444154 0.0066124078685768795 0.0024745925585245667 -0.0026695313269890597 0.012321808971936703 -0.016639812735439664 -0.019736311686651603 -0.0025088173399017396 0.007674085140706796 -0.014371327804536522 -0.017737238697146586 0.012333400357493267 0.008773946558899714 0.003715365665006833 -0.0035840539827640522 0.019146909461336487 -0.012720584544880049 -0.015104379235657571 -0.005231621811325217 
0.9618385812016615 -0.0009889493054783653 -0.00853862132644121 0.012000680860995608 -0.013114870616762 0.00224372044143849 -0.008597243348017439 0.006544501643931382 -0.0013134898249160681 -0.0009662339010267685 -0.0024142554834144913 -0.00508260934054138 -0.0104795252095239 -0.023527772565024346 -0.005064827071095114 -0.0026172260843618524 -0.013098442065057432 0.003187159935472105 -0.0033670731476112136 -0.012185063194066424 0.0116662247765617 
1.0036874736214294 -0.007501574792274287 -0.010429795133633221 -0.014636416982123724 -0.007118376262581065 0.005555293060927381 -0.001744378465209326 0.004598676404947237 -0.013013895887794327 0.0007664102303707187 1.3980095806235368e-05 -0.004366985065339753 -0.005696114311041521 0.010728856167838006 -0.005869372063276075 -0.007310359354986339 0.013375036970741685 -0.00022139013448528697 0.00946939793727118 0.005665092530949722 0.0012058028615401669 
0.9528680678619029 -0.016995894561057802 0.00941261231726241 0.003569475871486298 -0.0013005607909467346 -0.015535916808284716 -0.002097419155425839 -0.011899265844756868 -0.0013574520702724945 -0.002439307252543529 -0.011262025213991046 0.007562057020092153 0.0024838487229930585 -0.00747756336522801 -0.01175005585257305 0.017526590714055507 0.013684921164830607 -0.02785208136418864 -0.020171282985774367 0.005719330689181612 0.007846364060583604 
1.013758335499091 -0.00035580677114071364 -0.004309095221424981 0.00043419218620726485 -0.002961949280542456 -0.0013646294742338733 0.002488449863229818 -0.010117295115958101 -0.022571534840129335 -0.011870467837352468 0.0022443585763846923 0.005239115050456235 0.00795932267252265 0.0002909855787441557 0.004293135527632312 0.0007633709020069253 -0.006224763829943699 -0.0018065409368451415 0.02036980626481556 0.0006127428536181403 -0.00020754131693948344 
0.9888184481319388 0.01442141419289531 0.005844487723635001 -0.006668681005055652 -0.009546975472643642 -0.00918575497438659 -0.008349777314980572 -0.013097236571195688 0.007802051760361813 0.0048814161884504995 -0.006824087012804265 0.003593890165014949 0.01757356120106178 0.006080160382911259 -0.00890295366652875 0.016723238773782553 -0.002852597060145435 0.002397868514374147 0.002089654039757683 -0.01161809495430105 -0.0029796655840576797 
0.9958246875977029 -0.010320960449647752 -0.012632789566466811 0.0028722613409033443 -0.0008385061103046039 -0.006368549922141857 -0.011795506962165574 -0.005116281803230249 -0.001414979962697234 -0.009940071425860954 0.018533212226124997 0.0017171915350688621 0.009021409257643824 0.006035820426604336 -0.014062190764549596 0.009450244447391842 -0.008692380033280407 -0.013678790221226514 -0.005145124760587037 -0.008897239524634289 0.003860651617411957 
1.001316872675478 -0.0004683995371300399 0.008823941448721163 -0.008405034964959401 0.002468327225096229 -0.009378942725879873 -0.0058097591414807605 0.011296166746605251 0.0037709767550801404 0.01870442705643466 -0.004874310316633209 0.0015050059635251956 0.01636754070068533 0.006279171369698489 -0.0011268684466341494 -0.014911228356693852 0.008247425078573279 0.008700817922285263 -0.004092423363935919 0.0021449595961103374 -0.0063328461267721375 
0.9826844274286789 -0.0010009101881104214 -0.005853964840549992 -0.0017710122530507928 0.010184622166590504 -0.002324045611975999 0.0030398154156744826 -0.028589765412392953 -0.00214643283056801 -0.012553414680022572 -0.0026917319468025953 0.01781049000583825 -0.012543523848191827 -0.012317180199718891 0.0041115663890843755 -0.004871264490832661 -0.00957003348986458 -0.008135015343040022 -0.002155363028558539 -0.01911444276732722 0.007033353723878532 
0.9856578672163689 0.015129578295238283 -0.0008229648618031746 -0.00864394333874816 -0.01430180161647472 -0.0020188829081953076 0.0019576137823143955 0.015690893479243496 -0.003616300736193183 0.0008994036409704133 0.012106816635249339 -0.00117518793244183 0.0012372225716567758 -0.006783277650824913 -0.008583951654445069 0.004116531901526597 0.011230082443232717 0.0007772670393523034 -0.00492617026738313 -0.015409475598359755 0.003989222011974345 
1.0304693869776334 -0.006205088968737299 0.0001305645644715939 -0.008828620961441153 -0.0048781971542666705 -0.004185015971459403 0.022430496523130432 0.01827855547978983 -0.0009955096565262887 0.010225133421971812 -0.0036040666280723727 0.025016382638688817 0.009859170148463492 0.024008461767088478 0.004977532414558324 0.003186746667432803 -0.0001725494557373763 0.012420762189874729 0.02302954860108131 -0.012188657961520792 -0.006114450842011169 
1.0545387600968166 0.0040674770511548355 0.014725410682889817 -0.0028166285027717386 0.004000861362954785 0.008340060540098362 0.011023064561292777 0.012304983907425219 -4.10391238238884e-05 -0.0012331101182004784 0.006727707397613052 0.010620257113763942 -0.005681231700185503 0.0026133666621872796 0.003619776818840611 -0.015295529288748505 0.003394412100311748 -0.001276463599104354 -0.00026453157147354875 0.011585447872987709 0.011665478866899025 
1.0361310931869965 -0.0016479995779645346 -0.002191565432257696 0.003937311135086226 -0.0049869333076816595 -0.0029925684605932273 -0.003735609079228697 -0.009073920497498333 -0.006909249530361854 -0.014809460453419337 0.015824500801223038 0.004067891526093888 -0.006250658827232271 -0.005884687956731954 -0.0070273866723297995 -0.012210418625651562 0.017118530643218582 0.0062901378816157105 0.017237666302855493 -0.010859880691340694 -0.008234071067645015 
0.9901734871288671 -0.009355399238639473 0.015363081533068507 0.003038850969102322 -0.00570330959630593 0.005712369847144059 0.0019903731318858466 -0.004730488957611475 -0.0071786120579050705 0.013600809455497955 -0.008026866394651873 0.005288063808760908 -0.022416137434596254 0.0009366899076168819 -0.0010955012271712606 0.016310343746539925 -0.0211292431638036 -0.003075656897951047 0.015789361256413652 0.004732600586990956 -0.007469737937455023 
1.0033380051540772 0.012075808819091824 -0.016085372307459874 -0.020059758083176244 -0.016507746264582884 -0.0014201555385668285 0.0010862655010451523 -0.014245640953743855 0.0046665238854508625 0.009355661553906153 -0.001893572732622017 -0.002764217883441412 0.003622550770462832 0.014601995597832334 -0.013261500144368464 -0.018795648443321593 0.008115845606303372 0.020382164884696536 -0.007375302811649069 0.008463625437659104 0.01831846044664852 
1.0225596091680969 0.0016858352859337527 0.006906350851114829 0.003986939940450883 0.00024807865091080203 -0.010633562482626384 0.012161494823397128 -0.013143420849847114 -0.000784723376603627 -0.013308379079236838 0.009161660483965202 0.004029531105216776 -0.0004559139416438906 -0.01768572815111556 -0.00017873681026578457 0.0037964946751879902 0.007148898152253886 0.01090292286878199 0.009817051211057923 -0.010717449601135092 0.0028017122300326536 
0.9780328129986352 0.003871941915123245 -0.004330007247404017 -0.007135194884947262 -0.0008717462280383183 0.0037576686654670274 0.005939855812781194 0.0012933084240447123 -0.008745622253233654 0.00026674415790870284 0.010654782948938232 -0.00422840417190135 0.0019276334341286248 -0.008285218163304426 -0.0102260615713991 -0.017961881177655046 0.0023490658069823213 -0.014105036593675919 0.0026950475952052127 -0.012263864858185605 -0.0005850306135288531 
0.9521484661127837 -0.004739350495743511 0.001835815361587234 -0.0037061391926384545 -0.0034133196424581086 0.004381397136110292 4.238541629350533e-05 0.0017827478592653317 -0.00583489587873004 0.004298827957862867 -0.012747346192649108 -0.0174475130905518 -0.000355062207114802 -0.013920614914152828 -0.0006373529250494464 -0.0046181740145189 0.004749919426626432 -0.02724475096529889 0.02060451112868904 0.0027653867288671813 0.011422103556811912 
1.0036829437748356 -0.00869402273531063 -0.01122131179378087 0.015790604308626104 0.01466326289054628 0.003375655915527633 -0.020693710369758186 -0.0009432941993586324 -0.00901358072952591 0.0013350278029205984 0.0039194088474214656 -0.0043669204940000724 -0.0033911289752248707 0.0007823157735922857 0.010561163764950723 0.021546217369306033 -0.019041798713641415 -0.009456473822882196 -0.01565718811285085 -0.00047635789751563165 0.0021826749534350006 
