column1 column2 column3 column4 column5 column6 column7 column8 column9 column10 column11 column12 column13 column14 column15 column16 column17 column18 column19 column20 column21 
1.0216215996682396 0.0010595340827821557 0.008281597139425926 -0.016020826922216385 -0.005049091669827624 0.010385170449927976 -0.0026802548420426847 0.0106513123061656 -0.004655509639728309 -0.014575915326157656 0.01463606590345823 0.010715550955363109 0.005909349727717567 0.001985236407050222 0.00833103873360573 -0.022324268076197144 -0.00017510890422773112 -0.00010022709966806898 -0.012646179047373838 -0.012624866809634061 0.010967786659158122 
0.9985138165811405 -0.025458996480270196 0.003730526690740783 0.000695566194019968 0.0026186576221452667 0.00342734941157755 -0.006161815967703312 -0.004559484721864557 0.0040456239656073475 0.01051390690261741 -0.008291362537413176 0.011359773483734424 0.0073235105589058045 0.02097559806811872 0.0024049643213779033 0.0027279691561932283 0.0033786272295031872 -0.013467488974695139 -0.007439471669317127 0.007808018028320849 0.005642337110290861 
1.0125881872662215 0.0031180267870425595 0.009756718493351914 -0.0024462153231488122 0.004227316826617155 -0.007271155055011979 -0.0031473138776674783 0.0030372722668490157 -0.006065878288249769 0.0004851117562363243 0.016220339370859645 -0.009511273428201013 -0.0004685914562931582 0.003007887167331284 0.003229202245111335 -0.016463429735804534 0.01074676235766588 0.0020363616603918345 -0.007830948566162295 0.007137769121853892 0.0025624608031325543 
0.984216423318313 0.006804130895267836 -0.002961084293181787 0.01700198803261413 -0.008088886129766848 -0.019509389104027216 0.016604746167109753 -0.001240490097998877 0.0017296259464846292 -0.019469684745053683 -0.0012444955179058425 -0.002037929645799726 -0.0009664272161766692 0.018107696950471847 0.01615995435000361 -0.01134993582598304 0.00723130524229493 -0.0012576290950678665 -0.0044485660411758285 0.011974170618494234 -0.0064585172782914025 
0.9814967428902711 0.010309644897576685 -0.009805429450252418 0.009471329765758318 0.004155816284264506 0.0024611272151699695 0.00255540346098974 -0.010530755196221165 0.008433303264508304 -0.00498699150760395 -0.004016423945958626 -0.007457340081631541 -0.01713424537417114 0.017469961887355414 -0.00339466499711322 0.00014900716709623292 8.561435253522867e-05 -0.008237624188194652 -0.0019977750952946153 -0.011116844209304911 0.016133020672723916 
0.9856912940701049 0.0044543422206667705 -0.011133625241115828 -0.000861635011510748 -0.0273058737723288 -0.0020326800704434157 0.019343271027204633 0.0062190669005761905 0.003963892345037617 0.01000116720557129 -0.00966713599411011 -0.022746253111218508 -0.003482526185509803 -0.012381872998029174 -0.01202887388661831 0.0058102819293767635 -0.007517323771423943 0.011886200201008204 -0.005352209390389712 0.0023021893645465163 -0.014069652366430423 
1.0868321029443768 0.008843904086949376 -0.0025411079029750323 -0.0016693931628965868 -0.004480896631792454 0.01118351664920343 0.023569172571455743 0.0048290870843172625 0.008465753550206264 0.0008079251224497307 0.012071644170343336 -0.0083879558895632 0.003953548553679497 0.0197048995150917 0.009547859494060045 -0.007593208136699027 -0.014594844510567915 0.015448071952718596 -0.005487519373414272 -0.0035576517838356676 0.0012614419745932976 
0.9774872118955111 -0.001528178904421969 -0.010073242770873092 -0.004590264502811037 0.005196093324800286 -0.006129960040534098 0.01300356731381092 -0.0021532436403874956 -0.005436715169901515 0.0028566252084693705 -8.199515486993535e-05 -0.0037382668530697005 0.017823011600115773 -0.011175313630690813 -0.0010062058332847993 0.003373032064267079 0.009388229266937427 0.00036346329029528007 0.002323196127384665 0.003654233387859911 -0.007288185267878584 
0.9885493427406923 0.013516163496349655 0.0038529750245674572 0.01680117516263184 -0.020666728946358792 -0.007326088444474133 0.007056706586778029 -0.015030853063520517 0.01641115425458191 0.0025344711052129576 -0.0014930158807288066 -0.007867547399626569 -0.0006538486553884415 0.0007101382532530952 0.0119483499678425 0.007509307844893551 0.0007765778180110229 -0.007879995443832001 -0.020074380407240314 -0.006345136561317319 -0.0058752282565451685 
1.0358234881089021 -0.004174504806902657 0.003157562523092481 0.007887656945829168 -0.005953328920941907 0.02045785924499275 0.009643457694600429 -0.004779500993269127 -0.0011833143902140683 -0.00022219907277220183 0.007041485454716017 -0.0028672096427590477 0.007518140746249695 -0.0032833067595525 -0.010235749246564679 0.013312054163889517 0.0031851800075548826 -0.0036755230956551166 -0.018120948331619348 0.019804919720547397 -0.0026891362441500578 
1.045771048312736 0.0035269416772559887 0.015645338014985265 0.004455363757106945 -0.0014193494189930678 0.0020904800476811386 0.014090204477091988 0.020162148412234963 -0.011021872947303293 -0.004866872079553127 0.006987786493256238 0.007446916923514886 -0.00392524245745538 -0.005709608651252632 0.0021754029239748076 -0.01965754014558881 -0.003909202243687569 0.0028626065644120737 0.006196489012536032 -0.004991449635882763 -0.011960455120956072 
0.9919370051852444 -0.01743292827818688 0.0017194397012180432 -0.0024500323681058457 -0.005996374132702335 0.011595858803571887 0.0037180462068780824 -0.001793944611944543 -0.011358662839067736 -0.009577413758150431 0.007499054903036082 -0.0009031098783017187 -0.004326514900260194 0.0007978120869030948 -0.0002671344673342931 -0.0031988459208854196 -0.003405504793710565 0.006070654431325471 -0.0062005803993203925 -0.005765149192541962 0.00936391959884351 
1.000507466642664 0.006547535967561055 0.01465927622567683 -0.02629816398793293 -0.007359319534427101 -0.0046238010125826965 0.00775260162779892 0.005738123611092384 0.00890926463071921 -0.020363888038916707 -0.008399990278235661 -0.006764958612204743 0.0023767265680563606 0.0076975667460754595 0.0017090105143964059 0.001954874903137715 0.004884868558670865 -0.005066856934003521 0.0015054844823081913 -0.0007132036733850332 -0.01067663727186911 
0.980738414935241 -0.001013070775539706 0.008069538682480764 0.018383069130557633 0.006899621871033171 -0.005967542049960808 0.0026095197072735954 -0.014747104294099849 0.009111833669850229 0.007849705283501113 0.006811574619727747 -0.013354263479589288 -0.012371242279892468 -0.006050533446757741 -0.008746264624186258 8.922521118265935e-05 -0.004553972651231259 -0.008164835040937336 -0.0071583209738584385 -0.01572554790537355 -0.015393238323314585 
0.9734952675213787 -0.0017800484632999043 0.012174632234280797 0.003337857651588009 0.012759296317517302 -0.008963269306019369 -0.007206885159359474 -0.006782748546030919 0.006802125109231999 0.003898498966988113 -0.014309287489780186 0.009101222345904153 -0.020315251898050227 -0.008830209458403298 -0.004626459996422611 0.010985027690645277 0.006974065616984967 -0.013386456720984074 -0.0059298406172301225 0.01611570688613236 0.00823954549179594 
0.9682117300838602 0.00880706493921098 -0.009751571563301848 0.011436629080190053 0.0028397201642147585 -0.0059396137021780005 0.0048242877455185245 -0.011153667617998894 0.005868781532222558 0.01129395058843907 0.0008467452949305114 -0.005643176647632896 0.0031469534071731464 -0.002277008820080917 -0.019447590435636514 -0.016069370694826727 0.010288416401917777 -0.02225566852977518 0.0049805615390043296 -0.005928100143569301 -0.00413676301059739 
1.0267145506488413 0.007869861755698785 0.004312652216302829 -0.0031719692386614692 0.0031256030860500384 -0.012060436999886048 -0.00819758293135578 0.016259767874898075 -0.007370278418677788 0.0003550542664319683 0.005933766533563359 0.00948546773535799 0.013699964416814297 0.002749571429469527 0.00040274424335562403 -0.004873866426912383 -0.0018347199016240528 -0.011467905767121056 0.008470627876375066 0.01600956937936671 -0.005268593558435318 
1.044131341045199 0.01008036501992093 0.019957680121457468 0.0013001192318381242 0.008641385592186896 0.018353346824783498 -0.01792445797225633 0.0032592698378304066 -0.0039847532208393465 -0.01391120419681738 0.015150573943026888 -0.0010787997459271485 0.005850997574937882 -0.0025199953162243923 -0.008894557230622104 -0.004279539007494052 0.004596728992366991 0.004629900034734161 0.0004947857623657968 0.0037313923613150374 -0.01741789627970883 
1.0064621874229318 0.009782679553805362 -0.010064972379138773 -0.011364649408546304 0.0063622475947021145 -0.011601357270527942 -0.0014602369552223185 1.7832937533695217e-05 -0.0030861800131432595 0.013178546330201199 0.0029368622940032165 -0.008199338376367634 -0.0029365933639294755 -0.0018572884538495043 0.006497985416004321 -0.01013134134411536 0.008976050273374751 -0.0035419820551209 -0.0031252722144485584 0.012282148686937028 0.006592645903981691 
0.9544672335385325 -0.0017066465851846935 -0.005599610001871217 0.003751177479804885 0.012951624774387467 0.004932708983733201 -0.0004336137712685267 -0.011045520819128197 -0.0059023012866041185 -0.021734741418933657 -0.000918476398523012 0.00018982979760594966 -0.0030559581124512307 -0.0029430459960576964 0.006435400818974095 0.005047222279270207 -0.004474296151606897 -0.0035522189385904152 0.012661158613523623 -0.011797473633048434 -0.0003115451759760804 
0.9969714469756137 0.009755030433214226 -0.006355854752704793 -0.004467280225895531 -0.004129674480176575 -0.0014476108363431347 0.013068373554855857 0.005578381824409283 0.010207770321878466 -0.003999197877087437 0.003922148771844694 -0.011212932721926598 -0.02304397124044884 -0.005432345500319603 -0.0031298262495307733 -0.005705179956067432 0.01685049024934301 0.005782454591903117 0.009744187250025259 0.00879635303880804 -0.005049800960149548 
1.0491051256522885 -0.003449157021984411 0.004131049326295771 0.0034164216148810417 -0.014327113172758874 0.014293534849454914 -0.0024141666243430344 0.0025980925400458203 -0.021476179845111694 0.007467305698136849 0.0030692465492588032 0.001569213507190988 -0.000621305957279123 0.016226192335883745 0.0323129792489638 -0.0009390154101468692 -0.008646479336619755 -0.004999563231743805 0.009125276042676142 0.0039782911156079435 0.0019565454156387162 
0.9782404893849431 -0.0009133238456389088 -0.007485796697516766 0.013741118337766388 -0.01582661029162001 -0.001848874736712548 0.013705189790604604 0.0027161027692468366 -0.007647873105139551 0.005561272037313278 -0.016541344191955302 -0.022470062405797152 -0.01427670874701653 0.009960702676688967 0.011417616333671712 0.01141590099876534 0.014936015030281021 -0.010695643770809773 0.0045384259927925856 0.00619875615731811 -0.007950888672682389 
0.984246126046743 -0.013108722477358937 -0.0024791156973337706 -0.010046755265588393 0.01129582855032368 -0.00519785367890925 3.7586594341825366e-06 -0.00440773843080319 0.022215429638582883 0.012233453374697547 -0.00924441314007786 0.0048088562749990784 0.0043705155535999456 -0.010422391366794048 -0.003886565629649709 0.0037648277420497325 0.0020767574288143974 0.007792399906117925 0.0248999166964644 -0.0003341757170606976 -0.016674932649728254 
1.0436201698176453 -0.008292809025013299 -0.0013418550071510646 -0.001893707413771076 0.0028119315698579843 0.011873463907867404 -0.007953083502719505 0.007053436110921232 -0.00017065576929116113 0.0035038144238753975 0.0048215890093483964 0.009410721951356995 0.020341276937088516 0.0018318313788056651 0.007882836262393623 -0.009160015638236364 -0.007683821255712942 0.021654596812409124 -0.01243875441550485 -0.00654307457534946 -0.01589269158308253 
1.0122638645250084 0.015949332071058486 -0.014616338710372044 -0.0020477145103317607 -0.005095987719166051 0.0040808728077531475 -0.009636210953302127 0.0011974850331395032 -0.026490929859555746 0.004389717081664128 -0.005986030446244659 0.009521894057494807 0.006374270436449789 -0.00045425861043732935 -0.004577211483324838 0.006222911578892049 -0.016211826584426846 -0.010172717695505689 0.023556940811754967 -0.015741383805185458 0.009847545751116222 
1.0133989808931143 0.008653746667822738 0.009792183451501082 0.014078342173518395 -0.0037151582056422173 0.004032078683664616 -0.018504355791305542 -0.004422856758336499 -0.010129626244827827 0.021888077800141934 0.004506309961906389 0.0020720460602743573 0.0018920391387997038 -0.0026215142204215718 -0.014007425755785377 0.020219688913567412 0.027446001200302807 -0.019339676222056512 0.0007691174866227313 -0.0024951825962878193 -0.008621522194612192 
0.9701061734017458 0.012832111577267281 0.005870184852559084 0.00821453684245864 0.0018991993173473423 -0.025738758199175052 0.0040124850268215394 -0.02227730505140642 0.008757630709218268 0.010636797034213585 -0.018433286913218282 -0.01357179065762892 0.007442025857766503 0.000495717118412085 -0.00670197225935874 -0.023781806024816943 -0.00249449283047821 0.015784369833083494 -0.0022917482115712615 0.012622394032550874 -0.005638034172079441 
0.9768119618758433 -0.004239582057064986 -0.01149393800925993 -0.00937165290082348 0.007153042977644504 -0.008218331102370495 -0.009023137318691239 0.012342404793459421 0.010069429606680655 0.015051467122497006 -0.0019279589145200877 -0.00758046988799008 -0.016060086881784733 -0.0014218388026244215 0.007795323453559662 0.004984280187340271 -0.014801986810582528 0.003229286030746829 0.01645433302716563 0.008632773527132114 -0.0007720191136421867 
0.9262609207243084 -0.015489497281634958 -0.004186493434640187 0.0001826289212478454 -0.005107131515318304 -0.0006931077435354325 0.019280886484219512 -0.01484721383626725 -0.001861164822215837 -0.010159353601153616 -0.00989590334066626 -0.009691523513159142 0.0025769707419954296 -0.017350738249566615 -0.009643909761431969 0.01596976336372037 -0.0080368850907771 -0.009033844328023247 0.0036456046307480204 0.0042156940296060015 0.0002302045089164134 
1.0034949589689848 0.0037252966204678406 0.004695316807971254 0.0040185446335944544 0.004078362692573717 -0.013583060335523617 -0.007323506203469216 0.012227136698563413 0.0038550212467396857 -0.012032809953308852 0.00447879392628258 0.00014519110463158923 0.001462693102253845 0.023128713877913126 -0.010085516880775278 -0.0014963518702451278 0.0038077219096834605 -0.01322118334419431 0.005210800796173399 -0.013660924021911179 0.008305490237990957 
1.014994699631603 0.014613740874306433 0.002712020863030945 0.0007811079972379091 -0.009466595838472319 0.000625635135767243 0.008273444179530121 -0.004662427682667943 0.0007235089841098858 -0.0022449611490956947 -0.00837556386489553 0.005421445853228162 0.020659551264938843 -0.008982539209274882 0.007332014514406856 0.004870386376336995 0.011275945472685256 0.004134987308491573 0.004138641509249802 0.003200160980976331 0.006106137703625241 
1.013494234643507 0.004503706623482433 -0.011970253698513893 0.018069196007164567 0.0038051228975686984 0.007759081462775194 0.024943619648575447 -0.0010306313570081177 -0.006558307020630922 -0.010549650969626803 -0.01670432098507792 -0.003329828661329163 0.0007591147145377311 0.004135739460555318 -0.005807995698719419 0.0020547879817390045 0.010018081350895013 0.006073947801005147 -0.00712409915776569 -0.005829717970883253 0.029335881033497917 
1.0344467776788546 -0.02128388968137865 0.006875986655532966 0.0003058320595159424 -0.00658154716393679 0.010376962064091945 0.00113122316038172 0.003320204099880268 0.007374629298254436 0.012122489336753086 0.00729514957147321 -0.006366486206052845 -0.0025573940583567428 0.004564535684911114 0.009752173933928977 -0.012647345403557646 0.016111635303408037 0.014823772733691197 0.006218993309086162 0.010123457607732606 0.0019573468961701186 
1.0557808534359725 0.014076801847017631 0.004531548669164092 0.005643056061664901 0.014194190465901441 -0.0017172293556708533 0.02399497575985509 -0.004007173884617601 -0.007582243419057492 -0.0008240944015983916 0.0036593614551121557 8.018636691870817e-05 0.008141789814293634 0.017833833755150685 -0.001642977965725152 -0.004998597288734996 -0.0072177879484019705 0.007990805202202656 0.01679817654738685 -0.01173732420105956 -0.005484206143369389 
0.9689273413474526 0.0035231066566699695 -0.007359516512581567 0.0016161113290026367 0.0024550403676706902 -0.007318620773341741 -0.01340898315241454 -0.002132105298040656 -0.01083919101370909 -0.005077040595167736 0.006621314301363416 -0.006089840896362429 -0.008022868824315172 -0.00926479829044269 0.011490431181521894 -0.006751140882423491 -0.007308851859523934 0.005243835025300086 -0.0067471716759095295 0.00032336853875835757 -0.014931940128854071 
0.9847646208091222 0.0012939424470096142 -0.004085380363022887 0.02130328197749403 0.010232522596281424 -0.01557091674822252 -0.0019255801717498458 0.002129279711758387 0.008238454741207765 -0.012494715524801149 -0.008802380209600202 0.021520374474226122 0.009457036133019694 0.0025684978533837906 -0.007418280098228897 -0.003263139559462206 -0.003415142101500718 0.0058179850281643575 -0.012387369539006961 0.003572630026074937 0.00270026022468752 
0.9381174016684284 0.0020651949836356124 0.002048808590785986 -0.008573715215660267 0.00018179421923612428 -0.00033769040773417496 -0.008860538996666178 -0.025384238521150453 -0.0023094877045817526 0.01006060425013221 -0.005069429157794657 -0.01874653628040159 0.017116087040443234 0.0021165043720401365 -0.0031713662920026175 0.03204335291943635 -0.006683420501335122 -0.016620211670788018 0.010478142620194673 -0.0009046411828840482 -0.004475622169629247 
0.967699185693702 -0.0011336277123131576 0.013457731454660905 -0.013947717346878708 -0.0036963049255888105 0.0019009820498135889 -0.001326469474962426 0.0022028772633942754 0.002434598905368897 -0.009743232349302692 -0.01575114424925839 -0.006871189748968094 0.003086202246175622 -0.0030797203869843675 0.010435078137885813 -0.004798945039449589 0.002403838445440015 0.006303601491812792 -0.0003387368637517618 0.011031309364297455 -0.004558512741194189 
0.963220658493008 0.006694737997433535 0.00772597083389583 -0.0015064876896630152 0.0006919901223385498 0.007254711555258686 -0.02032788722320566 0.0020737538009147297 -0.0035232674421230886 0.003654672749995775 -0.0030616070371507994 -0.0010471903673795174 -0.0032831217627006305 -0.015414103512239114 0.00982471519148019 0.008783880286587234 -0.008683878721127494 -0.008810850136034295 0.010644896736846108 0.004343587449020462 0.000841649707504646 
0.9817600526827883 -0.007169217616885804 -0.001160877399802154 -0.008192443303138938 0.0023233187381039113 -0.01055110061166468 -0.018319523817026395 0.020802018186679115 0.004132385031894292 0.017730284146417148 0.004695302403752994 0.0018839897260185248 0.013238949810271603 -0.014920980378827695 -0.009765080128166239 0.007717836422326443 -0.0014669843946788657 -0.013850032558920828 0.011620926194376336 -0.004926218266936369 -0.0020930933219871347 
1.0172948940302267 0.0072606722474694635 0.0007353577220896766 -0.0010536257975633854 0.007065892569820303 -0.011739818155233972 0.010852458218651445 0.0027240559578325728 0.005357724501407997 0.0028258159984108676 0.0005771560724909468 -0.010090878628199292 0.006943484191749203 0.01284303046198071 0.001943059718616254 0.002677147271062088 0.005939511020956777 -0.00043942956560212565 -0.004741119855893065 0.0008497175765277998 -0.003794016502051685 
1.000783097488965 0.0098580816435933 0.018068337015525 -0.0013941885701790678 0.004357363234041583 -0.0017899246217909783 -0.001846881762597883 -0.01493076577852102 -0.0017808123047430967 0.00016934438668037986 0.005092390526143963 0.011963693989632708 0.0026616315983532916 0.0005107402319542707 -0.007473591584715476 0.0051425084027989214 0.0010279588535366377 -0.010991540358179466 -0.013720981465767624 0.0029527740732666523 0.012311334056948928 
0.9682652058233521 -0.008907011050609209 -0.015099837149050823 -0.01286862770748172 0.002794648614734547 0.015021345414640197 0.012655932691303813 0.0023739555544775724 -0.005966820674684827 -0.0058635739165302505 -0.0060021779407138124 -0.012899054110637567 -0.011162115162291068 -0.006105741615890904 0.00538446964698661 0.003258649805413218 0.01283286944743473 -0.0032223089046412006 0.005901751547780766 0.0006412613684138908 0.015730328692572754 
0.9653709869443874 -0.00720616164018085 -0.006166545314827793 -0.005315920349327603 -0.00429406248712603 0.013307743026461991 0.00461489938061636 -0.01176906559713404 0.005907389112741681 -0.011479329190315708 0.002021957676417528 -0.012537686676946904 0.0002455198054832151 -0.005170645361553936 -0.001770580981986352 -0.005505140929573963 0.002964038863468197 -0.0020935147377863306 -0.008967681868956528 -8.953824151053706e-05 0.003510158142873163 
1.0019695413564949 0.004404350985625644 -0.01091307718243928 -0.001794949886972735 0.01134008025579196 -0.0013128796065698747 -0.011204881762431496 0.005466332734753953 -0.00755191964230889 0.010578340976331537 -0.0034346038638550327 0.009217898552178591 -0.005837013329907737 -0.005303169481802439 -0.004066296872751269 0.004199389408473956 0.0016062014254462382 0.002004298995246052 -0.007656106675720633 0.016105785920155668 0.008863919646671251 
0.9643023964912545 -0.01367385562851597 0.001936968569726186 -0.010302312808755897 -0.009619986861279559 -0.00035210526616717274 0.005190401121015729 -0.008925152268942436 -0.0059881734620584135 0.009940965359351074 -0.006206817050451439 -0.011875932117651165 0.002480676886654356 -0.016768253784609558 -0.00039262288765607166 -0.013763828259891607 0.0017205157856481947 0.010378040082560639 -0.021267479252232088 0.009960730389798497 -0.008945383955372978 
0.9764948010565593 -0.0007420884162100676 -0.015131844534396508 0.0007807870413141689 0.006780342037545076 -0.013439755783121104 -0.01554147588430911 -0.0007691487644747293 0.019483538465757403 0.0017966676449010664 0.013299571723659568 -0.003833929491849221 -0.003933323584696615 0.024080257560564738 0.0023597897027031293 -0.005054590868655152 0.0010593554043599872 -0.001974671024823903 0.020786776099118418 -0.0009369091613730798 0.009702488433058617 
0.9696515649705342 0.00401896853964523 -0.0045652110778779545 0.002765886835903911 4.932553685308031e-05 -0.012701746516799665 0.0023313913238276647 0.010565763924160889 -0.01168545057208819 -0.008797024606691312 0.015552265168228668 -0.017357275353772433 0.003185984271469831 -0.01136096455787051 0.005279604475854092 0.010057684925037861 -0.0032448982555771996 -0.007064271668252411 -0.012510713230846316 -0.009782357170442844 -0.002575978788103924 
1.0021377673561689 -0.007794957887665911 0.01912595572246013 -0.014937975686144855 0.004291343693959869 -0.009641358189628026 -0.004520550127758582 0.006664451993286803 -0.021698297273123217 0.008195741871582587 -0.0003796033107067616 -0.0024493246484315868 0.009853664162758633 -0.0010304405084568652 0.00818665812958603 -0.004164617416734836 -0.01093958914719046 -0.0105702673741791 0.01656918361268693 -0.019697290674041835 -0.01523478265462485 
0.9398464859233595 0.005499692788931321 -0.010608466732294932 -0.0052566608328380735 0.0028064887642293653 -0.01892295331804081 -0.011091824306337839 -0.005162696065503632 0.015839722010400945 -0.006844829533405281 0.004764088095342001 -0.01064664807231173 -0.014876288372095052 0.006886846935343036 0.0016334840206154043 -0.006096471602635917 0.00358274081715427 -0.004493435741616897 0.012689342038533488 -0.006624245167010429 -0.013365846898309877 
1.002438648085859 0.0059732929057121995 0.011247099016803567 -0.023459642733653665 0.01752903103534164 0.0010358793366831006 -0.0022589171535459143 0.0168616435492604 0.007381457924851999 -0.018544824615213784 -0.019570745766040225 0.002966133453724772 0.00025045081916359334 -0.004235172608298228 -0.006810872438979836 0.017951857336362814 0.012117311618664453 -0.0025851231357539558 -0.000381402361503367 -0.002676789478502385 -0.003792738775411804 
0.9441171591137072 0.0001796526400889897 -0.011159682157520556 -0.002113254095065316 0.01176888382461956 -0.013076951766015279 -0.007687488773774148 -0.0022700005466405565 0.004928283241994288 0.005920476344121932 0.004627469594593205 -0.004001753763476401 0.002834336226575699 -0.021004390488124285 -0.0008853212078141903 0.013859149702893219 0.005372395399584124 -0.004451441109071724 0.011727868763205935 -0.0014971667307844046 0.023547728880029976 
1.0382463141027736 0.023678134039863782 0.007325894145860635 -0.0039012587423294517 0.006244670156257355 -0.0034306055344838237 7.113899694801117e-05 -0.004951185133925047 -0.005584128605687189 -0.006988605200799053 0.0021526520219649578 0.0082394908997487 0.008714615623206858 0.004475497387608017 0.009087197719909176 -0.010671155196125149 -0.007003591329740204 -0.0005513286569992027 0.00594010463298303 -0.014777430381927454 -0.0008714942275670728 
0.951973442335241 -0.0205584251498113 -0.005442685762256777 0.0003707535811060401 0.005092737591462453 -0.0022766606009864006 0.009480912033590779 -0.0012843724355544365 -0.009735043941767853 -0.004593989291664677 -0.005225482624774338 -0.005469553163482007 -0.018213608035230266 -0.005457984907765448 0.012483874677586373 0.00488180383183714 -0.012540279141423057 -0.004124788975219959 -0.009962192343658572 0.008513993480085498 0.0003794641680698968 
0.9743803455017026 -0.0021064262209880987 0.010425258937316191 0.0018471616922508887 -0.012283026609350106 -0.004205539186427299 -0.00012933578696681786 0.005333009778883226 -0.012559706279595833 -0.017286557241240504 0.00021154549217007417 0.005036181503418687 0.012642443022525299 -0.00533680257481629 0.014063200380171488 -0.010426322161801536 0.005166888069904737 -0.008187380708139827 0.001801865988903421 -0.003930398849670804 0.0164543513040045 
1.0108120624112773 0.004386958016427543 -0.014619818698103023 -0.015473374923784713 -0.019552610333727453 0.02006278975075217 -0.010781114671757101 0.009011699026077843 -0.0116867472676869 -0.005779062515570013 0.0009550999555053933 0.002528541255286505 0.010977384755993897 0.01029325069098064 -0.006131939039751069 0.0046528838734689005 0.0074764393002772845 -0.00300618990683515 -0.01069937407719223 0.006280656841291485 0.0016574373296974624 
0.995824574873907 0.0068033830377193395 0.0037971141780332326 -0.006999425345597597 -0.004887132287349121 0.0009653574849388148 -0.006302737533024897 -0.008619623740253374 0.01382904162435253 0.013565468781504955 -0.0030621566036901455 0.010117678451260926 -0.016244457324926388 -0.0037189783961883993 -0.0006931431789205703 -0.00869753697247919 0.00816142075735891 -0.00041562999793056716 -0.004350007826452349 0.014168820481951656 -0.004047229671066695 
1.0989604928578287 0.018823503353108065 0.014291125028264986 0.009657419864668206 0.00552424858466046 0.0072247808945841265 -0.001935427970735227 -0.013881569473060403 0.0029511250798200084 0.021684777559070688 -0.006114022263769688 0.008837310288071337 -0.008097595250396937 0.008020610992381931 -0.008062815762104934 0.001740304538952377 0.01187268154653808 0.03169449917012485 0.005286589372226076 -0.009309428479631312 -0.007164063029409818 
1.0801319751774996 -0.0002524845086122202 -0.0005924763291879786 -0.004104379459541888 0.004847414383823707 0.013835564392588673 0.005530794918202349 0.00742767162735429 -0.003663963720096009 0.007432656025053392 0.0160283559286138 0.0040832574291631745 -0.002345494898341882 0.01014754874038958 0.013098190349349365 -0.012196090509150298 -0.007591184960959272 0.010846741044296062 -0.014625521763325456 0.016953044848985823 -0.012007698358309941 
1.0480596018131767 0.014692229740851047 0.001892615138689224 -0.0171258295044374 0.0012417780913344 -0.009597694010796949 0.010272856053209241 0.0014433796987525173 0.0020776359756338554 0.006310309261931202 0.023880936537631754 0.006014455406975189 0.0046802115145175485 0.00293079080533656 0.0028681622826964093 0.007642610519266029 0.010007003642551488 0.009643936907053926 0.019634296615874066 0.007617774502517882 0.02060694970389774 
0.9876167130988481 -0.0009481366669709166 -0.0016940645603180943 0.006161903197249222 0.016175681419839796 -0.017830562747803546 -0.004112085080711025 -0.007535491931850951 0.015784021019973372 -0.006707357569317605 -0.006149666642700017 0.005069835886837775 0.002047132887166158 0.008960499139810455 -0.0004127543190873463 0.0016382552609850826 0.03205587001893438 0.003250779325729942 0.011603927647046248 -0.007378529563545448 -0.0004104628374024611 
1.0337369592747514 0.004208781122840713 0.004598734916910062 -0.009936097274389166 0.003535773414883668 0.009477788784648479 0.013498864632433669 -0.00080167547280511 -0.0114653506556714 0.012678539484238199 -0.011739523486402509 0.009980024268138111 0.01232803704482285 -0.0014556768633735776 0.01068702995143696 -0.003291065349142841 -0.021144624683022913 0.0032313806602406814 -0.01051897449401615 0.006159860264911505 -0.023100904250822677 
0.9632498322588684 0.011598809865002328 -0.011486653905970187 -0.03264279257675818 0.0021394902331005636 -0.0022943353031187877 -0.010407093845141326 0.004826417342199388 0.013851309117118973 0.0004941371890012031 0.008866719997667968 -0.007091153085474181 0.009338167960611444 -0.02250591852499047 0.005123920076073354 -0.0029702157194825395 0.011957097518479249 -0.006484161820586657 0.02751311831733111 0.0027938172023475845 -0.008785522926248191 
1.0332610046684452 -0.019396825016838856 0.0033027146260121393 -0.010876711202954406 0.001192150471037229 0.00030754864981641193 -0.009683897341346092 0.005965290563269269 -0.007938969108977975 0.019844343495954035 0.0090618017332642 0.017648799785606097 0.009872270266364561 0.0053390426231768795 0.004966059564806606 -0.001305646661292687 0.010874615492176854 -0.003170295889715027 0.009113995304409192 -0.014113398125400871 0.0059777902867478565 
1.011904222870805 0.005450463024951649 0.00044238583208661543 0.009738977367009285 -0.0019353522096849127 -0.00026478604821520373 -0.007155899384699923 -0.008821750653574557 0.023040990530015144 -0.008435435498015875 -0.0031774378821282884 0.00401769165904861 0.008557346373440756 0.010385359725293286 0.006572469233475727 -0.01479483513461787 0.005139030477108443 0.008464820701342366 0.001005329086757191 -0.017690044536459417 -0.015859988949929054 
0.9581172145126138 -0.0035662236866071664 -0.016346198727322604 0.0012972378230555854 -0.0008235131103369647 0.015317859010082695 -0.009147411412887463 -0.006040655511523253 -0.007719522196807603 -0.0066371928790100385 0.0002697776671696858 -0.013933652536442858 0.013535935190890388 -0.012126788298847415 -0.0036905977943022306 0.030673643089524416 -0.004606341158276588 0.00509024292038257 -0.004952490629963592 -0.0026086408988862607 -0.005059465926694966 
0.9748848212740249 0.01422144192027953 -0.0028158511957317974 0.019161083428947595 -0.008167526455157344 -0.010965998939351263 0.005552493326386293 0.004500230952287436 0.025389512892458523 -0.00679996661874591 -0.005344254097013057 -0.006829137204232702 -0.023474456517341348 -0.004437926573773955 0.020169492847628173 -0.006073820150614738 -0.007473786890481985 -0.014627611366056972 -0.007265853953685332 -0.009226971686371354 -0.001597147159074317 
1.0890126010446362 0.018595112985016406 -0.017530013628203236 0.009421123766798744 0.012665038059260128 0.009865048737966932 0.01733516996422079 -0.0029587700171188115 0.0020664254362880324 0.010996294821781138 0.004097539042202661 0.013858033183127323 -0.003960809199585443 0.017960709636485432 0.0027266640664683267 -0.004589062789845633 0.006978385492352062 0.0013708559692335285 -0.005880521467995607 -0.010325304805529156 -0.0006322229944969681 
1.0081494814186684 0.008950811602007669 -0.001335053514570427 -0.00656149294742296 -0.0043375335749859 -0.005881846087184923 -0.0008248198715687096 0.008635357038234792 -0.005372495733005232 0.00830362751422347 0.009425456752623912 0.005484288480229406 -0.009188570758003944 -0.007408984142392755 -0.007606762157143101 0.014311410980352749 -0.006991823390570904 -0.00642780789869591 -0.01874024641379752 -0.01239127400620432 0.0012440564385560713 
0.9790295164291789 0.016889206791368586 -0.00441641302509981 0.005546044047318812 -0.001064589906221748 -0.005253675567523518 -0.0064628698719863854 0.004846277975995288 -0.01354820658906036 -0.016930286761293406 -0.0026072715312830527 0.001403201312851194 -0.0012689655096156146 0.0017264472773042938 -0.0189788382544904 -0.004027300368443241 -0.00043748054447674594 -0.011217341995098799 -0.011704288287775384 0.00510910930831585 -0.005205007211341781 
1.0295458983579737 0.010088486173071662 0.00228433482065156 -0.007769631733269135 -0.0008043914473494508 -0.005412452444824708 0.010272537497543014 0.01863654932583998 0.0003527702677127899 -0.00840892866223249 -0.0006641788707620318 -0.0004247826384681422 -0.006585296158910614 0.006218411150821714 0.013715962981606034 -0.0038730565523008684 0.01740877472683714 -0.00014660144486334573 -0.008057126220329568 -0.001138497735478298 0.0020708424277456807 
1.015671325573648 0.0002049589112656018 0.010001685686182841 -0.003564191449852166 -0.003875501558715055 0.006619147492975268 0.013616690748979109 0.013251137967895359 -0.006584680081545624 -0.011264963426749208 -0.024208732232625513 0.006815057016500113 -0.015691020201403755 0.007037431574968506 -0.00021567058757525917 0.01665947842267657 -0.0015859685876183705 -0.01344222965628511 -0.020064073794333597 -0.007346088489534034 -0.0022321826547079997 
0.981852875208373 0.016097179671117647 0.007275354192183395 0.006007412786546273 -0.011117471367990302 -0.02107837517529868 0.016320732507058063 0.002945942220184962 -0.0004038254011404502 -0.007881673064534255 0.008870804641779832 -0.00039671251772819085 0.00920309249046529 -0.020681059519178237 0.014762982094216516 -0.0030345300804859345 -0.004237404808353772 -0.007537338419698252 -0.0029394571192289053 0.0022197982536608543 0.007505374819693892 
0.9948162580879641 0.01418109321668005 -0.011211781011651085 0.0030297403329890174 -0.003480165010070342 -0.0074765468260624066 0.011334696952979785 -0.00834454819264678 0.007602029422235327 0.01466067951703146 -0.01787212974209968 -0.0011895041330459931 0.023961620022228697 -0.005286310794713232 -0.008922983118649912 0.005839334600804043 0.016266651482275615 0.003683975168921964 -0.018416649469699058 0.01067476144308913 -0.007514207452653441 
0.9368125348625326 -0.005596483449621358 0.00903232262597851 -0.009979026114843387 -0.010151324025404652 -0.0040829030869274025 0.0008373046852686604 -0.008297376836755962 -0.0051732030609668665 -0.006368908662902399 -0.021157822291748698 0.004214360523487588 -0.011856472546910421 -0.04136679492734243 -0.0030906361809467948 -0.00691611258484974 -0.013331644068756102 -0.0005455742147955231 -0.010848455305733355 0.0008353884276186006 0.0015085451035562031 
0.9607335813753284 0.007437991897304794 -0.017250821743696517 -0.006719448611785154 -0.014262128504195401 0.002528820494598911 -0.001032517561172805 -0.017255157156467298 -0.00048003768369578033 -0.000587355990019654 0.0013245344961127612 -0.0005349653372677498 0.00280679496433822 -0.006506012238071693 -0.005853950189052597 -0.005401729023378239 0.004782686433481154 0.008913383980456208 0.0012629556600967388 -0.005187018786652795 0.009868152234553316 
1.0106666450724529 0.018139702760834365 0.010681908496894136 0.015561216865887777 0.006178177282238731 0.005730981360609747 0.006398354136061653 -0.008876668063592002 -0.0036899076793416564 -0.0029831715714931572 -0.0033865514214733456 -0.0016279266982627525 0.0026587937609622516 -0.003931692108640552 -0.0034313908747986045 0.0038573943123954954 0.011200187912333006 0.00030454876490932747 0.009796488159357937 0.004368318691050163 0.0018434422767114635 
0.9992365851871006 -0.010589037397091812 0.0013375510664928609 0.010390949725422101 0.00218195923056823 0.00537287936975019 -0.0008276149043710144 -0.00027814331890236926 0.001736687015509332 -0.009361064317589957 -0.004104985258525919 -0.005707199056481187 -9.633943921128828e-05 0.008776383185102921 0.009256911927200533 0.008467011353444315 -0.001574823837685636 0.001832305162445246 0.006072265554680996 0.0019252238510793218 0.021601870319966982 
1.0053944155213173 0.004698963405935898 0.0020415869968578586 0.0035881476607734805 -0.00649771332507256 -0.0017540282733671734 -0.012360335161559438 0.003087036017734777 -0.0065233456365286595 -0.002501361935168087 0.004047342831802528 -0.002868905930241513 0.01335516464948919 -0.004406286787052316 0.01389316619354784 0.008802208375736868 -0.004843733692230408 -0.0015383395082017646 -0.007491931137402695 -0.0036949279807160246 -0.006551718165591848 
0.9746127351189772 -0.01514073949924248 -0.017140085900912917 -0.011325759909465325 -0.008124419027972823 -0.006641679494263398 0.024167889021850932 -0.004615825639100311 0.007392645528024323 0.005397422051595666 -0.004706671962361828 -0.020405343514796306 0.007171990595891662 0.006777876277110564 -0.0030261528082387718 0.012588305132059566 -0.009330416765767105 0.017635011672617613 -0.008436341369319847 0.0021294540868037905 -0.0123687138450807 
0.9941182991603429 0.01932144730263418 -0.0060031891738023336 -0.007594107285904553 0.009796207698152827 0.0051370428544333865 0.005957828192629561 0.005758381680810154 -0.004184810695242978 -0.010902052450993103 0.0010047575426112706 0.003173194736376696 0.006645570344411563 -0.013670097308765354 0.01038239096481442 0.011081326426022919 -0.006615795064847433 -0.00966600861421633 -0.0026238973775429167 0.0018216896668622094 -0.017849344789498907 
1.0097063327755484 0.0025200067089346536 0.00659559052350936 0.014655058848957764 -0.00979643889455436 0.0028519793114834303 0.018715212673680974 0.016269352509009113 -0.007475373559717402 -0.015036404667701508 0.006288092666295308 -0.012579609688553385 0.0018228391281842483 -0.010227116395485783 0.0011737022167829475 -0.0003452081784786538 0.00010499324860917024 0.009073631355722056 -0.008239800887984818 0.009741401523338118 0.0027116170413706976 
1.0148195199548418 -0.011392299009858135 -0.018441425532888942 0.001785969568553511 0.00023683359104830713 0.005056328723208246 -0.012700201367318953 -0.014990943266128962 0.005373319726382727 0.020501058804276686 -0.004565409806566069 0.0016793324632171248 0.004869060182043914 0.005747726673067679 0.00774178845072302 -0.0004018675419387063 -0.002000079800191206 0.035882932977435174 0.0019426957496156666 0.02144970000741826 -0.010983922454073048 
0.973817943172399 -0.012060141227990063 -0.017190525886224814 -0.010157554884993392 -0.006850040640937467 -0.0037381815697424443 0.017387766812111138 0.013131204701402263 -0.006774569834261104 0.003378596991428746 0.0033022164042437146 0.00030843453094608783 0.008409906385366064 -0.009520660564520436 0.0009258999545625112 0.0019051600221190105 0.009190749976508976 -0.015523408213862751 -0.0038847656028047142 0.010685700054617994 -0.00776827221224794 
1.0033053779809298 0.0007509321610551546 0.009724837337021588 -0.0050813835496414895 -0.0091340599871465 0.0031465031709883833 0.006009290715084943 -0.0002017527706675621 0.009030180713492606 -0.0051535433062698385 -0.013689754898639703 0.011230590787400876 0.006163737857277696 -0.01768383850063538 -0.009500787982641304 0.027745486408683878 0.010451630574093143 0.0072350257820334545 -0.00113147276151264 -0.013673334205073223 0.006341519165504906 
0.9873687643927407 0.007863383814084112 0.009312915639453325 -0.005793819546149951 -0.001690813714343433 0.003049217598267295 -0.005558925238446157 -0.014315829073922086 -0.006356334052981357 -0.007504963277209914 0.019019177385091977 0.004988351722626916 -0.0014760818357764448 -0.017173413135032015 -0.002704522891486136 0.006783450561115781 -0.005533189268086852 -0.004151208576482443 0.006099775272165701 -0.007505537334608117 0.0022638135591311944 
1.0431110159038577 0.00022071250284828636 0.017873253942988134 -0.0034916872264310556 0.0026357251395020937 0.003282545522273922 0.013029789583081992 -0.0075463261803593315 0.0030484761717678127 -0.004098751142292829 -0.0019414538229061333 0.01739019378183092 -0.005347719292969006 -0.009697679845444783 -0.020879034390909715 0.00897293241538304 0.015834868711510536 0.010266936638635388 -0.010585215128451786 0.021480618554162355 0.008479687908155642 
1.0370848447875325 0.00910043524508 -0.00405542065546984 0.0005514572955549854 -0.007469934441706242 0.00453035919052392 0.005020505525328162 -0.0047080880660084565 -0.0207752571539398 0.0008087904731676048 0.005342388668853423 0.008632225237862987 -0.000265818237426662 0.008797515306231185 0.0146230871612069 -0.010963374166321578 -0.00614070549754429 -0.0008320016193143064 0.005546537037729702 -0.006500146615594075 -0.0009685548033998483 
0.9847924512799276 -0.015255734943509744 0.008515538192916356 0.009108832144715785 -0.0022661111399390386 0.0021932492003191853 0.0027001209998546594 0.0008240807492048086 -0.00015988155752994477 -0.007174433935608231 0.010141258437294905 -0.005794161470646007 0.006912066919194335 -0.010159683948086784 0.012971879067603305 0.013968196606264914 -0.006093231251620027 0.007374786924924531 -0.011782944936065473 -0.009625936630498032 -0.0010376261576645685 
0.9985942789114793 -0.012067812228763424 -0.014379766371731025 0.007512449836055696 0.011186073620053695 0.012052446595821836 0.001351116384767873 -0.0032359221454432287 -0.005228474518361277 -0.004476645722500371 0.007551512898257822 -0.0024552440577318728 -0.0018424927147285294 0.014831266298722565 -0.0080736867351267 -0.0013600656667591086 0.004866398898298706 0.012986320902612236 -0.01469182276346174 -0.0021860011581258183 -0.0025616132651272373 
0.9752940553985947 -0.0029687017728711653 -0.005862873535526459 0.010862436983602817 0.008412217507886106 -0.009979184882243242 0.009945335030853342 -0.010672908803665318 0.0058439029214835524 -0.011079666645115461 0.009125753339289434 -0.0016212116677356168 -0.003145921018180814 0.004611984902221078 -0.005715718621917063 0.013836368130214752 -0.014756635264840135 -0.01538877500861198 -0.0006989871855585959 -0.0030597447561113377 -0.011864923159029707 
0.9698137501511553 -0.0016364381492664183 0.0018077007584063934 -0.010175036938107706 0.013274050010317005 0.00559852934447108 -0.0007268742033845825 -0.00533764954652163 -0.005736804974983781 -0.009436163506545515 -0.0016616921253221387 -0.00636308706496363 0.0033668676498567994 -0.022420693056185596 -0.00270058970485875 -0.002640835939089092 0.001463962180619764 -0.000126123828760262 -0.006427160917079209 0.014306881108124477 0.0005523414734768985 
1.0367137898634629 -0.0008638253306802604 0.010348085469094362 0.00461787994821869 0.006768550054988529 -0.002736396563469429 0.003607203218512179 -6.141590348127837e-05 0.003304860742690987 0.016353947756078294 0.003248147707880729 -0.01516648742923477 0.01836022243210315 0.006728828117492317 -0.004918808357190952 -0.009649969542094664 -0.000910291122680616 0.023688245328526085 0.001539976375827894 -0.0022395152513915275 -0.001964816999231278 
0.9946810084791743 0.01740311240975486 -0.007915362080641334 0.010679918782235412 -0.004710977373626225 0.0060428409887530845 -0.025406674972161626 -0.006124301227173842 0.004740372393327969 -0.005776429690611198 -0.0019170152825817568 0.007423848700883127 -0.004564101988168691 0.009281544711961682 -0.0009189709876934644 -0.008677469873812979 -0.009969635248496277 0.006301558762750102 -0.004863187599044252 -0.020410753656396628 -0.017209032247790815 
0.9826604062552736 -0.0111543638238306 -0.008381906292089488 -0.019410521266942496 -0.006103806553488955 -0.001104337255675247 0.01758057512195468 0.011029779205963134 0.014654368330894894 0.0010489841403054287 -0.006368035860810508 2.8015703639810838e-05 -0.004112431197214975 -0.011332172971494315 -0.011856580632282098 -0.005127268718588899 -0.009470926158217275 -0.0076403762803696346 -0.006315099651947375 0.006623387030119242 -0.008483412839776055 
1.0659814385312971 -0.0029638384437533313 -0.00582800229179649 0.006749262845701609 0.002325906524031641 0.011733272880758719 0.02042784243867936 0.0036542313611230173 0.011870964712132868 0.0006393479376615142 0.021527535880280106 0.022665088937568113 0.010439099187371315 -0.0013330002124202684 0.008760543540867822 0.006288274692684791 0.0024324355505195155 -0.007297557903594858 0.013192906823365175 -0.00982597587609106 0.0011296045796988985 
0.990493301878457 0.008168144683138239 -0.017808704763948347 0.00434349988739303 -0.014064562490537696 -0.006135586968349149 -0.007584825965089199 -0.013814929132947823 0.0029645219435963945 0.017013271579687628 -0.00011839851885769707 -0.001341277056980705 -0.008692706054846988 0.022527428286388144 -0.001721627206959705 0.006651125370187278 -0.008058456009251602 -0.007088796530584021 0.020220430388372367 -0.011062169977373753 0.02197102405480075 
1.0252583045268824 0.006616227307877774 -0.0005202289026611045 -0.013877408768171806 0.008858177416846295 0.00033601663012497056 -0.01176342792414796 0.010746649271296965 0.002388679439589453 -0.0029676953268598367 -0.0015179537777983724 0.011670166357087826 0.007468651153497423 -0.0010684869611910053 -0.0006963268139115864 0.0038757607309684943 -0.007728015895677125 0.01170846703229599 -0.017590039739487914 -0.0035791613455169956 0.00030951246555785514 
0.9425130914452639 -0.011835252946622505 -0.0020331409852048167 -0.014372494827462803 -0.0033350389220644476 4.215978790053051e-05 -0.009117888315523097 0.005663532243496456 -0.01000845198221028 -0.0035402483607959757 -0.007422908326501343 -0.013768887311493203 0.009520269245765541 -0.02713507242167831 0.005503254312442502 0.010350922891946342 -0.004386938758280075 0.0005793832833519898 -0.005807713752421623 -0.00104281842006322 0.009081229386384834 
