"V1" "V2" "V3" "V4" "V5" "V6" "V7" "V8" "V9" "V10" "V11"
1.06317713340045 0.00606673193989965 0.004780289149 -0.00916160277385096 -0.0240678937758134 0.00166890257754874 0.0122127146049139 0.00050894554621267 -0.00697683031744417 -0.000471589506381075 0.00568740955628554
0.953582862897846 0.00397017278394299 0.00452745952990476 -0.0167773311317233 0.00210606528374761 -0.00734006644199363 0.0116186135020989 -0.0240184292876983 -0.00690320106614636 -0.00415531319685274 -0.00374683932779565
0.995617404195079 0.0120681071271686 -0.000107868250350381 0.00682097640528214 0.0173453045647713 -0.00826845385151959 0.0142035081777918 0.0123041590457701 0.00709722216802965 0.00219065138949457 -0.000258313258939104
1.05429283533362 0.0152150494035945 -0.00588748398197225 -0.00257786913638133 -0.0110524899750558 0.00193751938611107 -0.00197342453787214 0.0131841258406687 0.00883015317852692 -0.0052553530788975 -0.00539743927464713
1.01566634576336 -0.0174583881236734 0.000420643360304925 -0.00496345407340026 0.0191415451808509 0.000986422703794463 0.0026342159707214 -0.00311007656109166 -0.0112968311790159 -0.0179017529201512 0.000312129995033609
0.985556681964047 0.00311086887001856 0.0193303532446598 0.016074430697548 0.0068165644718727 -0.00658673382365768 0.0086396290108675 -0.0119709731703724 0.0249305526089019 -0.000651216226799914 -0.00652431394077243
1.08938585526724 0.000763968372123945 0.0206392088061409 -0.00955874691153487 0.00120259278442625 -0.00781405687757939 -0.0118287286773113 -0.00234283702671294 0.00639510367545879 0.000952899417840439 0.0107062705070872
1.0046350566734 -0.000932660191095045 -0.0071183044655129 -0.00241410337162541 -0.00812000161646825 0.00695638548096954 0.0137410453679544 -0.0101522856688955 0.00969980942510959 0.00498973239628151 0.0134030625982161
1.04635953955305 0.0120220619531624 0.00523341784830915 0.00252243586734626 -0.000344833864713938 -0.0136714415898625 0.000678329736051918 0.00385364089731492 -0.0044114668789072 0.0100803767921702 0.0156273260643053
0.936411787168989 -0.00056681928125287 -0.00480129463434871 -0.0130732396759594 0.00641892555080987 -0.00904671470570245 -0.00647254925997254 -0.00840250645754395 0.00986004276050354 -0.0213905786992897 0.00741003088640681
1.05569224644986 0.00584342463869723 0.0179162284245921 -0.00855229197605616 0.00545828921908459 -0.0176996927444987 -0.0023215330343442 0.025164376295872 0.00489471764539246 0.0079608961937361 -0.0184611291559232
1.02456261346802 0.0171252872843653 -0.00959350335839761 -0.010881654523193 -0.00149229314200169 -0.000893748900203484 0.0010397107080695 0.0100226809941632 0.00544029390541336 -0.00451043935726029 0.00653475127760455
1.0322736715264 0.0143532834495215 0.00108307092734498 -0.00243318105905213 -0.0126631624505259 0.00514518127454253 -0.00764167822725946 -0.00457270790075511 0.00426027387543352 -0.00431984630486197 -0.0178310723219583
0.975418244987719 0.00661065804252131 0.00925064528067487 -0.00423627275300833 0.00731445833269432 0.00211831019498802 -0.0105375188089043 -0.00659848261355125 0.00015474352314394 -0.0157875147642484 0.00439544651792959
1.0139500704562 -0.0012552449081008 -0.00826443955754111 -0.00897483610720043 0.000576614907654623 0.0216338446688984 0.0137021571420629 0.0103457147356538 0.000396355470396985 -0.000150095220254439 0.00411859429730769
1.02082566140621 0.00408790507448703 0.0021541853645673 -0.000323131421484935 -0.00752467734117355 0.0131552075358504 -0.0141082932398547 -0.00649425389462395 0.000275101230258196 0.00639267592395058 -0.0019077080484464
0.885995888078747 0.010439379497753 0.00563626542724985 -0.00903940955952092 -0.0175273027377238 -0.00716754022985859 0.00564305542700582 -0.00790787839897728 -0.00722214249185004 0.00478538985920546 0.0107637443279035
1.04514877491365 0.0110241321227472 -0.00675193827932338 0.0156044499448576 0.00812502662585105 0.00186921111460505 0.00135006903806771 0.00358248156808067 0.00826939333101746 -0.00716711375607077 -0.0104901924696461
1.02678195540919 0.00509478985751061 -0.00421577711111322 0.000960156313009501 0.0111416261113237 0.00931990706879944 -0.00985543050005592 -0.0181894542961564 -0.0189040460178392 0.00389575812005664 0.00460923408420609
0.851583586961114 0.00329355265187624 -0.0025861898486397 0.00754729765388581 0.00930522374591245 0.0234882615025195 0.0119048460017353 -0.0106969351847481 0.00153330088906824 -0.0225190357377307 0.0116472275971498
1.01058098921792 -0.000269231689904278 -0.0126079186803359 0.00300522068546204 0.00801651189619772 -0.00231732312389341 0.010577138746741 0.00252196594347675 0.00320564378144404 0.0151154016846084 0.00206412214263405
1.0188720401076 0.00893822309515532 0.0120067332187917 -0.00075607229750137 0.0178808982461851 0.00334713019056574 0.0127665236654484 5.72888162392347e-05 0.0140276013041298 -0.00369969000699843 0.0017827735223705
1.01008694605458 -0.0141606466758628 0.00969663031148073 -0.00232895936189104 -6.35253367234151e-05 -0.0127066345822441 -0.00332897176644964 -0.00589942516121906 -0.00252125657603751 -0.00346876010800765 -0.00151652842554286
1.07855951901263 0.000966257098419324 0.000942184561511168 0.00760100408097603 -0.0109582220474486 0.00311360507702032 -0.013167326903248 0.0132706921272803 -0.00861446457420616 -0.00925524638021988 -0.0180886750238198
0.991517292234916 -0.00808541291332194 -0.00412672508816577 0.00265196316704846 0.000130573240377064 -0.00185482974948521 -0.0290806444041506 0.00589771004214225 -0.00641371636405555 -1.37496747673825e-05 0.00570173161638329
0.94293895775368 0.00277175953405357 0.0140243781492699 -0.0129272020034833 -0.00787399284694542 -0.000522350960211113 0.00617831026554616 0.000382167979837669 0.00766470412936232 -0.0077063197747032 0.010327354729208
0.923545958772071 -0.00947706533134423 0.0145377324105964 -0.00775107367004325 0.0233738810316966 0.00695575824793661 -0.000586062201374084 -0.00338653004971502 -0.0216202045567754 0.00311116287297916 0.0092236390970881
0.98371391785571 -0.00157895669873117 0.00526888529952156 0.00869070212329496 0.00544926234391692 0.00809008016732472 -0.00837550067073099 0.016557496495439 -0.00957344470995273 0.00522422720970552 -0.01156698629688
0.852110041959142 0.023657430289274 -0.0177379816508569 -0.0171788516688194 -0.0172935893885185 0.00393861336069346 -0.00371354806235617 0.00310830621422883 -0.00538564478342326 -0.0137829653286028 0.00284794966087852
0.994617379256596 0.0172230254995494 0.00365993250682385 -0.00400649275961832 -0.00380879700551436 0.00368815655114185 0.000112761622741467 -0.00758926057977875 0.000563233407662434 0.0146732092401617 0.000370286111418485
1.02087737674305 0.000332961170038368 -0.00609363086354301 0.005721313786222 0.0165227963942578 -0.00248397062536897 -0.00147823551674169 0.000787813853683135 0.00394921737422465 0.0198570793985982 0.00447845202412982
1.03084039832636 -0.0113788289078493 0.00512133014845919 -0.00698399032534057 0.00937255525173131 0.000241074635992682 -0.00189269329259141 -0.00826133942443361 -0.00108522780997843 0.0102483584915323 0.00378001545364097
0.979991212731481 0.00639325725980055 0.0167130226634694 -0.00274116972894252 0.00847489149030961 0.000387352515381164 -0.00486481385648456 0.00085817843959736 -0.0066660344069031 -0.00245375152278128 -0.0186096415298053
0.97196732016665 0.0138042544367698 -0.0171495495786308 -0.00392939431214909 -0.000990689306679969 0.00380880976220075 -0.00352748971128252 0.00981982322150001 -0.0133968289789323 0.010568542528216 0.00594269789540573
1.03079028886675 0.0144685275039452 -0.0017851397194593 -0.00350033738642999 -0.00579339723649928 0.00217422253366369 -0.0105200773409853 -0.00665333310609398 -0.0149645118646253 0.0106680393807451 -0.000465739616998846
1.06786067121413 0.00863038216999735 0.00946757304722079 0.00762753970978499 -0.000115832202801555 -0.0122600912779152 0.0075454371158119 7.21710173381573e-05 0.000915413598369315 0.0092331379649905 0.000173462333129207
1.00775212977214 -0.00140760860649837 -0.000881157898420926 -0.00600013930077731 -0.00550527167383206 -0.00573625582889795 -0.0167019237803767 0.0160940107961925 0.0148860760249233 -0.0147300501721765 0.0119508182225958
0.931769152458463 0.00453663396498666 -0.00241081906936193 0.00128915563603544 0.00679671670528262 -0.0113271139831847 0.00146670864895998 -0.00857780359474628 -0.000503535956280808 0.00521205351425684 0.0060984030051467
1.05327587616791 0.00972330529495965 0.0106161676767784 -0.0159439294343021 -0.000864673076918157 -0.00175797937673046 0.000668943567797487 -0.000488698557067928 -0.00276742399263023 0.010202614850038 -0.0110222614296602
1.03187582205359 -0.0109924246926749 -0.00116418367328057 0.00491804995592104 0.00551399125719859 -0.0102507864069885 -0.00591501750178974 -0.00460013811519758 -0.00190495304168315 -0.00170104875886353 -0.00178490991854046
0.978393407492276 0.00501083920668028 0.00521958275173748 0.0190039593903479 -0.00236706635406041 0.0120932963175908 0.0076094465800975 -0.00383744798662925 0.00979879201735006 -0.00445659700280034 0.00201275150713152
1.04772514665728 -0.0102334776920625 -0.00736932369503759 -0.00533660001118048 0.00952247554118525 -0.00981578463750361 0.00157366313033508 0.00470293153282477 -0.000794009576373252 -0.00624636969319061 0.0115205838430903
1.04090806414508 -0.00699829336652881 -0.00407009915675236 -0.00270275911043233 -0.0225385971976348 0.0202913815060931 0.00383182893883307 0.00754742467458828 0.00586562235191812 0.00835210052171023 -0.0275046627414055
1.07744869196587 0.0167818587575703 0.00224751098381868 4.73953290794567e-05 0.00197660194327911 0.00190115135043325 -0.0041515461052732 -0.00429941998084141 0.00686933835800929 -0.0136009412978156 -0.0062883474390498
1.08544557491144 -0.00447459944594973 0.0025727256593516 0.0108394644231939 -0.0188224415688315 0.00703196873604447 0.00379915493019215 0.0042642984676158 0.0134996780567321 0.00207520019842116 -0.00274528519597365
0.995201788705583 -0.00199515871491315 -0.0149610856504923 0.00486742856856392 -0.000807632915959182 -0.0129913475946322 -0.0194058699496102 -0.0033187285821741 0.0174630523834043 0.010557132883976 0.0213004255966092
0.966197639877816 0.0156780137864911 0.00223894909451279 -0.00190334223076358 0.0029789553203384 0.00941691862318481 -0.00604713433122563 -0.00878445527250889 0.0108577818263101 0.00420442491858141 0.00339669630699446
1.02054965421586 0.00214800916892361 -0.000751924115482449 0.0228257164448497 -0.00907928721838405 -0.00911366345326422 -0.00888913100786926 0.0026212014596495 0.00257420764524631 -0.00427083801992997 0.00672225108574946
0.993242270879637 -0.00632315773454302 0.00142602508920612 -0.0247869346971401 -0.0218050667253917 0.00156969404118884 -0.00185247733237169 0.00507954223370462 0.0148448895799789 0.00198781153238686 -0.0146680271621812
0.983858411587764 0.00177639733325958 0.00227723994577576 -0.0152547362769419 0.00502824080035778 0.00582294235114513 0.00712259798650523 0.00139722633254121 0.0114428284828987 -0.00662184563023685 -0.00365640567814521
