column1 column2 column3 column4 column5 column6 column7 column8 column9 column10 column11 column12 column13 column14 column15 column16 column17 column18 column19 column20 column21 
1.0274775523278656 -0.01235665496656053 -0.006415979681960206 0.005834984544308662 0.002803752114494652 0.014557956354517572 5.459189135533333e-05 0.0020815758699223212 -0.008373161071895998 0.00750736296710027 0.0006412985532777525 0.015105662043232467 0.005900048110001927 -0.00017184040058877513 0.005015749364802649 0.011338385872922564 0.004346100491884497 -0.008854954542508372 -0.003595984603215716 -0.00574363003166753 -0.0004126595893328941 
1.032083329702979 0.00913380450931627 0.006452925217616585 0.008175307796633976 0.0064017519832482075 -0.004535573786576999 -0.009404747313813432 0.013175070028216806 -0.008519744238072146 0.0034062306067891082 0.005251698735285191 0.007663871002218666 -0.00023164555771190712 -0.009940065614441496 -0.00521517427137453 0.020460484587551037 0.0011370951458292008 -0.003294285655723328 -0.0026614960249433444 0.006756915384137019 0.0022265520937217996 
0.9805193094338599 -0.007179541599572861 -0.012390919237693672 -0.005225492733556224 0.011449339752583833 -0.009704049377984178 0.028085144452430044 0.012831738693085178 -0.0032503296172690078 -0.03026598495425061 -0.008802487586149332 -0.02020239100717393 0.006955586925879685 -0.004094595113780022 -0.004517040045289983 0.001340389074952357 -0.003226664686535863 -0.01422958433290237 -0.004267697478807529 0.004173923893932339 -0.004969715115232683 
1.0072634414599484 0.004913978062134289 0.0008406023959560976 0.01888480513990729 0.007687866001303206 0.003722412896502067 0.0006153678451033875 -0.009806823008428736 0.01276044037621186 -0.01878058543381617 -0.0018999303604462028 -0.008414124610032398 -0.007906587338378753 -0.00293410831158022 -0.0095684170828908 -0.008061222471845568 0.00851049338233468 -0.013913378153805013 -0.0015522796029812352 0.00019347265212394285 -0.0022850089775963488 
1.0252254386368638 0.0021903418814806816 0.010566980326761946 -0.008063712943131365 -0.01161088198365695 -0.006130030399374021 -0.013458361726296615 -0.002737009992866963 0.019666743459592257 -0.007268339508210688 0.00799342686184751 0.007690099484585334 -0.022698821711180667 0.0016691697192657805 0.006657138374421238 0.008015599941910211 0.0014334167543836557 -0.004451208202638254 0.0033069053566477887 0.00024274133389461913 -0.0069043356014091995 
0.9408897023310471 0.00026252226701185973 -0.004699870809876221 -0.0025792258981232386 0.0017568935946689246 0.013946901257078995 0.003899110479517817 -0.0036484811088304237 -0.007148362817993926 -0.0031721781276316226 -0.008095218839045314 -0.0026148051397445866 -0.0005996670136982303 -0.009739130530268017 -0.005560248457463239 -0.005034975456746872 0.0006041628126690244 0.006208322505045062 0.011798037421250874 -0.015446800504880858 -0.01067656965643754 
0.999672039025341 -0.004612076145825279 -0.005099662696852776 0.002223847288964927 0.016383538325856175 0.013837654044145081 -0.006871749135599875 0.015027122183076603 -0.0006771256455901951 -0.013232891389641167 0.0005764129477240908 0.0031141337052339397 0.009747701944628073 -0.0032848991208025004 -0.005450145290345531 -0.010421796122129711 -0.005223883813356175 -0.002823614196291483 -0.014084510186598606 0.0038720534783576823 0.003564980689398495 
1.03739887386705 0.017139191961542618 -0.0019495491985552728 0.010550661787430936 0.012553447038563788 0.01828407588384777 0.020145399369177298 -0.014457943671810627 0.01925223017937043 0.00042882558564374447 0.014398938363062257 -0.005341419686974125 0.0074047198521950556 -0.008819561184120124 0.008835910776419752 -0.012111361686817706 -0.01829768076553682 0.008693524080889031 -0.011900381199670004 0.0022464346790550876 -0.008789553984800458 
1.0159479882652676 -0.006755790732130387 -0.004672362378787572 -0.006231577452507266 -0.002048374464096064 -0.0038823931083695317 -0.00386981573279908 -0.012924052233446894 0.0005998706904923959 -0.00807021493411003 0.005212778374144966 -0.0013107167640450707 0.009686494774414514 -0.004065230326183471 0.002420401556487337 0.012722743494045965 0.002384326352136714 -0.0012354140383124795 -0.015045693080163597 0.011773314496148466 0.015114687281977934 
0.9734163998974882 -0.014604064667994956 0.003733953665473258 0.014829786953058541 -0.008311310570155024 0.012713335996124125 0.004175054679255636 -0.007139949601284251 -0.015582815197725678 0.003658342258802995 -0.006113998460593175 -0.003114583015547056 -0.008753364960558471 0.007343508367161961 0.004215389310541469 -0.006480987536680581 0.0011151802991783992 0.01025083401209126 0.0009776665998557827 0.0002693807192345681 -0.005824536522444559 
0.9753832263937631 -0.0184132333019801 0.0004014346421167253 0.0018416363222411838 -0.008201218874428885 -0.009297443186660422 0.012576943491580212 -0.011862169835803132 0.0008062879301623417 0.0004313560157151324 -0.023486577910451414 -0.007569484142567012 -0.0023597087158746546 -0.006316453670719724 0.0060473110451442855 0.002359900026061418 -0.009251667677313377 -0.010766313378049506 0.014117517828632964 -0.002375406960145404 -0.00570782980072824 
1.0132826418940646 0.005442461481533041 -0.008731163637581642 -0.0008483461574966126 0.010134973322351143 -0.016542333931026252 -0.01557068275059605 -0.01845939441304337 -0.0007879673549144045 -0.0005711710229588715 -0.01074618709065101 0.0012369492206400759 -0.000820676104719349 0.01363177383335936 0.0017502391671136014 0.003695734902291902 -0.009908539100441354 -0.010489511341131685 0.005773623963585045 0.010835067055422625 -0.0020498759843654095 
0.9774055930561878 -0.004113305968421936 -0.003961138637908288 0.0031917572458490273 0.006479330796890278 -0.012079150331881765 0.014172049099589537 -0.00963414941870526 -0.015903491563755083 0.0010981243611966932 -0.003348515675559491 -0.009605495987080959 -0.0026680853351756344 0.01666703849669218 -0.010361958386927501 -0.01976664131013605 0.002786386108390096 0.0073733500236870695 0.006093386215563136 -0.0013134917033763743 0.0017328151439222246 
1.009988807452711 0.0021694590574937857 0.004779648564173904 -0.004258363248944621 -0.00387103099639557 0.004833786899392183 -0.013403769041154654 0.009273950970365642 0.009280919185449854 -0.008131390023461974 -0.005172881872946037 0.015841620663227862 0.003459314133595611 -0.01090294968538804 -0.003607915192962215 0.001492666183170892 0.004637364580992491 0.0014703082661529014 0.0036629380996102997 0.0004817388906538896 0.0011555229839829008 
1.0116682385939009 0.005020265717834243 -0.0018520061820132129 0.004148045875833939 -0.012737978960954613 -0.00750403579942516 0.00522479541621731 -0.003598027161352158 0.0012322983600271875 -0.00547341480543052 0.00031329927778654394 0.008509293054164108 0.013800541557489027 0.013212900834237585 -0.02034091113370987 -0.010655108535354278 0.01139291199114626 0.0025383515226278233 -0.004045565742998552 -0.007768391027234355 0.006856722308181053 
1.0389365965666995 0.015939697498789266 0.0017068592408642845 0.014079735302223988 0.00560710691297172 0.006516928796014127 -0.02946860581051069 0.0008510825770423017 0.005770100733541015 -0.002092878107045871 -0.00867104947870023 0.012047709825737045 0.0064851983917327966 0.0042552069500090065 0.018271316265233033 0.008325837901869628 -0.007893138081147767 0.00995091634926622 0.0005467501146665441 0.006757082300911036 0.005746100216572336 
1.0159962810552838 0.010843505206830749 -0.01707473594977244 0.015154882470205789 0.017793678086351804 0.013929071872800439 -0.0066766815124023925 -0.0002853713275093352 0.02142491647879046 -0.010687917309458412 0.010028083389629584 0.015658703574456905 -0.0044537798990558364 0.009479565729886981 0.010433894466691294 -0.006805877391046485 -0.015059176221152555 -0.004295581180204724 0.007031304237931641 -0.0004321843256504445 0.008538755942539082 
0.9626530073794332 0.011832800124356696 -0.015003235301771117 -0.009986881226958864 -0.010810954848490506 -0.0012584775625710956 0.009806234721981354 -0.00011228630487485197 -0.004247432110929132 -0.011625185198626162 -0.00011269998484006066 -0.008781178384070136 -0.00227368723262751 -0.008705968675660584 -0.0078491811942532 0.010428325273682211 0.002939778266250732 0.004002436797679766 -0.008884968380940775 -0.0032040603042821055 0.0008322422949445418 
0.9681014416216399 -0.002194813973319613 0.005039586505510162 0.008612131909573025 -0.007257171717818903 -0.019451848525451117 0.0058258078687771254 -0.0036448732314135913 0.018020529802525137 -0.015487059958530468 -0.013265918812431552 -0.01620984880603453 -0.014225898074666841 0.004603307827655214 0.004890130923223364 -0.0012861643652729707 0.018697663849154715 0.01269809736887823 0.020371737483737565 -0.005987522109566525 -0.01792479610823293 
1.0292479855118755 -0.008052922927483707 0.008743682193283486 0.00864927086661453 0.012062743328790237 -0.016590621449434514 -0.01327031550834247 0.017807452503454925 0.013111597343421905 -0.0073324128240185886 -0.006114328049963057 -0.003747765865049568 0.017316143096399263 -0.0017929683906700536 0.006948359895729509 -0.009131672603386067 -0.001699146294481667 0.0022224606930080723 0.0063410086538240075 0.007354281288506065 0.006044320323224468 
0.9765057135121227 -0.007755231796920287 0.008811711870061639 0.01658851905795492 -0.009683890034487625 0.010337513448548052 -0.006353008562636168 -0.008665825627944027 -0.001581744501675269 0.025432922857505227 0.007801681349226624 -0.012692779851168874 -0.012295307908340014 -0.014228725404530893 -0.0003818530978520894 -0.009470949505320141 0.000889995131708235 -0.010923707521374192 -0.003087260157024953 0.0014260319942809 0.00017803195992657905 
0.9900627516705122 0.006279629344446955 0.003347716126050886 -0.007773663908009222 0.014491961852349062 0.0029486669610825546 0.0008524724370140059 0.01309155844674424 -0.0016428523867157703 -0.01992818078243844 0.004399197854127163 -0.011225767749821059 0.004393932404666735 -0.016674498071537133 -0.011446441398619198 0.006961079624982506 0.0019038087189844801 -0.01456581241478627 -0.013732750569199561 0.0021455872139141286 0.010027496443555965 
0.9764171563054224 -0.0069467934442923075 0.005078136641173909 -0.0011317334864359586 0.006895062465493647 -0.005823955889937115 0.002373476457265091 0.008160439976563542 0.006891981886893697 0.006738206144806503 0.0005767445771573789 -0.011177598145855717 -0.00640904253701471 -0.012065966216499422 0.003835109194696845 0.003528121879509983 -0.0015764991210613219 0.002670771773465726 -0.003087989009491635 -0.003860846139413047 -0.002767247198419299 
1.0580494813053107 -0.0022697819712665587 0.006000413526625912 0.01715590645973253 -0.0009909470806363163 0.00747728445933325 0.007229646416273176 0.0034240019370680454 -0.0018188815166801896 -0.0023815272086662865 0.003677426820387502 0.012905421996525286 0.002859579030982014 0.0040890199639575684 0.013151779261296782 -0.007197104037875719 -0.008398030551667542 0.01448016198423511 -0.005442173089533443 0.015120181655275391 0.005614075944207679 
1.0422478798959716 0.003378623921956456 0.00949532528293238 0.026220055316685822 0.003569731151083736 0.002052979350622616 -0.006991346548828939 -0.012947804732186478 0.0012169251988886447 0.005203746134128196 0.007418958567989603 0.024062309387268718 0.005045212634193108 0.002428225757593074 -0.005185968129065394 -0.008656802448816097 -0.01520948737881753 -0.013050766364793772 -0.01737182108819901 -0.007524328771914937 -0.006563729741042097 
1.001522180472059 -0.014622832511106638 0.0054103431645589495 0.0031273309816973044 0.00035573793708114235 -0.002086185504545651 0.004011320226274331 -0.007356402174489726 0.015696074707253597 0.0040195081282716925 -0.012772996769044842 0.015604800459702918 -0.010550666428008445 0.0023800535074801413 -0.01841979592384706 -0.005510424142835728 -0.002423080216294689 0.007526666588633947 0.007162560161079574 0.0014249495642551036 0.010698747165788152 
1.0178636270669656 0.0012432592832645108 -0.01597558216114628 0.006202590996733081 -0.01069829714015835 0.007376895432718443 0.006135461494325464 0.009996902674181922 0.004948217594023635 -0.003455566539175864 -0.0029955673757671836 0.008721371359230509 -0.011045769062555109 0.006917264108953799 0.004393807126824936 0.008628736814705688 0.010557705781234364 0.0044138980840157886 0.010230393419218522 0.0054312194769790155 -0.0015766958527397455 
1.0056799996845145 0.005036203374159693 -0.001354193016170158 0.007012584104311476 -0.0016440147652561578 -0.01594946334895227 -0.004743268815320606 0.005551696694905073 -0.005044444026430752 0.008733714115333314 0.012447283439123453 -0.003440195825146195 0.00015975518575673067 -0.002881598643010878 0.0016615490954944511 1.4176808714614874e-05 -0.003067061945505923 0.004646716483335549 -0.0026264137105238006 0.004630557425628584 -0.00806663303752597 
0.9618465000887612 0.0069431096863226596 -0.005121026750579522 0.0005343110565720581 -0.017403318249854388 -0.0042450148297891385 0.005243498867560468 0.005490726422662187 -0.010344852912989373 -0.01581391728599038 -0.0031610840728896364 0.00010615722156677181 -0.014658245204431828 -0.004717418127570737 -0.00428531929955186 -0.004314630507088477 -0.0017106105807727868 -0.01034929958389388 0.002948684895363184 0.0036522171390598957 0.0075385053771919765 
1.0102297894483079 -0.010550737215360874 0.003303371943980661 -0.010365698201106853 -0.0037936964396042363 0.0026450965785130617 -0.006228531740435256 0.0073297779077289085 0.00937210241635658 -0.01106498996175202 0.012220670256731195 -0.01334828496317034 0.006597671455110525 -0.009358245363786587 -0.005880205153860043 0.012857982937914316 -0.0018844082191245312 0.00706759450624605 -0.011406394741621775 0.00035473878246954023 0.0092532028372373 
1.0034401119660568 -0.025949025339968172 2.934278252654269e-05 0.0014755914847042206 -0.003848550495451315 0.0025546517172166743 -0.010430096857305693 0.03173182291750641 0.006205181768286404 -0.01591260860897183 -0.011718708016572972 0.005221286427618045 0.010914092333494597 -0.0016363056948621732 -0.007367128287164425 -0.003883523121295671 0.008631784419102152 -0.011895164982064815 -0.013041013880016123 0.011826609784721383 0.003758714762909289 
1.0340771592336253 0.0009080288291170506 -0.006844123741940917 0.012155856175807764 -0.006685285832568839 0.021928622473103506 -0.0024048351289693826 0.0031331333331321965 0.002275286877302779 0.0039846484001541255 0.011992745249332522 0.012870217156320892 -0.009230620923312097 0.003929052775951091 0.0029028748110868524 0.01312468792854464 0.0032533815329219037 -0.0002518704977162822 0.006358253270393163 0.01156923172608542 0.0074363409381762915 
1.0004346974318072 -0.013127249310575656 0.009703342707484323 0.0005202353187066585 0.007029601000986876 -0.0005095491772333702 0.004770528617291575 -0.011115555120871555 -0.008714708735470197 0.014894990691777426 0.004375272836716879 0.00506448654778644 -0.0034409372341092028 -0.0012929206351756253 -0.005818551095317641 -0.012360104585287253 0.0029474349650315634 0.009069507966926403 0.0018499123522169772 0.01439719157196632 0.00835797232225625 
0.9986844407690428 -0.002283049090697877 -0.014433945983264758 0.004696242919908623 -0.004400645476622745 -0.01020351694052276 0.014315802226878147 -0.014735726207357336 -0.004519969973836502 0.030095970210754885 0.01834935936423819 0.0026742110665377078 -0.003323625630384545 0.006760803367966988 -0.004211421621709936 -0.025003722307034914 -0.005053907354141228 -0.0004567828882107384 0.00788663542030937 0.002479894111347669 -0.011796659631852875 
0.9472359275264882 -0.0029314721511583537 0.015472898117753741 -0.015852154565150413 0.004678233098505288 -0.010281453882140482 0.00058804914404046 0.0004887550993629054 0.009931383457336181 0.01338221579104827 -0.006287221237132529 -0.0027603056483653187 -0.010106427482500213 -0.013612440237923292 -0.022098188728307263 -0.002987447365154081 -0.01202912599182256 0.013179125087868216 0.019876015468645918 -0.014094296977325924 -0.004005862509228827 
0.9867111085200478 -0.024694342045473307 -0.0015729469192120827 -0.005955647366907536 0.003184574461335808 -0.0006231087693648427 0.010701684358516426 -0.0021896213688565726 -0.013842858364197769 -0.006489684578401706 -0.0011354723676869488 0.004955885496903007 0.00016334744196957744 -0.002558285764403062 -0.011997236356794425 -0.00042987642974723686 0.01220146926978687 -0.0035085909129632725 -0.0158696760382818 0.008872708918283992 0.007777933325359641 
1.019791945882207 0.0015260165181451464 -0.0019725997691215596 -0.025811864830350223 0.001501594459547695 0.0019409627963620716 0.0034091487441295725 -0.0016625166324922072 0.006923685194032858 0.0007257248575163386 -0.013773469562689461 -0.0014851384615811722 0.00431586228797378 0.009889582731363615 -0.014388820718054411 -0.0028535433589809856 -0.0005998508652288046 0.008508643992776113 0.010321354281994058 0.02054185929463259 0.012049308859428754 
0.9761359750370058 -0.0020808060042608735 0.005567600744580372 -0.016631278719387178 -0.0017814188397385611 0.004787429311863669 -0.01303851511333762 -0.005202688398387122 -0.00267818104861834 -0.007682666775540319 0.009849265693543387 0.0038005914954515286 -0.016784981986519926 -0.016008526291795694 0.014594311992910206 0.009030700614552523 -0.009291648631882917 -0.017854797890121194 -0.0037553859389909956 -0.007497789115188871 -0.010631452512754007 
1.0332867928090015 -0.013736801401843338 0.0035350228126773083 -3.9256460075735015e-05 -0.014335142725732811 0.009743340126685363 -0.016094519108834925 -0.0038967708068531936 0.00032295624304556724 0.011307787019701003 0.014658132145539517 0.02248786637749706 0.011321552980797098 -0.015208906467627013 0.010071440283184057 0.006546312094064824 0.00039169991108814164 0.004990719021679566 -0.00497975561193296 0.017613972704711375 7.201574279226809e-05 
0.9923378126742959 0.003548179896192725 -0.012176482930609602 -0.018549237494672046 -0.007077131821902228 0.021260879075485194 0.006500840521404735 0.003245144829515787 0.012230557152266853 0.005590213279205925 0.020943870655140154 -0.005090516659560953 -0.0026310108440727228 0.0008511820604786169 -0.008645212751297508 -0.007629712128083049 0.006517358710280665 -0.008671924451105597 0.006141155423890923 -0.011483899602326365 -0.005032747619429132 
1.0188435345378197 -0.0030536577256437404 0.018549327074095418 0.013570259405481932 -0.015934588984683043 -0.0012897409790560996 0.008007121649513777 0.0236493038240631 -0.009659799140422228 -0.003773897422476389 -0.005984759150879288 0.010004617899804917 -0.00022929544351858538 -0.012244655010967885 0.005788231594086274 0.007495660442828799 -0.007972561847733081 -0.017586460839853258 0.014762525369184978 0.008040295044926968 0.004712735405354749 
1.0116151010974455 0.0064134532855892185 -0.004737671724560911 0.0037124406604831244 -0.001839701766841871 -0.02207038916096755 0.0027951545350009092 0.016363443856113376 0.00018001483111005173 -0.0037893612537576167 0.0016475229134400825 0.01886218063249987 -0.0010125353395343064 -9.741600079739465e-05 -0.0012116647315496907 0.007275907672311867 -0.018827632054706517 -0.006366728737721754 -0.008409649983286836 -0.006096443158992426 0.008672440978465906 
1.0338640751768666 -0.0038459385294921894 0.0038811901093471534 0.011666833398092625 -0.004338233786506216 0.004962502224265061 0.0037324220482365016 -0.00580883092514588 -0.003612619992180123 0.008576709250303235 0.0037800437066263597 -0.011048373667618851 0.025196141858193362 0.0037147614281531965 -0.0029324488980439064 -0.0003705574820947077 -0.014265508620708717 -0.0019787568791904 -0.0044881365799116285 0.0060258476746553 -0.024562057764555032 
0.9874539242848428 0.00609878725863613 0.0018158266718732697 -0.011228593788272548 0.01307669580882479 0.0034042743614959826 -0.03072154216125422 0.0036571811751187674 -0.0095327751269586 -0.009307408068019381 0.003591538293103007 0.007190430325211404 0.006453316000099464 -0.002266863591905874 -0.004029654302485179 -0.003953124432655462 -0.005639071820870794 0.004687861115191274 -0.0022101535745256188 0.004515607893421169 0.01184361071452052 
0.9785270050110614 0.004076055339744046 0.0023161424395539017 -0.0029607687494912875 0.0010419452607608644 0.002537214808732505 -0.012646297716311095 -0.0037238615591596415 -0.0055339943808722074 0.0019319566201521524 -0.00924624723254343 0.01431647635863097 -0.010224717638459755 0.006710863646977083 0.0037543756909110895 -0.0033515444293159475 -0.0011306127127827155 -0.0018111854183359888 0.010874602339971323 -0.00831730578231902 -0.011106889083962823 
0.9669330906030793 0.004942228547468645 0.0027424621868269144 0.0008555833087191286 -0.003348906505702554 -0.009601327834761145 0.0025641884264807524 -0.00956407778949038 0.005670552776155194 -0.014520840066387214 -0.0030024757511780678 -0.00576452401506978 -0.011974801105702657 0.002382962815486748 0.005297090514270476 -0.01259829214398772 -0.0008419049598377193 -0.0045264322500416536 0.0015526497163578174 -0.00528017850226584 -0.008289678639106688 
1.04801851503465 -0.012006784165851308 0.023300756403871185 -0.004675060615251207 0.0023721263764499155 0.0010538845583819053 0.014946969180771772 0.0018036945020868714 0.013322298291704773 -0.004360006709536563 0.012304396762939153 -0.010425182941446318 -0.011995450410465581 0.0064848412427456325 -0.010939163171431359 0.01023367761105369 -0.008027934035365846 0.009185094070547113 -0.01990753466105055 -0.003491649642421047 0.0010072705196655723 
1.0170269028647203 0.00444161130785199 -0.007734870973800179 -0.005395394594089703 -0.008325874323969466 -0.008345773190394614 0.012293586516624273 0.009930952385429974 0.005312035785296165 0.003919556570358261 -0.006961363018128199 -0.010955886314181856 0.019515985994140214 -0.014443598628052737 -0.009305983291410561 0.003167618614439393 0.009609840331536697 0.0021602044568258378 0.023396861411807652 0.019951768236812436 -0.012097237751208538 
1.0105544430284925 0.012926342383013819 0.00162954613930279 -0.0018661491531306198 -0.0011947424576342985 0.021851060694480843 -0.006910329336812352 -0.0069552548513542 -0.0021633763715779675 -0.01723860760286929 0.0021205485828854507 0.0038318359705607104 -0.0008903875135958979 -0.0029506599268497406 0.012511964028331228 0.009913145822445634 -0.008483448699547286 -0.007335175730214028 -0.004171695355341 -0.006387421444661233 0.011696342028326603 
0.9361660676718823 -0.012800838814449732 0.003263254471330832 -0.002290339024578538 -0.007438704619792111 0.00748955219717949 -0.0029405525845103016 -0.007165960356664287 -0.012151782435823242 0.008980813229160937 -0.025602582202490648 -0.010671368947283252 -0.006869817828091218 -0.0009701986721332755 0.0033557110462777546 0.014970893122817765 -0.006101791152060933 0.0005730646130459734 -0.005465168480318532 -0.01726856052760422 -0.006119634227023223 
1.0019287759857385 -0.00800287192229671 -0.015170661535831709 0.0038127009531363372 0.004431314666166358 0.013170554729760258 -0.003743536942162869 -0.01702453410277999 -0.0018406159903697102 -0.007089406798906959 -0.009359877156121807 0.008762676400701412 0.020005494096858995 -0.004285452802637657 0.015006949147581796 -0.015119433260723417 0.0004660574389457033 0.0021516352096374873 0.0033314482334843433 -0.010491503773858653 0.001211352556328132 
0.9716058856506096 -0.002334562610982064 -0.019337637466348263 -0.009003932147280484 -0.006921789232876717 0.002499723264229943 -0.0014849621295243288 0.005468269829500859 0.0027402029803115856 -0.006227804103364439 -0.008934220296171417 0.0009020653352813081 -0.000664175838609937 -0.007910126017537152 0.0060719383461800246 0.0012721885091754618 0.0006135859383000769 0.013479568074814752 -0.004260355614889691 0.014819323550221615 0.014747511066907007 
0.952982851772129 0.004507816686167014 -0.007249012693099557 -0.0105925065893785 0.0070934856163092355 0.0047549195344337445 -0.005691491559461514 -0.001504959011682914 0.007502044263359068 0.005095499328886164 -0.007498585986227831 -0.02184979944756341 -0.004563224373552032 0.007573724322948692 0.015087226776703011 -0.0035609138126780114 -0.005168596224047432 -0.0033766459956192495 0.02183102666524807 -0.014828235371500596 -0.002723298057615709 
0.9479629248465713 -0.011806910503764265 -0.0013466252139302957 0.0029274107443305344 -0.0017450486191991394 -0.017294369022645292 -0.007917010642562288 0.0006239844576530436 -0.015785528305739767 -0.003755834983738509 -0.0052197558569191125 0.0005805315206470975 -0.006933899485514507 -0.00418565621573665 0.006078379218948674 0.006040126244242724 -0.017305368238014013 0.005028095668781142 0.003417587277288566 -0.010654422454948236 0.021881355662323153 
1.011372462381519 -0.002136503834500535 -0.005151615181862079 -0.009545302118728735 -0.017793771824444145 0.002691732388095807 0.0006309263924928846 0.00234391820362417 -0.005367907190260735 -0.005392029128784357 0.005821078522915385 -0.008930766785114095 0.005184960311016644 0.021165278002405034 -0.011439462153078162 -0.010192598534809787 -0.012769913208680782 -0.0053941145542162955 -0.0069747269753812945 -0.0010757024500298734 -0.001151833214148001 
1.059568843416793 0.002863346355980091 0.008049210125475157 0.02891065663157802 -0.0031721982952808325 -0.011767204746345468 0.003297486862318477 -0.001403431376324059 0.012907074286251765 -0.007771076589470139 0.0007143084277566779 0.00807257303579409 0.005297308994288528 -0.010297883636986638 -0.004843351961542409 0.013121288437963459 0.01640048680711613 -0.003025970853374233 0.005455992437855666 -0.0014449147373702092 0.00882980352186147 
0.9992614707745856 0.024637162324625126 0.018414457748354957 -0.018081865609537465 0.003262065455456385 0.000313931142253329 -0.000789417829151619 0.0006602692434850019 -0.0045518504069718005 -0.003348629583417597 -0.006747558176528854 -0.0027913438299565934 0.0031711991666508593 -0.007969968775122535 0.009864858642967975 -0.00939661515927017 0.010124983982836592 -0.006786760034464318 0.0033240595595445733 -0.0008686669564534723 -0.00031295157446935556 
1.0317707810508348 0.005264969443022971 0.020313050731933974 -0.01820708096264793 -0.01483550003198734 -0.006556911275606616 0.006387343685092762 0.011182855932355967 0.00589442579845382 0.008740245383047764 -0.008646576547330887 -0.01306429705265041 -0.005829163895473936 0.0047406777207710474 -0.0005455009613330649 0.0037003795644969645 -0.004572981177057046 -0.006844692613027238 -0.003552951719848986 0.00905831263767271 0.0020778514141654154 
0.9564129281169356 -0.015346585615451762 -0.007985292512504231 0.01966114892384917 -0.0071691813181502554 0.008886511520681548 -0.014800048345951276 -0.022298075397184532 0.007730531494708259 -0.005800604706972231 -0.0017047085199098828 0.004253983277261813 0.0031480374795004977 -0.010312297636773307 -0.010789716833002741 -0.01611853583921835 0.002578086495234388 -0.002374346741780232 0.004864442696026462 -0.0007099885190036681 -0.009969600319237817 
1.0383407756986203 -0.0030821070127710322 0.003814447677211931 0.01098808724416994 0.012616839808680056 -0.0109592950010953 0.0017298721476477858 0.009468038506698985 -0.0031165155490941016 -0.0005151000361266363 -0.003126033962184685 0.005326012156952955 0.013123474651400164 0.005526568554289539 0.014938351258455987 -0.0026628760348702935 -0.003654801272052172 -0.014477590658877952 -0.0009372062724503022 -0.004951149735020176 -0.0028657034336043315 
1.0229798024090961 -0.00868974040999 0.01830577022389131 -0.004712145112590829 0.004435374288263536 -0.0006915390582732988 -0.0038439505105104473 -0.0014192768556369876 -0.010042128342968139 -0.006671867654096016 -0.007626416207145135 0.003793245573719284 0.00911388832628496 0.0023245506294084046 0.0031769242418242154 0.006750533585023103 -0.014376102368736906 -0.002491558963412454 0.010974680574848494 -0.003766980804872528 -0.0130763488988148 
0.9864160178463169 -0.003403151359110298 -0.007961625705653334 0.005077821677879536 0.009551351983992344 -0.006768949871152893 0.004684064898285187 0.0072562635135686995 -0.003437326862146162 -0.005290034814461122 -0.0133640972210569 -0.008341343393543768 -0.016981827579192112 0.00946162874919365 0.011851938758097822 0.0010117862598732169 0.007929382063138327 -0.014423685737621197 -0.018184999338145394 0.0016074212211649474 -0.010061248660818974 
0.9908091350914024 -0.0027053849582881068 0.013379386332156492 -0.014189461179324117 0.011301042520150802 -0.0002671274274827109 -0.021237896086723183 -0.0046155366348552395 -0.009434210902006942 0.0011897414934501336 0.00303122252049547 0.004766927012028887 -0.009102738982016323 0.0094828533812226 -0.0014741137201616623 0.015460685563740407 0.0043445709993374755 -0.008909343498527556 0.01791632545316318 0.0041601154076382416 0.008385859101701592 
0.9835937657070846 0.002360581282010877 0.007667251803537702 -0.009317931979361729 0.015868814971913368 -0.0075988205702200405 -0.012636570089435422 0.016599703842653146 0.007030752583906509 -0.0001184605045058725 -0.009793815314129182 0.0067838016929916214 0.0049840686623706274 0.0025469381901403777 -0.0026053566943393235 -0.009880332560236335 -0.005518956017709531 -0.008897767031412042 0.014457741186192809 -0.01750322088886969 0.0016580124391179837 
0.9978886647875137 -0.012945478408526731 0.004362673854047865 0.006339622608126855 0.0029915867199022794 0.005227246977272274 0.009776161336934546 -0.0008536985784973495 -0.001879644136392383 0.003450346110270321 0.008454226491309735 -0.014370431746800055 0.0002852788552474042 -0.015635852276345147 0.0016501791978247617 0.00633327939679241 0.014346753267662627 0.011979091329802256 -0.01004884595443005 0.004900974918452174 0.000806906696384164 
0.9959298058810283 0.005417366328650343 0.011979552116880315 0.010251301208558232 -0.007782247841370097 -0.005468317541299068 -0.012013898177764958 0.008159180265108435 -0.008520255992073227 0.0063149458607713324 0.010796953257386948 0.010642449771083196 -0.009329895037734388 0.008202146106160142 -0.010175752756321212 0.001411401619260779 -0.016274515894079297 -0.007531967612888264 0.0034319409339382684 -0.01777679608598561 -0.009405349511989241 
0.9324480137127275 0.014480667712858518 -0.004336837347922864 -0.011124442883839814 0.012036152266659508 -0.007599515348578389 -0.005223810656141847 0.0032743105099688435 -0.00856479432972471 -0.012291743962095054 0.011414121309454899 -0.015173200353903434 0.003276739873718636 -0.015489777136676264 0.0011598126924744325 -0.0039989384787010255 -0.004884981149839685 -0.025881369609309163 -0.003844120105719064 -0.018191689670278958 0.0012946757755885835 
1.0303925161104652 0.0026054988505599588 0.00541051624900772 -0.018847653260692664 -0.023115731096894045 0.003986636873524016 0.019340534029799572 -0.01269360045754768 0.013836276719486812 0.009363649849904475 0.013177024961997233 -0.007055858556791186 -0.003925040637985938 -0.00645230443414807 0.00226077699668196 -0.009132480934220569 -0.009853197092923009 0.01425343638052895 0.002839273682742476 0.014710982573606288 -0.027033814864101315 
0.9753266719960749 -0.013372991724526453 0.0007997479643627087 0.0016339831943464561 -4.0017162015744096e-05 0.011826501020680126 -0.0059609097359178236 -0.0012749392116963 0.0010469506696312832 0.014272245624960718 -0.01720351254320855 -0.008345803464025114 0.0030764580285168124 -0.004521226018940903 0.0069868087559211076 -0.004811308587189086 0.003904173166106076 -0.002130356391773606 -0.018399030802525987 0.0037514948625952784 -0.0037212258432888358 
1.0153921968036923 -0.0028913347904600895 -0.012312450603824965 0.005468020285932471 -0.0017171108784626583 -0.0005973428591237504 0.0015892051970806348 0.003319089819941683 0.0010301813597962067 0.009788775359765479 0.009862635508458808 0.008298185813912822 0.014533709336920886 0.001831973027415153 -0.0034995193196549383 -0.002092489860144154 -0.0046274029731518534 0.021818749537423954 0.012542678815668345 -0.009498801819458412 -0.01031862825417379 
1.0062954402176882 0.006805013962173096 0.007500621814725233 -0.006767503967345342 0.003275151053993736 -0.007367595044338561 0.0021159214821576187 0.007273838164987441 -0.006739100441347472 0.004558957159712953 -0.005888633229895119 -0.0025772752201010606 0.0051058505880069915 0.011740561581936449 0.001703693957028184 -0.012428586299533691 0.012301919608394026 0.008505870538902597 -0.007279465011138682 0.012406982050044122 0.0224549718435512 
1.0193804947151461 0.004088388504022364 -0.004360556097827992 -0.007329342393849718 -0.0037301564549508375 0.002584297295563235 -0.002798877909940179 -0.0007333431631861936 0.010534448097815544 0.010050146313951116 0.00965338446518492 0.008017075187416655 0.008826201364303912 0.0033983669784125245 -0.024600103408184363 -0.006779044964503723 0.012099926389299522 -0.0044643174194548664 -0.0038620957299234757 0.0038631166605398786 0.0015650929302637882 
1.0162001230928646 0.018440117953350616 -0.010625882870351464 0.008072975770183071 -0.005630712100761347 0.010212268906847274 0.002165347229444549 0.009579770781151737 -0.0022326504988419748 -0.000919779277475534 0.02025774768816371 0.0020823436382909804 0.005020421408084215 -0.0008496397599679312 0.010916860601519085 -0.002236675341632993 0.002685260997313698 0.005435035031043078 0.02215256583063221 -0.004211767042133259 0.014328860220732566 
1.0222545749703715 0.003398859836061938 0.0126371318729086 0.010614627810463451 -0.02801802287548471 -0.001698998987257184 0.009945023249576803 -0.019138034488401238 0.004003520320691059 -0.022091221848402728 -0.006266096937673991 0.01460317191663687 -0.007967150722593101 -0.012064974121103494 -0.0014554094404887823 -0.013256621302606764 0.009313527097746242 -0.01491129414537005 -0.001154485848035428 0.009426840416992734 -0.012534173802673614 
1.011040190244066 0.028896857005128777 0.000401128560445546 -0.018196941709594402 0.005937404799419562 -0.0001986601332337492 -0.005397276926430411 0.00046869008499080786 0.008010639503515724 0.0020419671419128612 -0.0007595173655553703 -0.0015250494121696464 0.0020049435557598382 -0.007613999672998412 -0.01293186454580571 0.010265219539560739 0.011881589727631814 -0.0018847623565074047 0.0021823710259352936 0.012096039739095352 -0.001195111075727378 
0.9640325782098749 0.0025584615782493986 0.0017191914102553862 -0.02186148858465738 0.007528015674201465 0.0023618070545453037 0.004271501791045794 0.006309449653132827 -0.008609592989194373 0.0022023955030633998 -0.012918109405688397 -0.004256931295531217 0.020621417214686327 0.00038092042326813466 -0.00599160780513063 -0.0028806804285305223 0.012203274035743906 -0.015827912445306916 0.009836570133937768 -0.016201129872277432 -0.0031006530858191735 
1.0161085947154103 -0.004464485056358236 0.011883661266043738 -0.011501193963440109 0.008784399027379703 0.010435522229365207 -0.008062237926349585 -0.004488225580810282 0.0034932201932147532 -0.011734487819835712 -0.005315040075656211 -0.004158312532675808 0.005650079209992643 -0.013173864571978996 0.02149352161747109 0.00020320403682722377 -0.018705094755735296 -0.00795333531280594 0.02907371412300633 0.004451761611078894 0.009527648950067523 
0.9699591047096754 -0.008013468225530706 0.0010028701775874657 0.002405164025310031 0.0112389062019491 0.0029749728062617125 0.013745936097117478 0.014221556816233383 -0.010209940223892005 0.0021349692023899846 -0.011140168028740604 -0.0120427557237829 -0.007930953301389198 -0.008779357139266005 -0.0026312565725369903 -0.01334611342971347 -0.021061201684888183 0.004721993258880697 -0.017221786948623415 0.01432902413680881 0.011943040746698495 
1.0137091540245229 -0.018174255531094786 0.008712641822986793 -0.00033150513243004594 0.011632547274532017 0.0035494028789342887 0.011774474691322128 -0.0131330130016448 0.003958777090213045 -0.00034379165075309906 0.006573938904606838 0.0031025600846016376 -0.00963208436686173 -0.0037501754666161907 0.012059800257516476 -0.018001833328910876 0.018945453455450376 -0.017739113365409905 0.01239252049700002 0.009653938072328408 0.0026964879377261875 
1.0192919145799113 0.009929415966795222 0.013179484610279655 -0.0006170948711647023 -0.010814709800755965 -0.001507414497114446 -0.0028563736944260437 0.005152792861360286 0.00782390323016759 -0.0039070426175499395 0.002214953785396096 0.004353479349069795 -0.0073789293499616875 -0.000612674599027274 -0.011416235684242122 0.010644272386050407 0.016874906825652267 -0.005732604652860829 -0.0034706171102032346 -0.0018872987639565117 0.008911863124307586 
0.9717099385451191 0.01237685049763304 0.016540959940519545 0.0012513253349150462 -0.004260423504682404 -0.0006927859724442386 -0.0024373664454331316 -0.008640437861132338 -0.011072893549422749 -0.008308826941237033 0.0018930946372226502 -0.018773613618087315 0.0009521368750975652 0.0026507128302100257 -0.002427176669361391 -0.005434407764298678 -0.0039352103054272345 0.003933367978674538 -0.010994605394139958 -0.015915858196116475 -0.012904450038975324 
0.998266115144219 -0.007336540569668807 -0.013648382698079725 0.005217133649803591 -0.012662781410449735 -0.006310159952334571 0.011736605421146261 -0.009448151045962541 0.004202876100942531 0.008983989333696363 0.011856394597163158 0.010999190154159486 0.0158311539742968 8.167353257242433e-05 -0.0021752661196508 -0.018386108581725426 0.010486693292334584 0.010730912360867288 -0.02210733858226925 -0.009514184737498852 0.002144997743284849 
0.9727028505179539 0.019493157115716375 -0.00545362488034391 0.01682454268578028 -0.003086163416740042 -0.00025245142408249427 -0.007575694310650596 -0.00467454455537536 -0.02516177546556972 0.01705976266555308 0.0005362301533425102 -0.0021893675300004257 0.005503341352316271 0.017490571763334847 -0.012769569434573034 0.006616108177326357 0.00506467135383583 -0.0022896409589229488 -0.019232154168299084 -0.005461899298184642 -0.0012981383565517696 
1.007525162560794 0.001850770559989215 0.001076199553781496 -0.01925188716180319 0.005728381156138479 -0.007004719420782927 0.01678549544603218 0.001195489187987749 -0.002041091087736011 -0.01176572594605189 -0.004447099989234461 0.005977458229761008 0.011004534399976718 0.005706990152277891 -0.005651509312998617 -0.0034317865561190293 0.0022591098299140793 0.009659964873477093 0.008985997439831046 -0.0078013402385831015 -0.010851306093416002 
1.0023744477849348 -0.010542816959179314 0.0025216257099391344 -0.010946507195050689 -0.01586883427894001 -0.02971162923805312 -0.008297767245449622 -0.004133139121142404 -0.006255898330227938 -0.011996187209481682 -0.014191623641065796 0.007030353980693792 0.00693514451102773 -0.0022636263384374204 -0.004799893385810993 0.0062479322533096635 -0.005032261616501304 0.010406225130027159 0.004948742789307476 0.0034616013416452866 -0.0016483208885752381 
0.9809612459665806 0.0007985577813889401 -0.008833969486110023 -0.0045908497911514865 0.004768103242333643 -0.0013318488447277197 -0.007513968040195706 0.0009225382171237373 0.003276883544804215 0.013684312096097976 0.006886124720386514 0.007068574005445701 0.008787628755757561 -0.007915658427716734 -0.012822589757839103 -0.016169725756020308 -0.003667306693940109 0.0017304942081644542 0.0011022702145843282 0.018274915052551906 -0.01409650642834038 
1.040278722751692 -0.003921252445228522 0.005161829381808937 0.011640294751656472 -0.002968757650983857 -0.005595696395883024 -0.002948678400279159 -0.0015045331838334 0.007023137248588459 0.011459384900684691 0.005614678860586559 0.02069521971744496 0.006830240042923164 0.007265709072859448 -0.008624169378723522 -0.0054281092061659025 0.010736727064526426 0.007867541524034068 -0.0019518406327131432 0.001464787919634587 0.004659156110806795 
1.0309718381916406 0.01652008709267888 -0.01571079178508217 -0.015045904272495112 -0.0014690738962702924 0.006525767177137023 0.012664886744146437 -0.007372936318963404 0.0061181833631017025 0.014370149903376275 0.00020961067630349153 0.019163296600938726 -0.011070282873410539 0.012215418965562346 0.00964782783400274 0.008074671886865874 0.014539198925724176 -0.0007613140949778758 -0.004129852489882687 -0.016919917226973703 0.004813008645488364 
1.0062857808810075 -0.007489124540949579 -0.007356258138449422 0.006857724587168982 -0.0032501413168351014 -0.001613000500496346 -0.008569321217466366 0.01563945726109721 0.018332886078152547 0.002088859828084637 0.0011098481950669145 0.004392052304249886 0.010265128550374463 -0.0015189237704112343 -0.015603922373224569 0.004990218332087331 0.003600209621559651 -0.0010508569033614306 -0.0034562575373463626 0.0011257141414503355 -0.0009316149508195276 
0.9987950675680372 0.00011672281045999118 -0.001972866307011211 0.007439272134590951 -0.006842935668897103 0.006392210667114132 -0.007130006425694878 -0.0026691205250911638 0.00874168182005601 0.0055724580556973085 0.0059502189230380585 0.002756070557350248 0.010136675724811132 -0.005054052657198391 -0.013161240307593986 0.005221342911746496 0.010458396997285823 0.006255676125928196 -0.01663072775817798 0.0013340298929215256 -0.009860042744379554 
0.9258737900991485 0.01069913503519765 -0.006206835459216627 0.006031593748098061 -0.007068549324403135 -5.731259480806251e-05 -0.01779886256628304 -0.01392660832033833 -0.00713983989180576 0.007812086190010848 -0.009549516103674927 0.0012347089660809832 0.005561497049190967 -0.0005255049952317318 -0.025539126127141154 -0.0072387147062961624 0.012302640464056274 0.0019050490906561055 0.005483679292678528 -0.0010681745291665702 0.006472739581072605 
1.0067676212114869 0.018254297335307344 0.013422380239942938 0.0152235304400783 -0.011407983013525249 0.0011264320384464968 -0.006053277804772321 0.0029993049444718553 -0.00366333291720115 -0.017881169469047258 -0.0004791553334943032 0.012417850191809828 -0.004040538394910953 -6.798760584820746e-05 -0.012750522315323221 0.004328725505258372 -0.004946462858943171 0.0025362747218142735 0.009718141277068345 0.0059255493881698006 0.008308852326624528 
0.9940035949944386 -0.012089185183476032 0.011402594482518498 0.006622739884032387 -0.010897651985252211 0.002143861354428835 0.011150118329185861 0.0020613211558976473 0.017288654540154196 -0.004139918526917223 0.0017451093913869037 -0.009114395210250535 0.0018225813690821006 -0.0029091460372543043 -0.0009466284729910987 -0.018755064340065658 0.0057120826956398784 0.0013429313427311112 -0.018683516601349707 -0.0033121129279462392 -0.0021255723265248294 
0.991311767626629 0.005715808156988951 0.01250054721535694 0.004617254427090187 0.0032354587576194594 -0.000622913453017229 -0.007907751205343955 -0.003656840724334071 0.006530020082029169 0.021161587519004006 0.004440310357415839 0.006567164458384752 -0.010904334458719519 -0.011741862334414656 -0.010916485627053874 0.0009649194872102261 0.002948096686346573 0.004993983714894061 0.020156308871954295 -0.0011753770396227626 -0.004582531756562448 
0.9991890312969377 0.017046654865773076 -0.013391733309481393 0.0015192200250430715 0.008366753069184421 -0.011264825486000383 -0.003524948890325589 0.015796092989013834 0.016961284982423545 0.0033911176882029273 -0.0012161169463440387 -0.009341525263914942 -0.004392238111624463 -0.013456830875431192 0.006269756592975112 0.0025821740933391385 0.0036411010837891188 -0.01508841221791794 0.005134673884247812 0.00034815178783300185 -0.0031649381676332007 
0.992344704023868 -0.020241189211290735 0.005561108605155529 -0.003619436930326662 -0.0013704924030788943 0.014618271993802721 0.003536722737433505 0.022025332543318257 0.0020778100434788284 0.0009182029546624357 0.007042028649412117 -0.014731072114631592 -0.003970072710331853 -0.01746458983295994 -0.00010283555938254887 0.009668711030210095 -0.0003371213567586115 -0.0010542247726265655 0.004298951246586038 0.0102893237374844 -0.0030931415471196645 
0.9840215512833673 -0.0011082044433533087 0.00251866205138277 -0.0013230452345560169 -0.017866871454654022 0.007967902737996803 0.0013783065631970846 0.011052009197121817 -0.017300234370745238 -0.008103416165615397 0.006552469015157478 0.0040332213243045 0.008673203505643245 -0.01579497613424664 -0.0006932476270077165 -0.02179786950830116 0.0024235571017455996 -0.0019184006547665318 0.003531497711769735 0.011457861239781429 0.015353203152547117 
1.0104813412707618 -0.0085900127764317 0.005572832760880421 0.0027851813715689283 0.0010928531081326812 0.00557087501042893 0.0023224769341099196 -0.018888486327740858 0.00512254176278653 -0.0006734862615474025 0.00344089471527172 0.007878066976521339 -0.025043383150358332 -0.010140837797109241 0.005829763131806145 0.00045656889232494275 -0.00444694505462141 -0.008558323342099229 -0.005335707779866152 0.008076569250192076 -0.010114241579207714 
1.091459246551616 -0.005482113490630129 0.018590672915393885 0.014697646338081762 0.0058760670071166055 -0.0053875422468612376 0.016396141297587274 -0.004413308641838784 0.00556394894373546 0.010097179440471423 0.0090547612438333 0.024311100029916072 -0.0015158040430843442 -0.0055433375144923495 0.008096661263230902 0.013032756056768853 0.015091021836447787 -0.013903758568221307 0.0012556011861502637 0.007497344834974746 -0.011604873731048597 
0.9604378444776521 0.0036887757698922602 3.872370104344625e-05 -0.0004623558486912765 0.001368589782196189 0.009073059229085795 -0.0007794296893784228 0.010731638978452574 -0.012197336717799162 0.0020490931768091625 -0.009993514546825497 0.006083563928616358 0.0007887847633616111 0.0014938861224638833 -0.0016349521103576512 -0.006517165468214552 0.009270724093689665 -0.007638481577001002 0.003160329242877113 -0.011077494253850392 0.01525826447801249 
