"V1" "V2" "V3" "V4" "V5" "V6" "V7" "V8" "V9" "V10" "V11"
0.97153086386846 0.00117051174280932 -0.00762499692008684 -0.00140294919496975 0.00767482839010129 -0.016453831162048 -0.00822412757594306 0.00259430787126097 -0.00507779561643227 -0.015165921533526 0.00392579803921958
0.879418118355348 -0.00270285419167081 0.000322560601722802 -0.00610173160359974 0.0129390598148374 0.00752240178353374 -0.00308831368210918 0.021019005834094 0.00231835963468694 0.0119429209418008 -0.0187816114097266
1.05888239363526 -0.00568571157889755 0.00549593543862501 -0.00158410006684584 -0.0073037778966328 -0.00507409595764078 0.00814605513300941 0.0131278066400888 0.0117444360244227 0.00118558189239145 0.0094687622814269
1.03443041191953 0.00583067607209683 0.00591337545185218 -0.0115155481584994 -0.00617688224287749 0.00687038866117882 -0.000197926362550284 0.00486432856186754 -0.0192218967526553 -0.00207582833659233 0.00661624048508943
1.07915020701857 0.00148293001174919 -0.00695100096166715 -0.000139580217690295 0.00344584699435374 -0.00272060305766421 -0.00338499273504829 -0.00727695968422671 -0.00558654399756372 -0.00871516215133893 0.0159227107073363
1.0299016525273 0.00230609571503305 -0.00115579540979296 0.0016048342217593 0.0129184966087389 0.000592599274855282 -0.0232176062484182 -0.00274473875675026 -0.00275399724071135 0.0165028276496454 0.0220347002809257
0.994025218248364 -0.00129504519807494 0.00725831212283498 -0.0167780374170869 0.0156654496255512 0.0040741167270898 -0.0115723272642274 -0.0132723812820662 -0.00525908003313918 0.0272915508942254 0.000359402438022307
1.05340847641597 0.00359973314844318 -0.00200712791030811 -0.0174106673358465 0.0077805055750843 -0.0148172193100633 0.000402643151381448 0.00773522269640682 -0.00268758312585716 0.0203334912223191 -0.0118177784529011
1.03626723317059 0.00249023756246588 0.0119696742593962 0.0271466493422455 -0.00534507874732713 -0.012278340177045 0.000183388598109992 -0.0213581210032786 -0.00601075317267288 -0.00142126107006374 0.0103765779346258
1.02873922904007 -0.00794308049102963 0.0189167564169173 0.00842005279141429 0.0056086333665981 -0.0114953266819481 0.0104241768760669 0.0115097476073499 -0.010685898350384 0.0111495243830272 0.00318703146077201
1.06241550598016 -0.00405722728645869 0.00443023727838342 -0.0139488855963905 0.00373702807035386 0.00179027477469509 0.00100149489159225 0.00474874787949494 0.0102853676314745 -0.000869722749689672 0.00527171354168307
0.957669841022976 -0.00514004743249077 -0.0105849335462404 -0.00911118147314946 -0.00825552531254793 -0.0179658394409801 -0.0147357976949153 -0.000307137296151832 0.00746862323312613 -0.00803508269495354 -0.0117201994159074
0.860689239928446 -0.00145880034076781 0.00838306677274269 -0.0178474740794204 -0.00716483932959586 -0.00801895511575154 -0.0042711028297719 -0.0123057096523517 0.00824978832295676 -0.00261807652211171 -0.0205240263619815
0.986151409727005 -0.00510741219736297 -0.0199403605443663 -0.0141093701305982 -0.0028408726303914 -0.00755503435809277 -0.0115175203265421 0.0060878794911126 -0.0130675621690258 0.00480407010573079 -0.0116411814026383
1.06613929885159 0.0107444663029473 -0.00258594007673779 -0.00763702707164669 0.0305023087358145 0.0201086489180976 -0.0135052010284261 0.00189624880520833 0.0120908202801101 0.00505390304368386 -0.0210048307902755
0.851646857385581 -0.00698280532023088 0.0121786533429823 -0.00457948176816646 -0.0137846045845625 -0.00191509355878031 -0.0028548552821609 -0.00255981586995372 0.0238027653633371 -0.00308569060307707 -0.00188844717748987
0.958180408949439 -0.0108854181406036 -0.00208051597137277 -0.0227128285219161 0.00991186295815173 -0.015901606549474 0.00819970286079402 0.0203956783439477 0.0229406440726395 -0.0034853275486021 -0.0038437875536631
0.967577220878946 0.015995683849211 -0.00413732550628474 -0.0177814307347211 -0.00963647355328704 -0.0193470930070658 -0.00022603421130919 -0.000414262596679169 0.0115143899421637 -0.00569359372433816 0.00504673717068414
1.0595196907361 -0.0104705386381352 0.00963036418521192 0.00223471013945452 0.0148560244259544 0.00922167365607431 -0.0127692986087167 0.0028283392873012 0.00537653781516495 -0.00712644063161738 0.00444155589237834
0.94942528866396 0.00258073657975613 0.00607471095261901 -0.010933883027613 0.0119703685085589 -0.0112031529341552 -0.00064032020742263 -0.0187376454641245 -0.00583231486967529 -0.00297530596171228 -0.0112416178367463
1.09517197016345 0.000414597368630838 0.00387462690517392 -0.00179039131006789 0.00230835438762665 0.0070697816133641 0.0032842402001289 0.0207585481435308 0.0175909974515415 -0.0125397043534654 0.00183801162352951
1.04963238080014 -0.00551446096981345 -0.00470988256859662 -0.0131826352710522 -0.00644073533029219 0.0336432316151479 0.0147837214312256 0.00154531617245356 0.0142367001877498 0.0100107145932535 -0.00650061439364275
1.00773352525628 0.00836682744637965 -0.00665597256826953 0.000655102901163562 -0.00481409781024615 0.00642096391515734 0.000435794744853848 -0.0182191844188307 -0.00627747651460769 0.00651246971806982 0.00883403946564188
0.94377969798758 -0.01295733218254 0.0121781805416454 0.00161869065358465 -0.00974383642547107 -0.00116431762920552 -0.002326824725435 -0.0116354732428349 -0.00406068900224495 0.00317806668029511 -0.0198850820485789
0.971056779334337 -0.00881608236202047 0.0167457375587661 0.00565017735292362 -0.00381486272401717 -0.0123094637361329 0.00493237883083131 -0.00421887635917985 -0.0195495776702011 -0.0151514517654294 0.000546634924975689
1.0523635709177 0.0183370110372651 0.00216403123585979 0.0191836824824202 0.000486385781958789 -0.00193168794414072 -0.0143099683132184 0.00824218184595037 0.00472399021544794 0.00888446673388519 0.00133301021591254
0.90252095429914 0.00436370552691736 0.00380327320849545 -0.0144183810521707 -0.0136554475215109 -0.0111864171754593 -0.0155951351801933 0.000609645233453162 -0.0113560261097718 -0.0101556329627121 0.0297647816585954
0.929780185700023 -0.022346078301069 0.0255548309586409 0.0178451017502065 0.00259881967236056 -0.0165926703629991 -0.00065068319649536 -0.00618129875839422 0.019788634218397 0.00540224035927331 0.00631611187916816
1.01853623494545 0.000169759460987456 0.00912264039067454 -0.0111004903318772 0.00530152770928318 0.0037384423253242 0.00993274224300553 0.012359058749443 -0.00361538701734007 0.00294828205837517 -0.000574400694454702
0.933261587273235 0.0116430730356671 0.000619335531948828 -0.0168648607673444 0.00182000067707586 -0.00214918714148993 0.0155540513355391 0.00354434135483145 -0.00770413800012612 0.00623139536817466 0.000735092090337443
0.914374402840958 -0.00452022706863966 0.00595639469560601 0.00545411919258849 -0.00676948916459996 0.00424225406950337 0.00868572919137658 0.0045897768155642 0.013785116669792 -0.00452784637014621 0.000958863367443603
0.961587291517032 -0.000510454008428353 -0.014959525650469 -0.0184915107807282 -0.00845611510264648 0.00180433893468589 -0.00146164023663541 0.0229319909664387 -0.00623743414556246 0.00722963591115577 -0.00220474188783622
1.09905455899651 -0.0093285034132715 0.016485736650851 0.0164863129829904 0.00221785240745576 0.0078967771125722 8.14893043692637e-06 -0.0112593621437372 -0.00873521384479112 0.0153959915798365 0.0128410203817671
0.941712636635996 0.0111928202402628 -0.00580802880561306 0.00204081061200472 -0.000867172541547841 -0.0004072086738035 0.00203667701649964 0.00381151513457939 -0.00597206710027943 -0.00504402351752587 0.00538076147056526
1.09573023066533 0.0166869495147358 -0.00637836648072791 -0.00446208609849161 0.0210202748143863 -0.00519372340648373 0.000820285684451377 0.00740467743651985 0.000200045202477512 -0.0103294329425172 0.00317850786181202
1.02012577969455 0.0082495236195678 -0.00758949452075202 -0.0136708699191264 -0.000667740947613875 -0.0100923466750865 -0.00512600059412658 -0.00211949200117971 -0.0126545929368959 -0.0162647819756375 0.0154992485479029
1.02452220420276 0.00731527428097347 0.00142983863649642 -0.0127500142925 -0.00632358547712499 0.0113346653128245 -0.00939570227389498 -0.000737021421202919 -0.0174128048793325 -0.00601721555747527 -0.0180005118370324
1.01178424262227 0.00403400358416419 0.00352837929198034 0.0202638667909667 -0.00398004073403953 0.017163274408327 -0.0016732066294363 -0.00769535002322625 -0.00291465777756288 0.0014537895973321 -0.00319220836294459
1.050584987913 0.0164612302321091 -0.0177425206972717 0.0180210209056063 -0.00109843887512241 0.00025870220735668 -0.00986656591987657 -0.00464007424639468 0.0159934719200608 0.00614661948144408 -0.00266554048093582
1.12623486480762 0.00390851570883058 0.0145845689111123 -0.00154087035247433 -0.0039315761192403 0.0133284940002538 -0.0108200460175588 -0.000930632029399586 -0.00649949515499548 -0.0144938684893087 -0.00658825832378889
0.986833045873317 -0.00474978856984787 0.00948177809518827 -0.00200078464185145 0.0097393768830914 -0.00965990983650868 0.00660264754924939 -0.00314037877901274 -0.00829604808941111 0.00618749633675489 0.00250644783854467
0.925073808229062 -0.000641151772827151 0.00203319980272554 -0.0206826068915208 -0.00747045094503309 -0.0145495819679598 0.00293458549193134 0.00665260100671535 -0.00303094246541544 0.000207990406338759 -0.0161246037466011
1.05437257938954 0.0119137587318832 -0.0105090388143287 -0.00324962450231927 0.00598141031200923 0.00177469686917312 -0.00658262572107982 0.0108513144337367 0.00799634675148823 0.00146934389414354 -0.0102071287852665
1.00670912220097 0.00909223893797279 -0.0291341000770587 -0.0162440721869189 0.0128419480094201 -0.00218865281924572 -0.00158253078735821 -0.0186195955847985 0.00079766644524015 -0.000587981987268541 0.00514500886174979
0.999688729115176 -0.00176237292072914 0.016470041320102 0.000281980141263966 -0.00648492415175224 -0.0119669038991239 0.00702610089217466 -0.00134467920763589 0.00530930153624329 -0.00578298170965347 -0.000524142710814614
1.03434988663575 0.0105989303571524 -0.00602298110735548 0.0119039141565572 0.0119137805329294 -0.00840570568468845 -0.00168780995692666 0.0086239550862174 0.00311029717800368 0.0222576784887077 0.0022733126504122
1.03047810420647 -0.000415533655585525 -0.00967935961808314 0.00674306933330687 0.0127240973241047 -0.0186185799087924 -0.00307388147440578 -0.00766230880775711 -0.00889987771969475 -0.00336171212110629 0.00687922740042445
0.993768490944109 -0.00346533952524517 0.010115880890824 0.00452410645430499 -0.0124363087496445 -0.0101900959528336 -0.00272366054706296 0.000599871944409379 -0.0141494472378111 0.0236624724196306 -0.0109457752223453
0.975799801033496 -0.00661897918973484 -0.00237735868386652 -0.0115215527450022 0.000136980956023637 -0.000335436085820531 0.00714329044872204 0.0181580118590401 -0.0077346001665498 -0.00573083867583961 -0.0110698237409286
1.0465001599408 0.00543091763983915 0.00467199035886082 0.00422930379053122 0.00977735367742303 -0.00522710307170256 -0.0132364334847845 -0.00935658381974385 0.00367271842875763 0.0209908185349499 0.0196764498148603
