column1 column2 column3 column4 column5 column6 column7 column8 column9 column10 column11 column12 column13 column14 column15 column16 column17 column18 column19 column20 column21 
1.1354533859271212 0.05636261704533008 -0.02368144383960517 -0.0936070856139089 -0.02524453987788457 0.0533067109877503 0.09203392281294366 0.07651358105186841 -0.03641832633483288 0.007386344697530878 0.006231434883657853 0.03460460611364021 0.016794110406075657 0.00614165786111955 0.03409590736077577 0.042286692383025556 -0.03956393153329072 0.01693860192044367 -0.007766793646266309 -0.022727421713111165 0.02905224950122284 
0.889316564447322 0.08576916663435347 -0.0444672624121216 -0.01392431742929948 0.04574317425835765 0.034258730224239684 -0.019207306542955195 -0.08371111928152286 0.020567023733159183 0.008504671665221297 0.008666137661170616 -0.007410573412019128 0.07072776148353938 -0.051121123556203796 0.02711605798424359 0.021357621389945416 -0.020733863567574833 -0.08415805440008937 -0.051200367334146235 0.03450753369953762 0.07199914947418533 
1.1229139333105853 -0.024506535607218806 -0.0045032890187216195 -0.01780818236164419 -0.00016555092147353234 0.018379580973777263 0.04846087606939462 0.060119018754900014 0.004691115177420732 0.026724358247324588 0.023518756218166847 0.0036388938216810928 0.006766893631770171 -0.08939355328811159 0.04272556820961151 -0.11025299779351608 -0.02346727035585708 -0.051597436997112014 0.021641219414553266 0.026997343681169978 0.025133436692141742 
0.8683093603190188 -0.05595358501323239 0.018845655625925026 0.02511107743735691 -0.06299945943604737 -0.009704192012026125 0.045952128011534005 -0.09426295611259682 -0.005383175016810017 -0.03738465546910967 -0.05649744202240619 -0.03646004779018951 -0.004724975834691412 -0.0017336488832631924 0.023260531020285843 0.12125887698192539 -0.015680827566529165 0.020663018424039576 -0.04948668420746946 -0.026889012440379848 -0.03958222722534964 
1.008018707146641 0.03515428279791976 0.017539682982793865 -0.006001985662194924 0.038081750019137585 -0.02679464680246517 -0.07842722149636361 0.08391171776563647 0.05715241954123767 -0.008143336694577008 0.04652751552557255 0.015225592393425311 -0.006786596483698737 0.01655134980608455 0.0013498303921768108 0.03204259340685998 -0.04167636107222052 0.025151674415519267 -0.04414837042083282 -0.0330077563195587 -0.05249149711974386 
0.8950681021720096 0.05296734294678327 -0.002761681295866694 -0.027489406383475558 0.04085003944005465 0.022272979509909068 0.014535918919313518 -0.04227260768443933 -0.015468551144138901 -0.07258428751776176 0.03514040906493878 0.03260999252458973 0.09440823801137987 -0.09230762414342733 -0.02528715977368918 -0.013811390422073428 0.021687674033646267 0.0028914633098203633 -0.00942703355933712 0.06438313197432538 0.01834536986053679 
1.0476660080032818 -0.012801287425730903 0.014866909030966026 0.02461181306181215 0.12064600171808929 -0.011171708837574687 -0.04281085131060844 0.04596203610739462 -0.0976723849457709 0.06587431939341969 -0.021886743775162917 0.08256522907263031 -0.0034132559893394914 0.02504803153072362 -0.025183632279865937 -0.12324413467041631 -0.06492469858854447 0.02335822455570177 0.050737016299103876 0.012779000873038357 0.054838885775816616 
1.1324499178484013 -0.0134133869598417 -0.05332741123093659 0.037703866455485326 -0.1700520201762642 0.06031801253584164 -0.04924405965092882 0.07245995731339423 0.06693779530622661 0.009257368252610011 -0.014198707200350096 0.023426459890516567 0.01592933479948781 0.04073335065097142 0.018185948705875813 -0.013755384166621067 0.0874777855624809 0.051620179185770956 -0.02837616548056537 0.06972519889626587 0.027687611915566776 
1.0928648522312665 -0.017367053358227993 0.06009180142256587 0.006850987589368158 0.09415112875751572 -0.11341082428744004 0.033566477633744284 0.07492393235820735 0.014027852280709139 0.02032442204065052 0.05148383222557629 0.04178687821786156 0.0028929704719428857 0.07389867782126439 0.01984392856891114 -0.002857919856376031 -0.02755293852000363 0.04654474401309534 0.009054801936529818 0.04194988922239045 -0.018638111123648694 
0.9053360773214416 0.09300182362330783 0.013868741280922551 -0.07821671939664628 0.053967209319019806 -0.0023341558290333347 0.01345673364756042 0.004968958217052873 -0.059468265738887485 0.06402840327938296 0.07362320457855469 -0.046027531856004666 0.020678907523791357 0.04504563110696905 0.028952513993813784 0.03475883361233332 -0.06166527307352191 0.014728644564367977 -0.06736470208361686 -0.05778168391041212 0.03956320373294008 
1.0443602265687013 -0.05542307524213466 -0.07315228329170106 0.17195210391875385 -0.029250410997526073 0.04869208476026664 -0.04230478270037685 0.049398671639691076 0.028175957655995416 0.03851431611904732 -0.012865092029889705 0.08899946833057627 0.015468114229602682 0.09675268666945411 0.018396382109424483 0.04483978865334404 -0.037373016331474954 -0.03247050282077945 -0.09936688691464307 0.022051551664430943 -0.06174172205436138 
0.8293986518520915 0.012226249235152274 -0.037571000187204405 -0.08920507994380655 8.971995702876953e-05 0.02447201595062931 0.08300369558717996 -0.07190332817574221 0.020058987479032675 0.02566382452051697 -0.10232997658216073 -0.06850661904545682 -0.006672831673073919 -0.03667059986175025 -0.016778758161080872 -0.035758983594725624 -0.07585671384341856 -0.006840180278093773 -0.07244423937972976 0.021486152818348914 -0.08472675336078814 
0.8602548906100955 0.08656562085239096 -0.06120128205242447 0.023324129226565966 -0.021234008954271615 -0.048420351378861755 -0.07956949255194512 0.03319134757437364 -0.08000240282793025 0.026967519121120994 -0.03476248802171166 0.02855317638857709 0.017018222563666346 0.06636238735744655 0.04168986980909369 -0.013971034339357362 -0.01497373347287512 -0.051041121041129595 0.026810365688302713 0.05528329540540782 -0.0060485653843165895 
0.968068653810952 0.06926448565772367 -0.03733206658823062 -0.07603400513123487 0.07302724269073457 -0.03934071760976046 0.04913786449787048 -0.006445241850239159 -0.03398468060533533 0.02373455371644169 -0.026501698012779275 -0.0021762592600349487 0.0214652273341333 0.039878015598395655 0.05045349583406059 0.015732139143543843 -0.008323984270388525 -0.0031202281027906857 -0.004604013342393464 0.03460937781685385 -0.020324237207844233 
0.8471301745389335 -0.04609096309324409 -0.020168725832559367 -0.06531490933949193 -0.069821620511711 -0.00018569877522573743 0.01689250220936523 0.025450116620068075 -0.0012576549382089489 0.00811343724032161 0.02014109002472475 -0.02391815375925037 0.06526011418882342 -0.011953477473676708 0.04780271027134919 0.00959453112089809 -0.053906306420157236 -0.07788140908627203 0.017921244439512058 -0.01010250604644014 0.0019946359569173555 
1.0050738513433108 -0.03725057862460364 -0.03490061577042828 0.011853562409588224 0.04255590535733775 -0.04414498917806072 0.004201251164190397 0.012138632827736015 0.025950302352342004 0.02883579048718543 -0.0646814198724622 -0.08578091579092284 -0.02376269396567239 0.02993136946520383 0.09383866475761952 0.06266948281905271 -0.03921277451571901 0.07051380192683628 -0.016127408505493806 -0.024240594443233822 0.018613655648688623 
1.2706873981299114 0.029549119117447155 -0.018552629585813798 0.05339851728093153 -0.023016994249964767 0.06539313015606345 0.07536178886948003 0.03048254068269304 -0.0103535196360398 0.07449559579383565 0.02009683837359857 -0.01900074029636282 -0.04453258370496163 0.0007284959682091692 0.04975412004565628 0.016947055587336446 -0.026015568167892918 -0.031064145599392353 0.01634157939663573 0.05395204234459982 -0.02508294138151715 
1.0396502340379994 -0.04720838930093242 -0.027686050658486838 0.03885421450423998 0.08953487306391984 -0.0423597904888004 0.06642173734383851 -0.0005313721011401079 -0.01618528514848914 0.030294563631252953 0.03529465753978611 0.08032159100459386 -0.022607289993776543 -0.06505885453547859 -0.05225160649844939 0.013203615989254971 0.045943588340984776 0.10694254565419314 -0.04482559637371471 0.08107364130242378 -0.024029832544458164 
0.9302493572817191 -0.05806054787065791 0.047347241871356305 0.013121334582748993 -0.0020241860873150045 0.004367946720215058 0.027800942701119102 0.05269942589093832 -0.08308718684437787 0.05378478596091896 0.009360230842740111 0.06731046960679465 -0.013342731244091964 0.02984487128659933 0.022355284863416314 0.005412928779303532 -0.08252111373627638 -0.03152877370877515 -0.052693603719989573 0.010279191661766019 0.05846151991058928 
0.8003136571044269 0.018212336840794926 -0.10219910836072191 -0.042355961770157054 -0.09447577835634159 0.022952470846757635 0.0021399101098577575 -0.04131261685962655 0.00916976745100295 0.003699311973133488 0.02982283640897887 -0.06983222683223299 0.0021205730992875102 0.0241841220480692 0.012860183810920914 0.05667616527608837 -0.0736319819847197 -0.08690843440815321 0.057679250534088136 -0.12101309131020828 -0.021227858985737782 
1.0894776166907605 0.02020252092373584 0.0022145652304336534 0.0684750266799924 0.053486225136513625 0.04552721210478782 -0.06057256182597625 -0.06322911233182181 0.058294767402586135 0.049713462830633263 0.12424733866152403 0.00905097061437923 0.08031693584835693 -0.015917904363812935 5.901881820953761e-05 0.11440490726318564 0.030340100283875612 -0.054977502759791436 0.00977457846418428 0.043828098829517166 0.09587041333724622 
1.212927443514086 0.08403997638805955 -0.05792603736005713 0.026948089087974966 -0.039003263097963065 -0.06323636004190668 0.09690423526181992 -0.008900935944755847 -0.013481823783665376 0.09486763595426295 0.008164529705448183 -0.031410418607062875 -0.0280115341483667 -0.027744026339128727 -0.06518018512323258 -0.06344372462873386 0.06731217414740348 0.03679162014356643 0.03934233006452437 0.012114150967719985 0.03847274817912343 
1.1026683266859763 0.022772108630115778 0.018618100420607225 -0.03809269317903887 -0.024453034478054636 0.01719225756753771 -0.1033990518124473 0.014275983177613083 0.1093304363730568 -0.02980894251390371 -0.07517339807444756 -0.10576563370143953 0.043591166216358196 0.04013222161355366 0.013374801261875789 0.04538515860052883 0.033648629686420205 0.02198054784241815 0.05470599064542149 -0.06738378527978013 -0.05702605633391932 
1.346477238516623 0.03291808872832725 0.034069101509352565 0.04783380792861286 0.04087393928369305 0.06437894498638581 0.08553161437525786 -0.026185953566261355 -0.03271720727822216 0.09031807846554726 -0.008472524160543017 0.006976043588709499 -0.009844857183388293 -0.016939384313326738 -0.005877523460765675 -0.11527837070121083 -0.009162932875023108 0.04048757907012662 0.03461105783533365 -0.017910898332380274 0.012420231215265786 
1.1130927427967152 0.0024690302570486156 0.024928987381050816 -0.08175029749755214 -0.03116001616497259 0.03357447193533877 0.0032755882819006338 -0.002433103386451545 0.062008806699987706 0.1088232132989409 0.026588884306276185 -0.06952964368544884 0.030472032494416403 -0.02519632397639321 -0.010452224421656315 -0.03458888877696721 -0.028775096701463387 -0.004054272618331075 -0.01888837452941615 0.0766445541537715 0.03562562535585398 
1.0089730690651926 0.004357213381525923 0.06288613661110458 -0.025114883093645964 -0.011448744968704645 0.0266267581378559 -0.03935205491650916 -0.04943880871263162 0.05547550404285643 0.03619262149086407 -0.014738731329895735 0.052457167228888095 -0.045658057182847246 0.016547703533097095 0.04712005138591893 -0.06613877040298403 0.025168505147087086 9.999836137369995e-05 -0.07864822948843803 0.09701146745730797 0.038377316342504735 
1.1147016155105984 0.035274526702922485 0.047791786444617734 0.028653381914120465 -0.03945854644036733 0.034319505676982616 -0.018360109689402774 0.10333725939005589 -0.05342410407416351 -0.04357432892607073 -0.13215867270481668 0.015407562597478126 0.029552278721674666 0.027489072554315735 -0.10194889367695087 0.07808509918479993 0.046879090201574075 -0.025982623773323416 -0.02279581536237263 -0.030251664266338543 -0.03116269128986922 
0.8713281244608915 -0.09433814140124205 0.08853760112542036 0.04010284373045779 0.09751157901647288 0.011649804019347548 -0.01597861838779014 -0.062087269682495685 -0.03932016854125618 -0.028761233048637053 -0.013459134917336055 0.037251708681839336 0.004963674717099763 0.04465776653709714 -0.05205875751034248 -0.00671573554204127 0.07537023308695945 -0.03413727224115429 0.03476259261098473 0.06485259473061747 -0.08264216269885633 
1.1273730792763768 -0.03666740569049442 0.05453749077431646 0.07127344785959976 0.03541812227634779 0.06928608899396059 -0.027962901713729862 0.115619551112107 -0.0245104943743919 0.019302141676542678 -0.053804576683830846 0.015027542441664994 -0.006358134475120302 -0.019050075470822655 0.009268159538583147 0.06512880548095232 0.0252086549903526 -0.12732925976454917 -0.0777818293210883 -0.05821798735914663 0.0038308804804538677 
1.0291927977080346 0.055766804337284676 -0.0725946399079579 -0.03219676205310146 0.017420706266750043 0.008574138778454077 -0.04030649755009135 0.024168782631557757 0.06013919931538362 -0.0047627732096925035 -0.020381436480023413 0.020843101877828937 -0.047943907036823344 -0.0038808708256653267 -0.10514012782618298 0.05188675049875705 0.04913208653793269 0.04242754097403461 -0.045074815751616606 0.024425886428476564 -0.018328419301427985 
1.1457138736964916 0.011868512433256607 -0.0869505716590911 -0.008522093540648687 -0.040026843159308 0.09808818326051827 0.07458778509554101 0.0037788408627356025 0.026218753286272652 -0.01030953531562004 0.02510388043498468 0.021407270213089045 0.012977617428819586 0.08883698033764008 -0.05061246574066041 -0.05291351222401665 -0.07846340126329178 -0.03778230186514255 0.05617309615587701 0.06739894553304046 -0.006378334018128403 
0.6501043628354255 -0.020336482927567873 -0.05170560999319168 -0.002429768824755245 -0.08052005729106526 -0.015289641063809839 -0.0007035435605528354 -0.0391913091318175 0.0004307396320360657 -0.10799215122780036 0.0012455517572276412 0.043859973147229586 0.056134662512400325 -0.008266414668033713 0.00711181123786554 0.00174869390829851 0.0472282411312695 0.02354084392998927 -0.0392343142374696 -0.052199524773045985 0.02727018260640761 
0.9814584003487121 -0.06474232033158996 -0.0021476334544558813 0.05541645739042853 0.023716913619054536 0.0017191129283540899 0.021739814841418185 -0.01780419558784116 -0.050705858541398835 0.042509406784747995 0.026775648260495374 0.10392227941293755 -0.05210431229631249 -0.06903364949840389 0.02508952214513248 -0.012806520347552816 -0.05319148948739375 0.02933191773630341 -0.0667065387235866 0.03654344101677661 -0.04614147415296009 
0.8587600531261543 -0.04391847005380874 -0.019106420136912335 0.012137700985098261 -0.032912012817959226 -0.07768480767658453 -0.02816939959665837 0.001414660311228116 -0.07065138332600983 0.03776941134351551 -0.012858045098519517 0.03609358727270632 0.030861771477138773 0.0381453367162618 0.029408846047112892 0.011058462635043979 0.08740974175143738 -0.03992749199608716 -0.020995359663856586 0.06683994984391307 0.00037652434222479656 
1.171290695025121 0.05946442957230831 0.05369203367888134 -0.04855315232312096 -0.06813968190756285 -0.011718849527396592 -0.015315787400282693 0.008863124961494983 0.05238689709319488 -0.02086701170926375 -0.017820656766885042 0.018974075653735472 0.01972797984383452 -0.002173416086697722 0.051964621013973214 -0.019284008504027228 -0.03168245582000875 0.051662403828134154 0.008472602199412987 0.0491250084210344 -0.07611531227203085 
0.8326522887310965 -0.03054393423811216 0.015145303741726748 -0.07072159676950468 0.05367484873633702 -0.012286055908776627 0.04333377099055424 0.010599347899265692 -0.051526274134437715 -0.066449136118626 -0.02322235637817899 -0.02022517971204693 -0.021785544359429247 0.08770083442301442 0.031594705688216616 0.006537316918678914 0.1135887319052237 0.04897794955471435 -0.07616929938309275 0.031008460389686295 0.0621890462925897 
0.97558539405574 -0.026032790179247492 0.013945186856842548 -0.0048794090455828954 0.0023402246762113995 -0.04903683656191775 0.01681608759858515 -0.011742715146143596 -0.028655881006344128 -0.03902751588050555 -0.030226320984311703 0.042152944128777486 -0.11030624495649509 0.024792861712710404 0.08052313096431532 0.021021679986009213 0.044712369085659925 0.05301996766918474 0.0477038602892376 -0.011050728947587343 -0.03346410076739293 
1.077639918402998 -0.018953201778050016 0.0831381457259664 -0.04120328038910161 0.0917820227995808 -0.07959764166989455 0.08580558802886802 0.06788178296092022 -0.01706495038161305 -0.018465477625026334 -0.08471539282387258 0.037185168041963555 -0.11100482811315802 0.04080774375051725 -0.044954744268035605 0.028291949551733232 0.04132455869201944 -0.038409771214385956 -0.008027559112650564 -0.04703398608206939 -0.016204197505964895 
1.0223696766165673 -0.07611895417558819 -0.1081352319209573 0.030771956678064767 -0.008350212912718697 0.03894161301980496 0.0456645440674534 0.0521937676829069 0.022503519138429916 0.00047220029588522863 0.08028416504085227 -0.01527606078621483 0.05355786667730217 -0.010786083945743827 0.002117664350242153 -0.0012087140957116418 -0.08800684847757326 -0.049263257980333396 0.10264928299121562 0.007126592727897176 -0.04377243189445499 
1.0518912943620267 -0.00011249169730489247 0.013781392013223799 0.06526510829259385 -0.03332151967997881 0.07543516724003974 -0.03652511957624231 -0.0522473945210572 0.030605725120011508 -0.001227775484835495 0.007013249027589822 -0.01670517599518872 -0.004264087437235712 0.015939499224709407 0.030228911992265673 -0.04026903108869126 0.008308498296443952 0.040671073223665116 -0.03735644833474952 -0.056966924003641256 -0.05225109968280577 
0.9543866075212853 -0.06266230321283978 0.012512383164985905 -0.05926845102486297 -0.01929936724723044 0.0212239384958103 -0.005960248556089243 0.022746968557622028 -0.022464152785620334 0.023961963153572956 -0.028114471362719596 -0.009566712068064469 0.01761789377440678 -0.08488648786639798 -0.0233794495594534 -0.08951449199407122 0.04278755744302642 -0.01601176946726458 -0.014776788757670948 -0.018541911978431403 0.017212907584179562 
0.766445443875515 0.09184538577896481 -0.06487460989591026 -0.02983612229848804 0.005806443536681967 0.017243804970083456 0.0017211755591307037 -0.06673457787241298 -0.07809731734809687 -0.06359768189448509 0.0266699678533889 -0.004435775138889963 0.0043320267929221855 0.07682607750688825 0.003986386154169557 0.014297823324184484 0.08782996543291173 0.026832132213321497 -0.029952949563549033 -0.029580699488813974 -0.0281359083652461 
0.9146716881437511 -0.016972359772702526 0.10517637214513909 -0.09524093673741746 0.004338592845896621 0.008045693191148456 -0.03968760662380072 0.0005990574291973095 -0.06880807175570484 -0.02551068955123792 0.001083542247053059 0.062117440257653124 -0.0019222418150659241 -0.03079198352648635 -0.014114022023562572 0.013985669001749967 0.0589511592091195 0.04113631789149517 -0.04751531147336864 -0.12812253021702688 -0.007012362224448273 
1.0261852005640337 0.05397915480408471 -0.018416879021290106 -0.12462540272717337 0.018697867501959602 -0.007056879082430023 0.030946495721731967 0.07384079789919325 -0.05623074880757935 -0.012966961570845176 0.01351708845232972 -0.03890175308325251 0.06626808102471154 0.019924081554021464 -0.020521281828615127 0.07160255790026578 0.00828138205507408 0.13222030591880463 -0.00533682170803061 -0.006100287347943687 0.029102767432205967 
1.0695620512163546 -0.005770178003234279 -0.03179182177975731 -0.05911379072217752 -0.04019448657293739 0.02413575714732605 0.010261215959247427 0.023654714900828062 0.03875070198041985 0.051350631925658835 0.02967885873036846 0.08030869958400039 0.06761704767921191 0.010075178416584942 0.02353494347074684 0.03740441713661455 0.004001211857042316 0.007658745658991312 -0.015005894285558239 0.0262881131829533 -0.015562481818493479 
0.9633639847186255 -0.013147884018504662 -0.08601208487496988 -0.006078677361289126 0.002183264686858917 0.020377816012962152 -0.04678040517636327 -0.05348448993289228 0.08039000585896273 0.02076640039157184 -0.034489728601019086 0.0536262583316906 0.006517885346561151 0.017095846857792262 0.0013694362525137791 0.0075231325736533385 -0.09274263603987201 -0.04691871215665046 0.13326374971611205 -0.008273118108553464 0.1336636213760932 
1.0718054106564092 0.08549161139666973 -0.035594213931166636 -0.008055336846914368 -0.012239782994992152 0.029202769208774168 0.017262208190607833 0.020172176908011704 -0.016865338945262567 0.0036114206245991456 -0.0018310111334736649 -0.042659900789436885 0.10074361726878939 0.05916002915764548 0.0755752171187352 -0.03275581014051218 0.024678711950471895 -0.0012465596290829127 -0.09056242397301975 0.0009137918574003018 -0.05068782563413454 
1.0505266418801007 0.03878748085082015 0.02961048560120326 0.03609744075282564 -0.01971233247756324 -0.020332367495695704 -0.032061372849313326 -0.027752742741548167 -0.02656248753007386 -0.07314918015283753 0.034556970078497555 -0.047484563828784195 -0.06477212523940826 0.06530877984911083 -0.02522785346595991 0.02812055824340262 -0.021973990728841493 -0.002246022474678534 0.03477927305808056 -0.09446696667823973 0.025175611160795915 
1.0167760329165232 0.03415371800315428 -0.023454629825564313 -0.009663677687464109 -0.00022679048068081486 -0.010974526373841123 0.019499544626066075 0.030309357334568545 -0.013973389723821061 0.04387122130425141 -0.112119643239391 0.06002539863340453 -0.01444003150226659 -0.04496906652711899 -0.02507932770683304 -0.06164396163200059 0.022641146260591036 0.005459570010055558 -0.02886643882714734 -0.012003565726240804 0.034168306105829126 
1.0869128453439305 0.0599727457606727 -0.06611121838193684 0.06229468733618048 0.008742887485069852 -0.008045231576545282 -0.005169155386927453 0.04485624929793056 0.01809171840712125 -0.028542440256392305 -0.0006911013435516236 0.050020460583468956 0.05900571478032682 -0.0036109414240938116 0.07322733303089907 0.10132299681966715 0.02645620400587455 -0.02727141473298403 0.04298163744732108 -0.07793299040340561 -0.03511106081844372 
0.7310085139438439 -0.07034527603749564 0.009787453326825178 -0.11447851668745689 0.06714155135694636 0.007256649134729079 0.009527423579695278 -0.00690511883351329 0.004112889155525672 0.09148411749054437 -0.05000588307817087 0.03454262177232168 -0.0208347236312358 -0.028928788543937347 -0.05198881517371991 -0.0017237736784541055 -0.007964884016226621 -0.0171969696806732 -0.1269938070393933 -0.02887116070528132 0.01832941304775795 
1.0862436730153 -0.0684768842665182 -0.035821912496926456 -0.02620004643590907 -0.018421447135728596 -0.029417864572707883 0.055394613623433564 0.0643822899712788 0.08886928481718825 0.0075186276377763196 -0.027110665543744108 0.009434432935728668 -0.016537721903243163 0.02900966409602064 0.0690243849429586 -0.11248344237556317 -0.06316017233816355 0.05890108277083599 0.0006772739869959458 -0.040149645213546886 0.005307636594958702 
0.8475127021098261 -0.03394641835673983 -0.01935769066820749 -0.0022406522701637283 -0.035726652067689976 0.04616556095273613 -0.019742553885193876 -0.054895043907577025 -0.06334618310913 -0.021240641910311782 -0.024813160812041372 0.004541469749755697 -0.03988021923692355 0.030386569667443214 0.022865243211855513 0.006947477830178498 -0.06242394604449845 -0.02488252432376001 -0.0005631094470196373 -0.039709849465807835 0.13688636829674836 
1.2398934864225364 0.027351045545120828 0.02968248754688122 0.04532581581070624 0.013278368915937411 0.100290699819032 0.04918632898244307 -0.05373243263115403 0.03327321061029179 -0.028737744769138547 -0.09573258374461811 -0.10497089049869544 -0.04329858181452794 0.020026204215028563 0.0015085100641376546 -0.12756256910837033 0.05929959054380124 0.058435391505652245 -0.029397683681932803 -0.010900667298840603 -0.07456668833026343 
1.0342611055638447 -0.038766438349416676 -0.04419275179542384 0.087576291340343 0.02129801407553147 -0.007039809807641899 -0.061299767509429115 0.011014397943769946 0.030090422618372165 0.00601667535833508 0.025287730194668786 0.10686420347062929 0.046043789947386636 -0.018743538145433013 -0.005897885773566129 0.021337102116226567 0.09700578614086326 0.016683441984349293 -0.014723499542525371 0.04351805357037163 0.012687663049151216 
0.8777819879654613 -0.09413671478816668 0.0001344478240749291 0.019479109301324096 0.03662340562756915 -0.019372102867835892 -0.06407968629811438 0.020130719603478037 -0.061518880902809825 0.01517711790720419 0.003025924217244272 0.04532148158357086 0.056256462294891264 0.01836738847366391 -0.049709565465471436 0.010902415095987744 0.04539836676255438 0.012924465889517171 0.011146394415670504 -0.041385629002272606 0.09039288096148708 
1.0217885857520266 0.0252051459123656 0.009889747524723373 -0.0724658695683624 0.05917479737599046 0.017961334979773126 -0.006956843950723661 0.043136678263363926 -0.021456948236741873 0.02361633970364089 0.049230694983773894 -0.08834414948688785 0.03247686028203885 0.03472728949306341 0.02897663644068015 0.018789828952115 0.05595752982335378 -0.04912802717558268 -0.025157681634396883 0.020765605585559645 0.039135097936182944 
1.092388220388754 0.0006617776295899621 -0.000653626810742635 0.03676110849225875 -0.0024369077068416775 0.04779681430287988 0.025605831028419946 -0.003277843802638266 -0.03465523670700249 0.05630550577070666 -0.010311774269595083 0.06932939598219966 0.09647973028079367 0.0023267951496893508 -0.005859147494915722 -0.04310038829307859 -0.043743579602764315 -0.058824059908336904 0.07032520378850314 -0.05062393103230365 -0.003252193838451821 
0.5946762361187317 -0.08903297396276014 -0.06336030273480707 -0.05538189536959923 0.03412117291562883 -0.03496394188156397 -0.038218923411879595 -0.030642130564923056 -0.024909298279956797 -0.016629569766831744 0.06108661850105171 -0.065360572630397 0.009868220590838665 -0.055416922377548763 0.025729459422959566 -0.0014198558326918712 -0.030060837706071142 -0.0179224192294317 0.009907901641395277 -0.0007485954856879271 0.0952368402896217 
0.9094627359169188 -0.06564031993368294 0.038572324545236764 -0.03415424357496393 -0.035132170818722976 0.07694412024348937 0.010712706102357666 -0.06264469003826222 -0.009221415407218311 0.044985898199564445 -0.02643746837314398 -0.03987629474956877 0.015792513514486083 0.031928215546007645 -0.021794900920879715 0.037276337769948646 0.026045254885789623 -0.01507804631160465 -0.006907329205149912 0.04212538034266611 0.04336343033058344 
0.9971186478415627 0.043995208403752546 -0.028687605620844492 -0.022353414089995596 -0.04315953312076243 -0.07555653989486681 -0.030209432064171468 0.030806535872074728 0.010183414495576143 0.07044320045655106 0.019380008597424676 -0.030629691996415943 0.07958977349295088 0.0705631107986831 0.056269152230981834 -0.05055452246594917 -0.04596966621236045 0.02997091124682418 -0.02702348185237695 0.05794786822728853 -0.027998170125846024 
0.801733807454203 0.02615934521554263 -0.025994372524695993 -0.007935877892885511 0.01978394200522211 0.025380494281209066 -0.04589708271072136 -0.09105952823370093 -0.028259021174146606 0.0020908423469191352 -0.041452069895085444 -0.022452226742439546 0.02392898645805019 -0.010590594174716085 -0.016594182623465997 -0.023839147310980892 -0.1288510216883024 -0.02859133977829168 0.009750920889704773 0.03030086906425311 -0.11740456754498876 
1.0081080253139998 0.025818095836002992 -0.054245115884972474 0.0031993331379035882 -0.0037004511803937993 0.011881508976779566 -0.013880445797390121 0.0668663471605309 0.045362451136002485 -0.052028607552352106 0.06865956681766992 -0.029769818290759833 0.011302427352086065 -0.10049013193178313 -0.020177820255338326 0.03308991837683728 0.01970739603704547 -0.0067695288911844165 -0.04612719533390033 -0.019025507213869884 -0.02009869347089691 
1.0585105621819513 0.024026971723440142 -0.00758780032574221 -0.008018811031690188 -0.05616168775354613 0.06127550824780706 0.062048247297803 -0.050970839446015874 -0.04195512473417587 -0.026891504388165118 -0.044563361339479635 -0.07224690414862876 0.07497564533881432 -0.0498155268027566 -0.007545878581663772 0.0341925310701827 -0.02036258056649473 0.14702623429015996 -0.05054600956829711 0.02641496219023671 0.021821536165209987 
1.1759616846139112 -0.0181300690581294 0.06589943346116871 -0.01872646016387605 0.06330984881763359 0.05315487621398042 0.08212640390386293 0.03435334799683316 0.03399626663626542 -0.0032506055132525188 -0.06552259667815861 -0.04233063789778995 -0.03747420023673839 0.02333222384119742 0.06163838050808808 0.003047499675861816 0.009717966477495775 0.0012035484343449262 -0.002169763245717586 0.07541118302039855 0.05221282227442531 
1.0778599395017714 0.032593405900503095 -0.03255406666212415 0.047670412406620934 0.047732699771762886 -0.021917052712427762 0.042472263707939446 -0.08942873160868137 0.07168717964429992 -0.05123718529189682 -0.018139537099343697 0.053465916577604335 0.02096451210239321 -0.03024182575457686 0.0032773660301240724 0.056581438488019914 0.04331898600926762 0.03708649007638381 0.031411834883393705 -0.030171838963379584 -0.029340564652522452 
0.8745228152134555 0.006390047561598818 -0.05198261837662182 0.0014551118914329542 0.02792346008361194 0.04528226274643736 0.012784958454108365 -0.03715605525423201 -0.04636784522281767 -0.0008612162336420173 -0.08168949287149005 0.028123422220282232 0.016092971018652633 -0.10456833815496576 0.01006454201734431 -0.0513156573923734 0.03794537668915107 -0.0008906709087492762 -0.03892609539804777 -0.06490103750620801 -0.05572119953403241 
1.0110792167451994 -0.006106653863308445 0.03205399508998668 -0.04580784024841841 -0.03410928400724956 0.031238468966327405 0.03632503941208684 0.01861192120458106 0.02994595165672463 -0.0745898635884537 -0.08250712318085517 -0.012941368566505308 0.005128001326141884 0.056477502683712544 -0.002135258768623368 -0.10736824308399456 -0.04284980090788818 0.028572430603851673 -0.016152200459118655 0.013849733950074675 -0.06532940759146615 
0.9240137247202754 0.0052801472276367105 0.09265428393166007 -0.07679947817910483 0.011050430683581521 -0.015711948676329867 -0.07346179002189684 0.004485597528380964 -0.08107861720253702 0.05712147179390989 0.03400833065544772 -0.05956834142937433 0.12910408846218538 -0.06760143015539795 -0.041511378669004756 -0.05739858153516811 0.08606867810479046 0.03955338150269344 -0.016901280299847145 0.031432502016344496 -0.02902151372499914 
1.0988581270961917 0.014485178243338628 -0.01805551002181668 -0.03233047002817809 -0.05552037752941587 0.01673799763006197 0.043446240095510416 -0.02245493140188741 -0.009701535816982534 -0.05856000771990882 -0.10222134379843012 0.0955592081213583 0.043937247312805267 -0.061186087049714136 -0.1356349396353069 0.1044009804309303 0.03050083324032106 0.0795146260937064 0.015848808919272966 -0.10005093419788956 0.04775712214321559 
0.9721165002907174 0.01431965329606385 0.06991489907867729 -0.05743802618173404 -0.08171710050975774 0.028214429789504905 -0.01301851101655161 0.053588237313910936 0.05209560560950547 0.0215031754995343 0.047489121998414305 -0.0004923849191119143 0.08690986295740588 -0.033292247751151784 0.08674377177234743 -0.009205340233780489 -0.051068892422950464 -0.10738049908219194 -0.01412863652459915 0.010834968909613565 -0.01928528143194537 
1.3238282665010268 -0.012180099942576947 0.006056432700713292 0.017516105122104567 -0.007206271516197422 0.07911624642519416 0.02764975492058327 0.016858433359424024 0.035860300820843724 0.0794501979267446 0.03733195755148113 0.006683393976102617 -0.049755195754179624 -0.1083716834204282 0.007730313800056209 0.004066857780631713 0.014327310743053549 -0.06381062622128734 0.0680231648471869 0.026249964509460225 0.010661626230769342 
0.8390680711278369 -0.0330758708878947 -0.046111480610270816 -0.07658859678119607 0.006680108965311949 -0.12662122265840892 -0.002550732244282397 0.09078041293792377 -0.02764069207727056 -0.0054435953631935905 -0.1123916873278599 0.015170836947307836 0.0009275186167680357 0.0358840400134667 0.056615629676888074 -0.03750937423434897 -0.02831061543868861 0.03003428938216158 -0.0401467193124418 -0.04116494665706576 0.0024189117301606673 
0.7760527174217379 0.0036215543830391897 -0.028516329930187108 -0.03319568788240438 -0.008986889834698175 -0.0017690057112340375 -0.0783013057482 -0.04434319982409535 0.05936897526857643 -0.031926535642279506 -0.05588332299241361 0.056316708937215715 -0.05824276735735576 0.05235410701711201 0.021009906761341093 -0.03438276735635403 -0.0007291973215654019 -0.038452237953479435 0.0415341227464297 -0.04017774953234762 0.023807287384532153 
0.8452281630681386 0.01963271784313608 -0.01278194360636528 -0.026804064090067123 0.04787832134521202 -0.0610266769341126 -0.021878998062491804 0.060422675660007454 -0.09048075499424905 -0.09728246926833652 -0.05706422328903187 -0.05571862570273481 0.011568840465588778 0.02262303996403657 -0.05108396920434613 -0.07247249697181439 -0.03845742178359507 0.060841905605745365 0.034714810684346994 -0.09273960723112529 -0.043085104656152604 
1.1303016118516114 -0.06896442736875599 -0.007414275139889622 0.06734726201704952 0.04237720225865947 0.016441933101169637 0.015726746170594285 -0.012013899856213641 0.1180814433723217 -0.05017611099443066 -0.047037379455097394 -0.04542111123987492 -0.0253590701178196 -0.03892834238818884 0.07166443366653717 -0.0044104814707040425 0.030969832121545745 0.013191875036112261 0.0771105567709563 -0.06616960040636152 0.02420712175342768 
1.0956453858925057 -0.06472537634877751 0.02150141181887702 0.06347263753267646 -0.03927114992854506 0.02241438865436552 0.0658032410657866 -0.036173916445403374 0.01776534458592643 0.086185177012634 -0.04878836707097994 -0.047512269958185985 -0.01852543493135522 0.015208175853100464 -0.0008407054307121224 -0.04515899601566589 0.020113972111916945 0.03358718973901692 -0.06318749989403673 -0.044171086821388594 -0.02550832649361097 
1.0565627220032523 0.010128778432547418 0.027067337068873792 0.026357353722914003 -0.02274029746644235 0.03280377655788309 0.0004800909189264592 0.060224728060763094 -0.045539701180273104 -0.01780127367771622 -0.018452053110174556 0.013734638681864317 0.10851506405593153 0.025880565178064266 -0.020335648634599482 -0.04523252726251543 -0.07196418081782467 -0.019418855499575605 -0.030139445691937928 -0.012413465235139788 0.05755857064560334 
1.0600766035059537 0.06423904629225423 -0.025488840654266612 -0.018804900036308254 -0.015522538296883857 -0.05108292243487522 0.08220309284247335 0.059768241866788176 0.011178984307942258 -0.05957806627823327 -0.012512087195634429 0.04078445537569142 -0.028925806700523304 0.010412018369210761 0.09269642590853845 0.015966155204179187 -0.06808923649389648 -0.0023461945108976152 0.006561643502112834 -0.10627032054556185 0.02320348111579755 
1.0851581728936008 0.08560247305728469 0.026986206580351897 -0.05659988573575669 0.07996277478908345 -0.024719082680409246 -0.04702579273040338 0.025348442721185405 0.04028384819459746 -0.03305812202339765 0.10310524211929638 0.003755822102164174 -0.010751163609379076 -0.043676451714783626 0.08230362442001977 -0.03959563789268669 -0.01615782415329976 0.039520858227365126 0.006381486628702088 -0.0449336649620334 0.07065965385888794 
0.7777808017057297 -0.01137485782570205 -0.010028974917101627 -0.058075635215447334 -0.011992157060832134 -0.06660375837721626 0.03346430348635181 -0.0015053101619253338 0.025442152500628135 -0.04560210138278032 -0.01722146584822389 -0.06555849861829069 -0.01409985588045201 -0.025857505412785586 -0.029018269966913715 -0.04198498590004199 -0.0674543339829079 -0.07591977065961386 -0.028979262334442486 0.03360849016855051 -0.010430948047588786 
0.9341061040388757 0.0161925749462524 -0.01607534881811818 -0.05833638626481222 -0.013364659227763729 0.010834871050994191 0.028918925153489056 -0.0064966067272112064 -0.054935856967720534 -0.01071452941771762 -0.034624675666840875 -0.009743633849220515 0.052579269604525095 -0.0003627322596338174 -0.003694907018286113 0.002537300962578608 -0.09047217360043225 -0.022663410456367307 0.015335876045449323 -0.016323854640834277 -0.12111643057916902 
1.0557320669511274 -0.12334571653423357 -0.004316030066919509 0.0021247024235200884 -0.033184961362554465 0.06684595485787255 0.10710980032151407 -0.02868943251560196 -0.09240817500718496 0.021796948589743154 -0.06684779383816435 0.06697464462906293 0.017103224312642162 0.028074276486722755 0.06472159228072694 -0.00326876068841806 -0.05221448019982471 -0.0065341594193525565 0.07398600974503139 0.02600249488567537 0.020027275440748633 
0.7822773152421554 0.08137005896833971 -0.009342199666019485 0.02668064077720811 -0.0436305937812316 -0.028916332864430405 -0.029178092476936913 -0.0978913984961804 0.00045968507966722105 -0.019098585272283218 0.059618492932694084 0.01867747406050412 0.03626498713462871 0.04364635194387291 -0.057287424667629705 0.06193550135393614 0.04029596925700894 -0.006824436688324865 -0.03804272056269023 0.10188700862417065 0.0626899376279566 
1.2002226180458457 0.06054034036962372 0.027905771453025793 0.013231563123026903 -0.019148589737683776 0.07374558405527638 -0.08172970482071051 0.05680180517175551 -0.007500606252512668 -0.0333848256266403 -0.0001114451043758858 0.07740676028610624 -0.00770405188601676 -0.032858301310488856 0.0007153927615861503 0.01812757358458412 -0.001897363627411771 0.0596871959685545 0.04424009860712804 0.00037146151956791274 0.00012186402070496076 
0.9627082762194298 0.07088725351181059 0.016978859786025726 -0.04155123247081523 0.05633804954578732 -0.007620937573885711 -0.030151902229902564 -0.026308966140750453 -0.013547553389311554 0.021439269192721568 0.018078053920448773 0.0005672178043318087 -0.005558780303294906 -0.021558588443814003 0.06595214516944763 0.010806306786504856 -0.03202226510935366 -0.008787571651924233 -0.011334911318114683 -0.06008044654663428 -0.05682070397521392 
0.698387607928122 0.013159220530158267 -0.10788755601828932 -0.1135966241443539 0.01432535444102341 0.04808765799691242 0.00500200091220556 0.006454225970140769 -0.01706997517353009 -0.019532746301259937 -0.06448977188685172 -0.052483520896600404 0.07749724440617023 -0.081219139657144 0.02199077376796172 -0.017203936277645517 0.0014644473800712052 -0.06284122982051292 -0.07399830070894851 -0.05976609457571234 0.015481414193018739 
1.1972687603394705 -0.016068237323632634 0.12229948866176765 0.02054591567811489 0.0193405949410065 0.007083502464905205 0.06218712939382618 -0.07147647618385297 0.057287480707362615 0.016131119842211487 0.00025654211887424173 0.01897079228248266 0.055830344684707184 0.036054071258041095 -0.015427318639374635 0.06011667347254012 -0.09530422247621875 0.003133068012211373 -0.007184193973225547 -0.09397313638696136 -0.04627322434668116 
0.6557369494666602 -0.007806179047766192 -0.04209106378744426 -0.01204385954718113 -0.015763883519896358 -0.020883390909591962 -0.04323224152963897 0.011582938124495342 0.033025824178604675 0.00021567986641700117 -0.037953553919793256 -0.05973059268434266 -0.016344525945081765 -0.04801565960248668 -0.022329981912465297 -0.04313757506358551 0.030279114739008406 -0.0692989574032602 -0.1611331747616896 -0.014905924270656679 0.09803939919067653 
0.7161434335990685 -0.02784071823784632 0.05692973504900653 0.012494258407683013 -0.010419908706755606 -0.0321315341615599 -0.0005847465613820415 -0.019441087340170193 -0.02054954532380088 -0.037899682423756714 -0.06573512823801239 0.05225640779149156 -0.05381339086158763 0.04498247851859233 0.05897039367730949 0.014786466682129192 0.0065598040737809326 -0.057659751347557665 -0.12375320112565201 0.05053717663784501 -0.0395127524557721 
1.3658703543084472 -0.03907616602367181 0.03620702608488881 0.020233376737939908 0.0007593872863486733 0.0672422113317647 0.05337522096162655 0.0897860706961571 0.07583876819435448 0.09235409207986095 0.07536441944634965 0.06630135892032919 -0.07562330390619199 -0.009754479764157019 0.04804008909567613 0.10627884175396987 -0.03476683316592799 -0.028652436778294224 -0.032450218460197265 0.02095966848907713 0.08269681500101589 
0.7968044054954515 -0.07477380520190362 -0.08556860779532013 -0.0053648150812219695 0.0162112694922844 0.023296263403087585 -0.01799848917437332 0.015064642516497202 -0.04132838199447606 -0.026875661912566268 0.0006288601066735299 0.028595177509556348 -0.026477036212698486 -0.005036958942332395 -0.07050184946898745 0.0010735893789456184 -0.046089300430480734 -0.06583523078586438 0.09655704694399678 -0.08386791126548955 0.014721808108148719 
0.8432394025042368 0.011678434260665865 0.009145896028371788 0.040928298998212924 0.026584810963843398 0.011813180802006835 0.024473215889648844 0.013387227108988924 -0.06374414435730853 -0.12902602686302161 0.04848649082567538 0.0030702512789588226 -0.017418623938790383 -0.009329166819731236 -0.053388989804005915 0.1103056923113013 -0.04846370456781937 0.03955049293302826 -0.06800153638130112 0.04633583235716318 0.1210999906662845 
0.805731161780288 0.003985387600366146 -0.05235700581527644 -0.017013553491611384 -0.03294169450270034 0.03273353986797868 -0.06289405309413476 0.050570472450327635 -0.005205110631881757 0.019478126193283943 -0.026553236799075976 -0.06059472487026966 0.04503243111206007 0.1406350812139401 0.011399755586633871 -0.006967826952019926 -0.00954725374888235 -0.09765098473002222 0.04044476338583153 0.06537753227847731 -0.02917899353501477 
1.0271789285906952 0.007524974602028212 0.02572508429231766 0.05560872557021723 0.03256883855975694 -0.0029983491159600753 0.05604557376455396 -0.05982940107798762 -0.04841640789059226 -0.04420805197201769 0.05809575384042562 -0.06001871233688654 0.06917599190581943 0.014887217508020545 -0.08212856317053525 0.030444788836655252 0.018508505589771344 0.021730299245223832 -0.0004336259519122505 -0.012116566524499314 -0.02160774882997723 
1.0644545207542218 -0.012517885362955472 -0.020463816465293005 0.02590355898625071 -0.056241138853879324 -0.014229791771088553 0.007711197376193119 0.02085817132836716 0.032056899801407336 -0.08755036075320077 0.011038145597965522 -0.021107313051502465 -0.02707189001699269 0.0822783025955784 -0.040783716500300604 0.007536894881658109 -0.017686550884802393 0.05052833946189155 0.07570283095139244 -0.018429860010493345 -0.08701034776464167 
1.2488805775784926 0.06773216321633706 0.06645345397778243 -0.01770477680103126 0.02598892532467867 -0.042966281820877965 0.07530549508921275 0.026370739547812425 0.023933295052606586 0.018640886208575572 0.009036076186260171 -0.02274555225734326 -0.020785609379483403 -0.004932327271909295 -0.029151523503369744 0.059992814281546736 -0.04241346335632099 -0.04173912621456749 0.04664517246593497 -0.05704215185497326 0.027647768903477078 
1.0048192470044675 -0.04550757570865577 -0.024045381915742996 0.007882664894439605 -0.0076422031229227486 -0.040101632398682446 0.031091560349244336 0.022066020255181062 0.04858586059929526 0.05138604809873161 -0.08132711576808048 0.008860782664455896 0.015733949582401874 0.00562791053782968 0.054153329741534945 -0.033303125509521116 0.05302882484967816 0.0024107566746510607 -0.03530092152148263 -0.03012509326333438 -0.029991798905600515 
1.017316026193479 -0.09201454243884415 -0.005918934690161238 0.0014361463732758296 -0.0029268900464549446 0.007906175774100336 -0.04432085870637356 0.0560730575101561 -0.010145965713707964 -0.00813997258783279 -0.027999040915316842 0.0535915157697772 -0.008834920299365964 -0.022848704945253547 -0.020220713527710727 0.033506870211552395 -0.049807294701577465 -0.05854388624327011 0.1323204517832498 -0.07629603135962679 -0.06445638769955728 
1.2626624046322195 0.0803769347539331 0.06738964057217893 -0.0003121343688291774 0.05094809868702225 0.013287562535454031 0.02931197697169656 -0.004384603057273147 0.00721818116053362 0.05721763642005123 0.06642895652496804 -0.058839699815334615 -0.047694585379116444 -0.011443289301030014 -0.11899457613225811 3.405945418873292e-07 -0.06024604781264034 0.027488831223502104 0.01482182579974169 0.03472088827941494 -0.005197349322456035 
