column1 column2 column3 column4 column5 column6 column7 column8 column9 column10 column11 column12 column13 column14 column15 column16 column17 column18 column19 column20 column21 
1.0005322580889577 0.020667585781908998 0.024008092695574915 -0.006554015618680071 -0.004885440254599427 -0.004458712391855089 -0.006836802803750038 0.008972292943045489 0.020130054025562366 0.011567926498027405 -0.0030803995435459792 -0.02332997538397227 -0.013824317632183834 0.014228983564447606 -0.0027850491166841063 0.006241681048016311 -0.00046780210590178687 -0.013131442614825349 0.0003127429399305987 7.807816495900801e-05 -0.011164374327867954 
0.9684459170579539 -0.019476326067560817 0.011213988991304656 -0.019557380582769627 0.005124124984348647 0.003340876041675421 -0.0015309009352333792 0.0012817118439490684 0.015293565386578023 -0.020682194224708156 0.0030446004893013223 0.0158457045723112 -0.00868876129579437 0.0071105080329303665 -0.017706050547337003 -0.0037252071564086208 0.015890496923349828 -0.0038573936802389357 -0.005596437783271564 -0.010927236633752772 0.006899159041980434 
0.9597451271851795 -0.00017582502336473994 0.013084875222504552 -0.016736800642180513 -0.006015499831333635 0.01206204809940556 -0.0015999134173517778 -0.002404331491921015 -0.021302344829586834 -0.0110708036920178 -0.011946002063006259 -0.0014586081908874767 0.0009769433833894477 0.018158436986131055 -0.0029180791757410425 -0.003080486152210013 -0.004440591317510693 0.010175383233641326 -0.0030946490971427675 0.0037722435844014454 -0.016627509716010166 
0.9610973335743226 0.010564213938345487 -0.0017629411857923618 0.00026039662712287184 -0.012651363808791217 -0.0063434856525302705 -0.0007053654456526421 -0.00456705574424045 0.0076455326186823745 -0.0014055908971189607 -0.009129906071595612 0.005348663647132582 0.0014832905184182423 0.0172596399929194 0.0021454163908552013 -0.0018559247691945443 0.013310086513555981 0.005329276525180582 -0.0017235598786602597 -0.006040104303886943 0.007069622001611279 
0.9966572481258015 -0.009448617298725174 -0.003092031277861013 -0.005164993410851108 -0.001342127270690514 0.0026888096057693213 0.0036880648401566756 6.708573216456961e-05 0.00023910577981397293 0.00777329424500408 -0.00293309952140762 -0.0043372778313406956 0.004244327168918572 0.015456560771517268 -0.004160435777278522 0.010135819742315064 0.004288905038635158 -0.0005494322231722321 -0.004898893943491577 0.007881578180348417 -0.005920737050835865 
0.942014253954879 0.007396283591565668 -0.005479141744695247 -0.0026419944698766336 -0.0012908928142085258 -0.010170012030538191 0.014253443507574575 -0.0007874546074952552 -0.01619851026724251 -0.013502541543102684 -0.0012663293404807175 -0.005693302371999899 -0.015844535994598313 0.004708277064816426 0.001910133112287727 0.01640032321513693 -0.0158552495010467 -0.015144367230390863 -0.01824350365384067 0.008623996030661203 0.00016491147211530766 
0.9548934541735684 0.01129806080725825 -0.010376300497989528 -0.01512592752580078 -0.01515487589289431 0.0001452722369554604 0.007339346474475739 -0.0019106272520605025 0.017916325692991425 -0.0050519395076691525 -0.004285013392872004 0.006780096871028119 -0.0025617699707641073 0.0056514358883822105 -0.011769853810054973 0.019030530380956232 0.013480571673340496 0.005260692989083591 -0.0024844844186287757 -0.006425998677713353 -0.0152912725716548 
1.0424172946088477 -0.004478938159230249 0.0023527571386788523 0.020929752803240508 0.0160516082491516 -0.009521989070210388 0.003460613596160846 0.002968551070428381 0.0053392950135222285 -0.0009163248828307284 0.007233781603308539 -0.010999490178631973 -0.0011837015251338287 -0.013551603777112878 0.011728087911478427 0.013577250232970562 0.0015182066116630364 -0.007528070912446523 -0.0025741377646849527 -0.004554042113683702 0.008081812088591555 
0.9440471758513308 0.0028864184347828403 -0.007613025907594538 -0.016862452334997193 -0.013983411704559273 0.00035641709365831096 0.018637548641519223 -0.015314355511503333 -0.00956539781088449 0.0020853920501866866 0.006998515262155232 -0.0035891639271426736 0.0016260528621705925 -0.003142465496187181 -0.004970612690986601 -0.01828019966634617 -0.01327442903489688 0.009460584297462396 -0.00538488304262083 0.0002363202124041812 -0.006813215406572879 
1.0094361301937766 -0.0020535901264283085 0.0004606103484965428 0.0109455538467588 -0.014682170553922892 -0.005137917619190255 -0.010028317474953008 0.012579289070458133 0.006492634620532929 0.0021761989806571027 -0.00025272046866148533 -0.008235041971750314 -0.003188130140718153 -0.006805743630911512 0.005842684563630217 -0.003125051529901224 0.005895964180305444 -0.01183140961989809 0.0006596641317194392 0.00661032337937569 0.006579608275874393 
1.0366955091394112 -0.009873294252106818 0.0014074338305166206 0.01508909727842039 0.021766199841149542 0.001674195634691852 0.003214903356664972 -0.0033381619496607147 -0.010251666850709341 0.010080341944455591 0.012346601202338024 -0.020918923219640992 0.010343528785591947 -0.016196974433217978 0.013797569326074892 -1.7842560027209858e-05 0.01488363850830632 0.0014859592233656582 -0.0032066480142517117 -0.0013639418814234236 0.008783273307457942 
0.9466337718125913 -0.009702957407632029 0.01070751451724993 0.019333000056213526 -0.001099143141233851 -0.0070389826682230455 0.02557354659932807 -0.001459105542551138 0.0013155850805669808 -0.0022140577900963926 -0.0060902386988683855 0.007235440713741249 0.010289400940672258 0.014157555094045338 -0.01181981436494314 -0.009573190962465287 0.0047134692448248475 -0.010592064561957328 -0.023721337950182764 0.0006450654742694511 0.004468001236913239 
0.9552114455972696 -0.008328847167956566 -0.0015383163513142592 -0.008649736455102081 0.011781940261676997 -0.007968592288356868 0.006178682981289397 -0.014855088078149854 -0.002615272359559329 0.0033808466314490266 0.006544539842039842 -0.0037773591698070036 -0.0022017944007032674 -0.0026247262229235763 -0.00454728731441225 -0.005433677502956358 -0.006256280131419049 0.002037372876080296 -0.018384418297610294 -0.008573552897501948 0.013372439693676819 
0.9911580220156351 0.013365091353570467 -0.008415527945144339 0.0015976320854130515 -0.009414232025792188 0.005805785934208881 0.02352033271959046 -0.0036485261715919993 0.0011975915585588858 -0.003059018047074017 0.0005954240671240128 -0.0018240862139590564 0.00658956827143908 -0.013573443099058105 -0.01202694563155677 -0.002642850469276894 0.014027251940197558 0.01487994624304754 -0.007170632218680916 0.0086154194511739 0.00639631396721761 
0.995576055494976 0.005298553437864684 -0.005692444121053399 0.005430687498234186 0.00789114500132286 -0.012981237040951405 -0.013228021719997039 -0.0040618508468286026 0.017503008230472968 -0.018249407922269777 0.007039658267970753 -0.004893645035067226 0.02078330759994072 -0.005607861850393331 2.913196682148275e-05 0.006143821322598423 0.004436391859854269 -0.005931663354368716 -0.003258702776629508 -0.00023560048147639422 -0.0030001280936392555 
1.0591704687069043 -0.0011467532779616512 0.012501280059188227 0.014125083866724793 0.005216317704031612 -0.005121747113532435 0.011473106515217924 -0.0026497127938070785 0.01589697861224251 0.0005450543811944455 -0.01178232288484474 0.026777200446288934 -0.004023111467328227 0.0029068306785199984 -0.00014090148055028096 0.016821322372835647 -0.006272898236744129 0.005911527007301337 0.005101942199153331 0.01678535301776439 0.0030260687008001165 
1.0654458117264176 0.008883253086634802 0.013501453588127661 0.0066888291925662965 0.003625086676414686 0.02674736275490351 -0.003551355039163636 0.010615875056630317 0.016887696335979946 0.02389225570864942 -0.0017831441118404945 0.004708037606847556 -0.0019507123803545196 0.011448320501229556 -0.0046626408210290625 0.006908254420897501 -0.011346317408955356 -0.0012481758617048089 0.0066450800684797 0.0021251349649428065 0.020114074861730842 
0.989470764646406 -0.008181845334786256 0.004615738015316332 -0.0015364100252590479 0.0009435766640060662 0.004622807015675134 -0.012297253283567532 0.008661607558247643 -0.0016610339149089185 0.011541137232203248 0.002456568222011639 0.0066268987884433575 0.02767851623699407 -0.004930526981983028 -0.0006768680180273553 -0.0005195461994720417 0.0012306994739084338 -0.00555298316522525 0.011051257723804216 -0.02194599672753299 -0.010086549586373767 
1.0437845615345251 0.0008487148771913209 0.009693421589584226 -0.003412225821956581 0.019245279534352143 0.007815919727824578 -0.005372601984901201 0.0072606919607986166 -0.012600765837132377 -0.02344254792068007 0.004062608095453003 -0.005351076997517708 0.012318447250374197 0.000779653473649088 0.009165774061149615 -0.0026604193492692336 0.020512587463899758 -0.009532477469051297 0.011509629662167778 0.006458334615366941 0.01816006727382795 
1.0502738400742482 0.0043073093432957 -0.005980209526341131 0.0133079821076698 -0.018457958336976377 0.019005516899186354 -0.0072031571147926 0.0027308628954154147 0.002237778198235325 0.00879520581340259 0.002432234639934838 0.0032612859311586333 0.00598111258325407 0.0030280831565377424 -0.006606921112148916 0.0007084025551433855 -0.008816626376454126 0.01852351847789805 0.003773031673479472 0.004071257414565392 0.0023850890468512694 
1.0429675232078068 -0.011439624045331288 -0.004181719187028263 -0.011217138933200982 -0.0007964294532240781 0.004429618296986931 0.00035986667479109927 0.010163170475945815 0.004530411080917272 -0.01541107250633115 0.011332273767158786 -0.011096394567849997 -0.0037345243306052597 0.012837645449969794 0.0026335786935617923 -0.0024291439541960862 -0.00900083999857121 0.021545097709138764 -0.0017304951557294563 0.0035911626838181472 0.01941163400164562 
1.0104140934751942 0.021010303395049765 0.006649458376406844 -0.0031507921592362617 -0.007861183616883417 0.0027569054543200608 0.007636354854355242 -0.0003645679420192043 -0.00539681070379757 -0.0058741120432916905 0.003126496132477695 -0.0020500490150668466 0.010149586950454323 0.001717026769548391 0.011962621744979933 0.0019776427129878523 -0.009219763354869678 0.00989451235707391 -0.002304669619939494 0.003077798940932301 0.008570509700793654 
1.0239975686282283 -0.00494218575831647 0.008455923082965373 0.01774821046789663 0.004067353081874083 0.0031762028394291854 -0.015552769171354163 0.012190132953767701 -0.00852986476608675 -0.009440798600365875 0.004404820891136553 0.008296000162176933 -0.003253413234705938 0.01420007284882932 -0.0028370572094370385 -0.014755893784686058 0.005007944771746729 0.0024602810548530773 -0.012189366066465056 0.008902552897189955 0.00020168162291795568 
1.0136702756648992 -0.010268886668051735 0.012447987914298334 -0.011241136068319725 0.010915047726863521 0.006496583644045796 -0.0014214064589324492 -0.01255916005324137 0.01401703648422146 0.006366506016208598 0.004848430136349019 -0.0006257502195492737 0.002388564584839276 0.0039706784076302395 0.009391444045847536 0.0062560967240495 0.004464217780642723 -0.01198592132314978 0.004300762655143839 -5.975289417268694e-05 0.006086023840727926 
1.0267068653262745 -0.0018055305539484102 -0.005101865355521947 -0.003993081749794848 0.01829955000064023 0.008109401603848746 0.00042518230772506545 -0.0021076568026975402 0.006806805419363047 -0.01984277422446025 -0.0009856006222383714 0.012885148434644441 0.002181496442754392 -0.0020101263395743835 0.011878536821467351 0.007297095371949322 -0.0048515801722150914 0.013134256564309325 -0.004543958950550035 -0.006752181592725403 -0.0037229628757147475 
0.9810534426767051 -0.009006140689366735 0.011802141746387064 -0.0032614516934068973 0.010279049196248896 0.015461551940947716 0.00597315170930767 -0.01218605499259522 -0.007193382706882236 0.0021532147922450192 -0.01397903770099082 0.00863339686745111 0.0019849618449686193 -0.0015182963427639504 -0.008176584219092045 0.0009688131657154327 -0.01955515540014133 -0.006270124951587328 0.006008832222868502 0.01028221003887509 -0.0018896092451052878 
0.9744855815254676 0.00048067938256620536 -0.013349369608392772 -0.0015702640155550412 -0.010465833580835979 -0.004962859415563255 -0.005831321316524466 0.008697887680607369 -0.004313982137866106 0.004426457392558873 -0.006420038042097208 -0.009193637081098998 0.012130034901713913 -0.002870136417753282 0.0017934659160939034 0.0038278289291872594 0.011029219024610293 -0.002350777107071305 0.006530906626133909 0.0008609232648053755 0.0023508594360455927 
1.0278508870487058 -0.02522230672959765 -0.011880898081336697 -0.0036442796879619 -0.013376223201530138 0.011971826493859455 0.017314981586852306 0.015635718705488605 -0.00741905920398614 0.0008070577842896277 -0.0016535084348440554 0.003354663377669035 -0.01337247503799507 0.009762645978111552 -0.0047643864027013885 0.009116178918588576 0.008240342754649998 0.004177565567459053 0.00038649873524424313 0.005190469393450252 -0.013520037215498056 
0.9686902944797706 -0.025179695604965083 0.006083626800574135 -0.00317294630276921 -0.015422482278434482 0.00394773990580435 0.010426571932996231 -0.0016158353117206945 0.005955321535897466 -0.0042961348388055294 0.0017982534874912317 -0.004950251885437328 0.007223972792757044 0.01735722583409278 -0.0076586272759797324 0.015681920966074476 0.0034132094713460997 -0.015064376962308482 0.0013754622270208037 -0.006458662602525759 -0.014814709204978663 
1.004788683799708 -0.0012275251267439087 0.0010029378015460617 0.0037866285100759756 0.011609246205523607 -0.018005094118403838 0.006727175934637257 0.0029336539222507476 0.009852473728517382 -0.009060070787679083 0.009096877202727971 -0.012786167691574238 -0.008698744005954842 -0.01282801621983108 0.011426128347918141 -0.005794100913744434 0.00010691543360217847 -0.008302598970952672 0.002052529701980869 -0.016472317311568445 0.00556052917964752 
1.0349124584100167 0.003853561894854345 0.00036458555862283875 -0.007287527123156921 0.005988127946440281 -0.010213417930393421 0.0016856454180797973 0.004564392010700659 0.004927196914998319 0.01620382317836576 0.01426632514102086 -0.016220407746895944 -0.008916367664822417 0.007656991365061415 0.009080545568011746 0.0019555819577628166 0.01455725951660145 0.0004324078496570642 0.018799773195994213 -0.012169414860682733 0.0034824190388630027 
0.9590228132861542 0.009456175476429003 -0.014476040612495241 -0.005286039178575772 -0.003911851125435724 0.007963300611896219 0.0013080250749195987 0.004748115038679229 -0.01682967145703456 0.009391045468426765 -0.0031660032831200865 -0.004523200823514622 -0.002490435373423955 -0.016143113319656 0.012603294670165504 0.005809775569602268 -0.00839789946043835 -0.014869009576448312 -0.010101937605305969 0.0036653149644325727 0.01093287142477156 
0.9880057715002012 0.012498953316254467 0.0023697024799839927 -0.007646266859495531 0.011597216263919796 -0.00244526849671698 0.0010888974061217139 -0.02225454319256219 0.0038510732755293133 -0.014761128774160987 0.00866480355969037 0.002481023462996628 -0.0034316452995110515 -0.010599910753407165 0.0023054615113453987 -0.014876624189443655 0.0050955002287901 0.0021933761331753387 -0.00784316242004195 0.011203155280305266 0.0072585670251703455 
1.0043293708036516 0.013407397061724904 0.002730747103412154 -0.0067172898020845875 -0.0031913197075789657 0.009219350537248356 -0.001396054173507449 -0.0035017076260768876 0.0028886697885725328 0.02024213802664328 -0.018476142057895956 0.010585085200769506 0.007743542983959626 -0.014560647204098436 0.0038324594065052447 0.006462651831839952 -0.0013104252552031321 -0.0034906445797668606 0.009581696156707852 0.014146559728032205 -0.009920497253702145 
1.0227617725877889 -0.006412337194809618 0.02718386962546869 0.013941350102025928 0.0007071922339089242 -0.0038498819317790696 -0.006616184502413137 -0.0020134176379848698 -0.0003805112024413195 -0.003706737498556039 0.007890226972633602 -0.00097991658754987 -0.006237905077980127 -0.007890237943784389 -0.0027833741164318337 0.0008504263384076768 0.00403300776078876 -0.002273843309340687 0.007856539614633472 0.0063489116691489034 -0.014181600437887654 
0.976057394296249 -0.005083881620117972 0.012115147754091908 -0.015170111406651372 0.0031164904541326754 0.002492419440695683 0.0009503684942520169 0.011994519166689326 0.00031664609556378715 -0.019431577329927716 -0.0055038394591205965 0.0005866482716210426 -0.002956125230414905 0.005140702856807704 -0.0025306763495076033 -0.004352076794599904 -0.0014101367745581075 -0.002061674086300973 -0.010657698206047974 -0.003355451633808172 -0.005529512302312899 
1.0123244291885962 -0.008687291814038973 0.002910925558899764 -0.002310082977496259 -0.011999724546268183 0.009945977139917066 0.0010139940424954935 -0.004435733066910359 0.009265169091256145 -0.004525074075801986 0.0018463157903079721 0.0027829864293847308 -0.0009839370900011808 -0.0018968866873803046 0.004564386602949256 0.014564963917094316 -0.0009474556911886205 -0.010316463956576821 -0.008139053390708504 0.024864437238354062 -0.004727777613594582 
1.0156157323665258 0.009255955975472782 -0.0074235723968354055 0.0021315119441139047 0.008479803882187652 -0.013810433362566417 -0.006196275129807332 0.013963356313119629 -0.002213890275671771 -0.0018548694755719927 0.00891232066344799 -8.451766921864694e-06 0.002882586054214762 0.0057343725088897495 0.006582073412320216 -0.01191493771637695 0.01566562021822102 0.005314866153355048 -0.011120328221053544 -0.0072559386887968615 0.009356784964023793 
1.0044827062085335 -0.0020252660148829395 -0.006167043797502039 0.008259105361458565 -0.004019989794898217 0.00604933631932224 -0.005089274055493381 0.009467569475258591 -0.018921839975983165 0.013786587904999044 -0.0030252745199933952 0.010502122844648708 -0.00295340852657253 -0.00910595472652622 0.011018456631479791 -0.009347603813788082 0.001865099684065119 -0.01259304588566887 0.010512165783875236 0.000938739890509863 -0.00162512083256848 
1.016088825932135 -0.001375272959137837 0.009318037694330381 0.017104482478917174 0.0010245342193973802 0.006612747955383405 -0.006940994865382081 -0.0002962650072156703 0.009593798461189944 0.006244101770723684 -0.017287827944233006 -0.005167722135263247 -0.01360469483945348 0.010616018894889938 -0.007891622259146615 0.013661164853508703 0.002438986400116531 0.011915394515691123 -0.007939584462328786 0.004348658824128591 -0.02283326684327675 
0.9761341338618663 0.0012491327737688919 0.0008496002957748428 -0.004394477655141759 0.014671555697710273 0.01103592054687149 0.001479179981496713 -0.0023978234584886814 -0.012300518265743403 -0.014468238920799067 -0.009015145731704158 -0.0012736638376301215 -0.00988561826648142 0.006257136268354472 -0.005478294420326723 0.0024143927309537134 0.0038650042112595606 -0.0016585977234687653 -0.008467466822400987 0.0028725909353186584 0.009255415273419235 
1.0179004046053324 -0.008833366805542678 0.0007040601308802784 0.009216472893059944 0.009209928439217998 0.005111423821520839 -0.006379084725602286 0.013873854346106827 -0.009770949943033071 0.016595346478652497 0.00249814500901179 0.00034718981919390235 0.0028938862661935854 -0.009728709621236736 -0.008751530461584228 -0.004028722174890335 0.024141074811983902 -0.011600251485339002 -0.0013007505799857947 0.010783871314289737 -0.012392251466062605 
1.03346432062575 -0.014921371947541515 0.009260838153641341 0.004041627122370726 0.014011291043724236 -0.005131310868015989 0.0025011930352550273 0.009846152853211191 -0.00558343335587049 0.0020675664461801625 0.0033406781496610667 -0.003524085763098664 0.01144014074327963 0.002585145434592264 0.0011158064230618408 0.010023740902555856 0.00505296182961846 0.0031379558269467463 -0.0025772242306348757 -0.0020680332651795085 0.000587793971263259 
1.0388421431228119 0.008586600224068753 -0.005223029608161336 0.017365702664768747 0.012723767578266374 -0.011352065858934335 0.0051871404918860465 0.007547028249446306 -0.009631162380937745 -0.0029640556499804698 -0.011645207039196668 -0.012047320371705628 -0.005011321384266346 0.013947949128497387 0.01858036079782201 0.01569989525345313 -0.0032346863305918456 0.010677889740457724 -0.004142168623010223 0.0019603274301893095 -0.006864263398566942 
0.9701756987612645 -0.01041536548566042 -0.00773819356853588 -0.008574872385057521 -0.0035938818419187415 -0.002389133234693412 -0.002266085295216376 7.180015977382763e-05 0.009770914736356412 -0.009194147431868607 -0.005252261278045436 0.017374444887442865 0.010039270093375616 0.014170753853258411 -0.0064957233857343335 -0.0044541124629405284 0.016114889641244405 0.012806564322327975 -0.013588619632309767 0.006833886600430791 -0.007526275169978084 
1.0180712594846049 0.0037581412093950013 0.0058596726093803975 -0.003925356119993644 0.004429433719599036 0.011019299657294809 0.0071068469442589245 0.010122081864297415 0.003940448422666134 0.00660656835821563 -0.0006303084994064779 0.0007687295566388358 -0.0020640218824868628 -0.013588599578236054 -0.01295835323558292 0.00825302050913748 -0.013275341658928796 0.013433976517230337 -0.004568784831251325 -0.0035395513690931867 -0.004263119545169952 
1.0412871707365 0.008589666715369733 -0.022722714613863295 0.010856433506066457 0.017487774092005925 -0.007133338512702873 0.006720574398610327 0.0018403501931473613 0.0009016730057983853 0.012982949049795607 0.006582193061247188 -0.0031038656397857295 0.005494416720265023 0.005412461648228982 -0.009561360808193937 -0.01335258279269679 0.007713160756455994 0.015580920418614795 0.020811234777564788 -0.0057905831078578504 -0.019108200680066186 
0.9669778571551267 0.005653546274356748 -0.004225874795669739 -0.015196577570172374 0.0010943458122364908 0.013650187978409669 -0.0010351575049782325 -0.004341265768918764 0.0002695091559596607 0.007423498581604149 -0.014831271461431535 -0.006220400708036786 -0.005482539826524305 0.0013903482677175463 -0.013080212525664133 -0.0005216062386849594 -0.0075427504788464815 -0.006566263931714737 0.004182502893530778 0.009763530718824196 0.0009461266673456739 
0.9677851620295626 -0.010514011574046574 -0.008584578749343959 0.01684656631038567 -0.003983437823543686 -0.00548676100824927 -0.001176978537583972 0.0029902785364768355 -0.0017313167020722917 0.007559303713429979 0.002591550489593802 -0.010707232440930059 -0.0013326006922959382 0.0033120419890087477 -0.012254679106067194 0.009789038656954208 -0.0019946880999339015 -0.006225547904050409 -0.016117001338331043 0.004668425777375485 0.002305362471826914 
1.0079463886751168 0.007431687890457351 0.007099245569472577 0.02324139867048957 0.01682179746241206 -0.008638316903403557 0.016604064720215576 -0.00733221943803054 -0.005172849358162916 0.002118413188452793 0.00895295643879979 -0.0037186680673644795 0.003996809295349661 -0.0020486946069902985 0.011378877192100711 -0.013745379112308095 0.007388700872398884 -0.002018980103547274 -0.007609821870540266 -0.00552948490928539 0.011380287235777695 
1.0297413968253706 -0.0039673533641822935 0.009191644805044686 6.653472320547805e-06 0.012812846519096706 0.00024313799603636307 0.016505951546384828 0.00360859320107962 -0.011731162005731797 -0.0012219241057079932 0.011680854149468763 -0.006445851329698846 0.008861571053154374 0.00868939121151895 0.006624362262264146 -0.009790279295525948 -0.0014914479721830677 0.019895895819406952 0.013281524898657566 -0.017530950915227623 -0.010139303352904592 
1.0032535756034862 0.0011791197041964392 0.0020111322510840022 0.016108101664310648 -0.0016980478534200252 -0.0191385903504344 0.007204753825084674 0.016128774629103452 0.028520214866914927 -0.03192600041770977 -0.0075641366106004495 0.003573694497663387 0.0015120949074062667 0.008402358945047587 -0.012486617618977852 0.01823699623653284 0.0004171123448829997 -0.0028858276283097646 -0.010844009250086748 0.006526109479904889 0.0008710553557119533 
1.003304966045626 -0.02145522897305877 -0.01236288614884441 -0.00026153241805107393 -0.0031162331819449057 -0.00768688911420822 0.012409105476196239 0.011875338850606335 -0.01762181151967518 0.012043593264971593 -0.0009508229441763845 -0.0011426265041321766 0.006786247624550776 0.0005131668227690429 0.0007567657958763537 0.01139498610028243 0.0109366296422109 -0.0005996126059412351 0.011392203974050467 0.012790191861863127 0.0016703903201600587 
1.0247174389137128 0.006468075579050875 -0.02613507016771572 0.0033102549715621305 0.00852174330605311 0.01144076897294039 -0.0028267594274425617 -0.008084613140965513 0.0065620256390157 0.009160573609193558 0.013487967869739121 -0.004783208161584298 -0.011604943762627336 0.002143461059442844 -0.003883592919536193 -0.0031145704036785204 -0.008713693947089532 0.008037530935997426 -0.0010192656806461901 -0.004409929972004002 -0.008436460352409358 
0.9675880362861647 0.0003037607219573635 -0.006477072958058128 0.007229923955303263 -0.01038502419690207 -0.014523384197011104 -0.0038974246031900977 -0.004853124019935649 -0.008187097834466492 0.0005357107878971011 0.0017592334805665187 0.029951519346754264 -0.0015930682218692717 0.008049876893484699 -0.006141780436406784 0.009814849530779572 -0.005312120432041516 0.007789157795826514 -0.009577926319398111 0.005464241206863641 0.01635054827757339 
0.9767951339474187 -0.014701965935522232 -0.00317845997374039 -0.0028135678184078284 -0.004261001440331822 0.004302953702705603 0.00012388716167606507 -0.0035053219067022073 0.0029785189407695012 0.010764976165774683 -0.00027706251068280953 0.00882358965885637 0.02134579052269137 -0.01586243637449439 -0.007496029854394254 0.00672332951386688 0.010668212388495014 -0.003812795511589879 0.004217888289891078 -0.01206303676495375 -0.008245368525284973 
0.9800754310656431 0.011321967030150669 0.011943540969823621 -0.02052570831111573 -0.00041657434719997896 -0.014053983232473198 0.010547904077369165 0.016453088572852572 -0.006897813203574605 -0.0027672721249674547 0.010170649099495237 0.011481663150608919 -0.015817782077890405 0.007096764158813847 0.022548889759665878 0.0016276321409721128 0.007281044279915142 0.006226777853654695 -0.010484444817148457 -0.017713258965118283 0.0003732982635114704 
0.9947552782750541 0.01761443563109021 0.022184672605512126 0.007885189011968776 -0.00926771695974008 0.014641541522620349 -0.01196029935617658 0.008619809791647184 0.012481150765669954 0.008834015244157254 -0.0016200632906781989 -0.002502330302950782 0.0018056500089970238 0.0038725071942685026 -0.007926113946588414 -0.005330979484664834 -0.005919195202705458 -0.010410335936814544 -0.016247467442307494 0.009570989039886747 0.011114391363491898 
0.971391274804848 0.0012142335696534938 0.017207623829666032 -0.005229698978592385 -0.0042448113549244165 0.001955876380058561 -0.002414447518662224 0.009236747304961431 -0.005991085282323248 -0.00595543816417154 -0.003791291561073027 -0.0003228187374557582 -0.0014028201436238235 0.0023853206974467902 0.02362161054380171 0.009086919620154356 0.0017953782530671114 -0.009854588606228704 -0.007989647433843025 -0.015270862470896231 -0.006852975213872994 
0.9963262935568917 -0.004365019978746281 0.007728300033776133 0.004885623917432324 -0.009716605766268161 0.02014568022528882 -0.02498820208933462 -0.0032757451620206907 -0.001849884357421288 -0.01637652677601524 -0.0014528509920405661 -0.003953006362634756 -0.005429619909776019 -0.017320966511712055 0.004827757549559995 -0.0023701757264295775 -0.0010142436324438028 0.005613742159395439 -0.010645649344062202 -0.009612669540925276 0.005335568903907235 
0.9380347486665689 -0.0018212614736538588 0.009213256430971446 0.008098282605462621 0.0034243544242796796 -0.005907685178668587 -0.004042077865679742 -0.007885569114963943 -0.010036120877982058 0.006004511806017753 -0.00461744873263638 -0.005733907922047939 -0.01826980366703216 0.016340102463228846 -0.011761652549724166 0.008695307785505061 -0.019356687694866866 0.002143989221601607 -0.010348916668218867 -0.0033689641920996473 0.008804762838323628 
1.0193457602634937 0.01016289655232927 -0.015744466712691238 0.0014450620303760149 0.012484189966197956 0.0009759056473773134 0.0029203257750429336 -0.004520150473678567 0.009980024480604891 -0.0029372064067872705 0.0015117384975154937 0.019373751237288163 -0.0027160060325537995 0.0076649832051365 0.006600715011973705 0.009696479392755102 -0.0023721373234899808 -0.003941997863224265 0.005796539853504574 0.005767506211479681 0.004890712736195276 
1.0368437995690838 0.007522899194147495 0.01630369918106881 0.005434009057878757 -0.005539045290057317 0.012026282879964927 0.008661602484822017 -0.0045759402088181985 0.00036602248105321275 -0.004575140936275752 0.01110318046752683 -0.0018884798372745604 -0.01129414465437811 0.009460484331022824 0.02402571032837391 -0.001855730763064213 -0.0038458066180654745 -0.010404074058584107 -0.01446507238381372 0.014939024576144138 -0.0059062722137045946 
0.9735688894729001 -0.00762604021954876 0.002245565185354742 0.0011419538142223402 -0.008152477835109716 0.0056355629054393 0.0020333997014882733 0.005009218012864803 -0.012434012529890825 0.005550002886691282 0.00010495639640140812 0.0033177771208215304 -0.019810044327999304 -0.011172714027617532 -0.01717040464241248 0.013022014622850062 -0.005356050536741954 -0.008797488071341664 -0.0008040826431451334 0.010670038494383511 0.012293805540916672 
1.0619474369399629 0.006233784135811485 -0.006075153011307516 0.003411607348623461 -0.0010959498789474074 0.010434231792041716 -0.002189176120008204 -0.0003978629527745947 0.0007506968994150605 0.005847102299219543 0.01421224758774499 -0.016483733139793736 0.009930558546992737 0.00016738982159728342 -0.0001382446398425494 0.0026100680790883952 -0.00825071732265779 0.012643845676184082 0.0014194956030855383 0.013765707315770422 0.014349219877038188 
1.0390390311200743 0.0021282916746501444 -0.009167038403298631 0.00030008426585750094 0.030301185555107253 -0.0036563599252274026 -0.0028139386636118232 -0.007653479305756612 0.005354195395148724 -0.003933930327666141 0.0012850138100957132 0.016938235463411364 -0.006419952517593465 0.0005386674661337147 -0.007838321781722358 0.014707447212450528 0.0022247977050412378 -0.009830126752788214 0.005356469635516335 0.017526985617694994 0.013231214096569098 
1.040056665668141 0.00798725567026881 0.010414780778708084 0.010562824684666256 0.004491795597789914 -0.004382723191328259 0.004822875873331431 -0.0010172154478864496 0.005172164436695498 -0.0063484416148206525 0.005579166892744256 -0.013295946741579632 -0.004531005636861994 0.01696149645448218 0.006659679152709747 -0.004328016269378287 -0.023250534344813296 -0.0011970780904172502 0.014311844804190855 0.011664256413635238 -0.006167055699072912 
1.0353116773513529 0.011594591449956771 -0.009097618046702956 0.02848792729912175 0.0020250181698950945 -0.00170251139071383 0.005723182274208082 -0.0015733822468419984 0.006340685893925827 0.006447488398902518 0.015019255272715044 -0.011033923259114214 -0.006131838766771134 -0.011964954935772243 -0.0018578378749651452 0.015376129245664224 -0.016513026659495684 -0.004629971263019948 -0.026450989428492205 0.011764523948826083 -0.009141245009733174 
1.0348264117432495 -0.0036414745878437737 0.0028219680786991607 -0.008710159903801768 -0.002019545242589293 -0.0008646901739668695 0.0049004782779957365 -0.000632678514221763 0.02528496897674719 0.0028304731364068862 0.003672634516104556 0.0008730181548269261 0.0007482999556622192 -0.00827945003533164 -0.007147308033566831 0.008711582717749522 0.0033478547874877503 0.0003225050542592141 0.0009039964549125332 0.010964734533387603 -0.02052717906840528 
1.0125969122613603 -0.015591991544290116 -0.0018050466920221508 0.006413382916046048 -0.0031518860680927975 -0.003427749628496919 0.01134561482515778 0.0066846593617363404 0.0075018512047875735 0.008083553057776624 0.004488443968911584 -0.0033495956560909345 -0.0028489037153911095 0.021302701416105376 0.0008003277696174124 -0.005048145657503562 0.006913701516849308 0.0058784922142849074 -0.009523367341723425 0.014118309964420634 0.0028256376057582393 
1.0038988389757955 0.016883259643605625 -0.0004372902414088219 -0.005820776301163285 0.0034422895808933892 -0.0048238050594436015 -0.002581184794417383 0.009314589033345613 0.01632538172355899 0.014790036118475541 0.002588872178767398 -0.008832270357090565 -0.01790678124462884 -0.0043357793344000325 -0.012776681722874566 -0.0016839485477393133 -0.002009308980519027 0.005945204869068722 0.001976120068030689 -0.01056508213720181 0.020513289646088714 
1.0351792921258445 -0.001760720304071516 -0.014208349631206537 0.01831832108085946 0.008703299421724573 0.006421498597188367 0.004767327890409721 -0.0005075760526377733 0.00994059737106369 -0.008614878822870793 -0.008245681397186795 -0.0008529382262505952 0.01250238524465476 0.020544539921934484 0.0028326110428993877 0.011804768991728035 -0.002440691701916176 0.01664418601492727 -0.015327040234924155 6.388528704525496e-05 0.008468269018036344 
0.9996019600994667 0.004030546704812795 -0.0003499030125484133 0.004981870777510721 0.014393833639814831 -0.02210445226711766 -0.006984083871173765 0.005800853424145051 -0.005410577110455562 0.0016726761279701292 0.0023388112384091124 -0.006118144044648324 -0.009084347882806513 0.008768089473446747 -0.025243519259620123 0.010084225320286987 -0.0024106282920671246 0.01853476201980942 -0.0073053536740490714 -0.003602044643538542 0.00020025817578718484 
0.9898459803467603 0.01880650732943303 -0.005415597953004403 -0.00620225222377791 0.0025983860364896107 0.0032784002391595757 0.005839614144711014 0.011933575083486336 -0.006856850228765263 0.0021219752452339685 0.008032552340121351 -0.00012091248613142374 -0.0032594596135180195 -0.01783708835044457 -0.0029079771533808926 0.0003710779499446569 0.0024762042060842 -0.00014979638574058945 -0.009845886498028388 -0.01036186529950573 -0.005521232725632676 
0.9928319473631486 -0.016675574590634838 0.001979896067745522 0.01692795554483774 -0.007059329213214202 0.002898706093392317 0.008068379525705036 0.013722259165800249 -0.0038233296591840544 -0.012422020177468168 -0.01194946122034969 0.018512713520574303 -0.006987367517275806 -0.003346890363658806 0.006815552116572864 0.0036715346061793907 0.011903464989569335 -0.01149386603703202 0.0035255071697664437 -0.009523949325830538 0.011775492162951018 
1.0268345077419467 -0.002432842141124474 -0.01337701144195999 0.0016293573577737192 -0.01532913019041921 0.016687853265550653 0.01042562872801575 0.004159091059566739 -0.004708273582291727 -0.004496365134329332 0.012745802553190489 -0.008506583740082153 -8.271316042560929e-05 -0.0011107410364337685 0.020337319016970064 0.002940201396611067 -0.004049968055067193 -0.0027783332939160187 0.0037151600281013085 -0.008214457093403852 -0.00614070657618942 
1.0376386869649588 -0.0015207872884308888 -0.0035178400424713432 0.009014720718445291 0.006522490052140957 0.004641591580925864 0.015320848544651312 0.004588382334093029 0.00835630500707832 0.004892114422172135 0.010736302164436225 -0.011487786375560128 0.0008825748098258116 -0.0009061714190129433 0.010562701702037687 -0.011668954602057259 -0.0005231687404468047 0.00013229451271572817 -0.005202437420188224 -0.007445268758489937 0.007445886692052125 
0.9830037198896093 -0.004587905341845929 -0.0017820742411835645 -0.00397615982209877 -0.0063928158563745134 -0.0008219380544517747 0.004263549957686919 -0.020408365138276447 0.004205379631306719 -0.007056163540828853 0.004454659721382502 -0.006358746097121282 -0.010397717161801205 0.004049262508416326 0.011739426365056363 -0.0019569334952742813 0.0011613784631261865 -0.010450834249919216 -0.017874985928085448 0.004086857739365819 0.0045686689806409605 
1.003832871804917 -0.00759591904702572 -0.014187877601556143 -0.00024964178670429865 0.019052480503851343 0.002607534119271643 0.00530912165544785 0.003964173828884926 -0.014070797688966756 -0.0010214599795405322 0.0038737266826254775 0.0027089375101895284 -0.002072264212142662 0.01844531775779021 -0.004300652860181261 0.004916127569304012 0.0038942339019443603 0.000743587724063047 -0.008316781586873387 -0.0038028046755323544 0.0049245870582309455 
0.9704705006284838 0.024873938337602743 -0.008954421004288223 0.004955315044574886 -0.02284270124596025 0.00040911028739979707 0.000920451663085616 -0.001673286886578868 -0.008916601159692538 -0.008201027128384435 -0.005064352297779327 0.012714869567326575 0.006218345266208568 -0.012802034408747859 -0.0009209196889988165 0.000704983469457157 0.01519176098656175 0.01656323661368217 -0.0001728861284106828 -0.00238099122477728 -0.005980245062624298 
0.9761689897796549 -0.01339203053504345 -0.003948466031209099 0.0042005870175975965 -0.0012263420090739068 0.0005078243761275715 -0.01118764180586362 -0.010229905607686733 -0.023615459220968492 0.007961069036211936 -0.004372125420829708 -0.019131800589353647 -0.004583289688795161 -0.010309337118761785 0.00012977402421998543 0.005563045908349292 -0.006821634558691696 0.00423045750538011 0.011937405361572674 -0.006369499381416525 0.0069362137199773435 
0.9887043015984716 -0.00024677170727769004 0.00691283282377001 0.011841599112062973 0.009835505898489137 -0.0034302080773479376 0.0036092086842395184 -0.001612714151788776 -0.005254725934685183 -0.017506709312338373 -0.008027596517210207 0.003592395908112012 -0.015713129143175283 -0.009672006941426257 -0.022398808586395823 -0.015588205349786893 -0.00664879100272613 0.010065993494186961 0.005125413370599184 -0.009985823684785252 -0.015045504251551552 
1.087907590273747 -0.004640097282197705 0.0007533483774453322 0.02975371570182019 0.009418312106879777 0.008161584920767594 -0.011074356497696494 0.0013915985735655698 -0.0048821864882347635 -0.016438009096690707 0.00482302008254144 -0.0014330103155123202 -0.005291593512880103 0.0003832991131128665 0.027019154764597896 9.197140398449735e-05 -0.015564748008884677 0.0018996054593921352 0.011330307781604545 0.00042072032934471537 0.011101681292386738 
0.9567359295280534 -0.008261931342007542 0.0032425308407833353 -0.0026035286668809237 -0.018708279589188505 -0.00459677868156201 -0.007055590310605368 -0.015022414458268463 -0.024928112157832593 -0.012840357731738706 -0.009376916943752858 0.028036017360793388 -0.00036470447385989364 -0.002483440498583151 0.006321512441773436 -0.0027852937108689474 0.004885941548415453 -0.004917555609486081 0.014629831729628418 0.01219811834946542 -0.007177221157829805 
1.0134725970723684 -0.003800379282686874 0.01851224900607813 0.007513179729265295 -0.002395287556605382 0.007714951904833004 -0.014682894309105106 0.0045033525442461884 -0.008666070676779842 -0.005537770740339677 0.009946829390844111 0.0032859251248164127 -0.005723271735921481 -0.008005217095545797 -0.005777680321001233 -0.012141838747036235 0.008280813527682505 -0.005050855000250352 -0.007736330425545432 0.006516469933293795 -0.0005601372793622866 
0.9523019367022239 -0.03146281733666828 -0.0059602571925905165 -0.0015802207979504347 0.004240431232591208 -0.006717344292386287 -0.008314620453175528 -0.01616535243330376 -0.002351503717273627 -0.008623947663723156 0.0095401656259753 -0.00030586849527197143 -0.0012222307617626104 -0.00582731150411666 -0.009531788549903768 -0.0006251969023998176 -0.0030035241559903812 -0.009202071128202802 0.0019434923861820735 -0.003922069903613254 0.006507986025960016 
1.015224634480328 -0.00015525424330266162 -0.012603785025485901 -0.012658777762531446 -0.008227358279959119 -0.019848402001720424 -0.013858697283581963 -0.02005402397814486 0.010957102386253305 0.006835052077408003 0.009321940906868512 -0.0025358966868328 -0.0022394324432919808 0.012713895238145702 0.008295903949476166 -0.012549064256830325 -0.00937406254590297 0.005580634960301703 0.014903442513410128 0.01535585303209806 0.007378416893027357 
1.0691548338363337 0.001429016987410363 0.011765942811903494 -0.0018955211155160065 0.013743392810032989 0.0031409601481211936 0.012323947738523753 -0.0045564373354502405 0.011973445261927531 0.002428891004853315 0.02478877721851692 0.0021502246475292378 -0.0023224372229799168 -0.004686080549601358 0.0097077322218402 0.01152006106216449 0.0059978526643616435 0.011366757061148168 0.011194873698754776 -0.010661468170909502 0.004184230020872311 
0.9674736439411251 -0.019522480423131632 0.006380013099394989 0.017903546334863525 -0.010537442916509283 0.0001590523887773061 -0.0044452539145180695 0.00474247504444854 -0.018618482808573117 0.00011855241344602965 -0.0070425173491893605 0.010446806982029922 0.0031435812818924524 -0.0037719041193617882 -0.008150127073060716 0.0015637998400270842 0.0017279827347960405 -0.013371197341617815 -0.008587511579280201 0.00892808371531538 0.009103624126385376 
0.9410687983889109 -0.01042044276967403 -0.00733942299584092 0.002081317130320862 -0.00673048010897819 0.003195189369896773 -2.9611790480936623e-05 0.01692531557200653 -0.013575783921744357 -0.011157920138740072 -0.02469908116434749 -0.01382675915160926 -0.01730281301860229 -0.0024101122762349987 -0.015855944941857283 0.01678134103647642 0.014266221329506343 0.010180494015801225 0.005404531195161426 -0.014145010982336281 0.00655659199820255 
1.0067062813590897 -0.0013929718086593394 -0.0186842393438232 0.00590515646975047 0.01748201053351264 -0.004379668075156929 -0.006179631787144146 -0.012485537764037075 -0.005122960672403936 0.015096071638817541 -0.009383724997331427 0.011067967382477348 0.009446098553190233 0.006327851253544122 0.0009016438874278506 -0.006755387593427228 0.009179208384554145 -0.018352515081501534 0.01851468464467402 0.011703435835498802 0.0021018104480849016 
0.9461914801354493 -0.002492336187279913 0.005397798606559665 0.005803846264735156 -0.025456620682116154 -0.0022406202351975928 -0.009014705193870052 -0.00878634701726056 -0.014816545360827143 0.00922409774114345 0.01596383645016918 -0.006242237067192369 0.0005961644300960675 0.0180813823986718 -0.018691566441849838 0.0067722236507932075 -0.026077819541653512 -0.01171760600293846 0.001258364595408536 0.009325257308680926 -0.0015214653699339234 
0.9642757749734815 0.006349170670861327 -0.019259460534705408 0.01291530557109863 0.0041373047578491685 -0.0010261407255155379 0.004283832982450642 -0.004884065206206882 -0.01030592816513095 0.0033111772962345844 0.0002205642056495104 0.003519096714721986 0.004698306214066466 0.0038480865061093134 -0.00607170031763838 -0.014187603954460552 -0.004605368268773908 -0.021479652791696568 -0.005318858416112946 -0.001984318159765468 -0.009385046894714439 
0.9790044846952122 -0.00928215610081502 -0.016845088532529154 0.00783216481419018 -0.001971852411739198 -0.0020864290625708477 -0.01838942871599766 -0.015788420726949047 -0.004577218383531342 0.003970464138244533 0.013323929752723134 0.0050443805452524085 -0.007500554354975719 0.011678152993400269 -0.008016903745968753 0.009264251717646086 0.013942128710379871 0.0024211616823646637 -0.004841150346887831 -0.006299625938395202 0.010659348837784828 
0.9528046830638165 0.005366736318240657 -0.0004650270806744565 -0.0016650569206241167 -0.014344031622104401 -0.00035189255286747817 0.007604695501362815 -0.005468035818105573 -0.002653338059596916 0.008477427935756577 -0.01662018404176132 -0.0007480879993593667 -0.00014230879960124316 0.004643271893627864 -0.0018626308448071694 0.014868447077955782 0.012296909744241427 -0.0015125664202496629 0.003459573261849702 0.002587186240115468 0.011112003195608804 
1.011659947568326 -0.00989823078998153 0.002028060185774561 0.015349608839291639 -0.0023369290583390334 0.005450700582891337 -0.007623139077600343 -0.009797114689480677 -0.00022902266135950989 0.0064115350066273795 0.01930069157254675 -0.012907703441488217 0.006902668865357989 -0.005883889009417526 -0.004240337928952207 -0.01006892065592689 0.004019138326467882 -0.008847688644859351 0.0007104222307078616 -0.004816899693968912 -0.009001194040693503 
0.9830112974651074 0.0018419819036674966 0.0019468861925320822 -0.007027581540051832 0.005653627684646631 0.00656639493480476 -0.008927222940562276 -0.017033238415406795 0.0023779139067374123 -0.0021925843758916186 -0.008402240775665367 0.0017767728939040498 -0.004581920828004233 0.023287030277709758 -0.0061073903480372985 0.02128796498089672 -0.0005007696282848311 0.010443742690763374 -0.005270555618181833 -0.012390288824565662 -0.0066996363213254655 
1.0223058799431155 0.011764726518342069 0.0006621324604706136 0.004268487635563572 -0.00469213551945754 0.004644913609657804 0.02120615146515732 0.011291362870237352 -0.01543388825010247 -0.008941290991447762 0.00981096336745792 -0.019998100669246663 0.008192475712579911 -0.004174464935568168 0.011894890940070344 -0.00251348765997914 -0.012451700172157094 0.00462200482329814 -0.008089923729045134 -0.004368574749447679 0.002109342004265932 
0.9548238479435114 0.006613825460369577 -0.002850779847266923 -0.008194710785448657 0.005691568344954238 -0.006211410895609982 0.011612488692913212 0.0022477418845560444 -0.005314947606996197 0.008219788543311637 -0.017462192861152963 0.011774317205310678 0.0014543493588188995 -0.006631841127763809 -0.006420246321610486 0.019677979454733954 -0.00188117954257017 0.005169102167359025 -0.015403293378058574 -0.0075819843220517845 -0.0014131034472414394 
0.9574405275179056 -0.008033532197471726 0.017530529040972156 -0.02086862503992943 -0.02158199335166955 0.02917650061022121 -0.0017421011853441294 0.005633947217127234 0.0023323351671283754 0.007811262633345239 -0.004718776753383271 -0.021949329904892654 0.009518211970524763 -0.001321970495952464 -0.018834153929919394 0.0003625318546334577 -0.00336012575143917 -0.013631731847888818 -0.0030843002968936988 -0.0031085387485006726 0.012973486472162713 
