"V1" "V2" "V3" "V4" "V5" "V6" "V7" "V8" "V9" "V10" "V11"
1.04224762469316 0.0071820967290441 -0.00329330075817944 -0.00095822463484368 0.013507449600354 0.00437967013929871 0.00363535445314192 0.00844353378469097 0.0118335615624622 0.00940507302509733 0.00779662313681351
1.03963137308541 0.00268821405260398 0.0171313696365755 0.00995612275762768 -0.0191662905232779 -4.01777570685685e-05 0.0176896375599936 -0.0182217372745462 -0.00372627868666794 0.00633268069663118 -0.00671240237068228
1.15846694899742 -0.000686480370807293 -0.00123909495660081 0.00470099369683609 -0.00315432668876325 -0.00374906795083179 0.0151835843911962 -0.0176633029489395 0.00783696683113529 -0.0106206752396466 0.0108073940902829
1.02234504454239 -0.000736658439782653 -0.0059086366363282 0.0109962137176951 0.00357022994138549 -0.0158678061501437 -0.0168945694057701 0.00420193916567546 0.00348619554533201 -0.00582719523353751 0.0038067062193953
0.9736649311611 0.0140941267470983 0.0107755141956731 0.00512759517138045 0.00876959942778577 -0.00375177880821391 -0.00576073523835549 0.0093171035854221 0.000412876749087694 -0.000348986382677397 -0.00273165025789552
1.01073282655045 0.00205722152067549 0.0103302199157852 0.00355360660440624 -0.00058302348277055 0.00317017346609674 -0.00172052689789752 -0.00320303762956609 -0.00594531271613363 -0.00940955044527345 -0.00716271896146603
1.07516801342699 0.00331447761768075 0.00160028087876716 0.00672077548662826 -0.000805182458579867 -0.0130505924270647 0.0157945825737 0.00505164168983774 -0.00743609006984711 0.00661134611777307 0.00543835881221822
1.01575691708691 0.00110264444303953 -0.00473792787117266 0.00121412147821344 0.000954392337414565 0.00321015176019046 0.000957336331700293 -0.00204686278139628 -0.00620935400115358 -0.00355978950593732 0.000916769733111998
1.03506663606377 0.00627719026395673 -0.00797119309904958 0.0081508386274295 0.0227167853461844 -0.015981512766059 0.00282470326868805 -0.00138257626119938 -0.0158620318035609 -0.00334952798575633 0.00743580916580056
0.930370071510617 -0.00045436280008519 -0.0177599975303246 0.00653784549302115 -0.0107812940816856 0.00918755663884784 -0.0218380306988547 -0.0112761811287366 -0.00500050871043703 -0.00758748812738579 -0.00629923238986598
0.949977151189545 0.00410499548102231 -0.00306734853038783 -0.0142106291444659 -0.0124070691331714 0.00317775690219936 -0.00954449768605615 -0.00561455831899214 0.000809521975380011 0.0151889510100889 0.00750504592963151
0.980447596491483 0.00905074598206051 -0.0162098621630659 -0.00404198236913525 0.00275215677064668 -0.00321411188472316 -0.000158194337414947 -0.00285826640781555 0.000273556513786355 0.000465263546792547 -0.00426939748847213
1.0153715874949 -0.010995317275257 0.00425170641067586 0.00745451182290337 0.00068247493089737 -0.00869722102501528 -0.0157257005706058 0.00265058121549244 -0.0116533246816546 0.00478408338452076 0.0132692918700631
1.02210960231867 -0.000306564507323395 0.00122356529218252 -0.0031700109308711 0.00147146465521734 0.00446174429335236 -0.00241934219982762 -0.0152459905727652 -0.00154557891642955 -0.00825205217279161 0.003024313646359
1.03330995328023 -0.00637941872190334 0.00035009539800534 -0.0113441023843238 0.00431337486962879 0.00863370292228556 0.00317855632756896 -0.00736696183244638 -0.00747570263166821 0.0211710348460719 -0.00518530824700264
0.979207115983912 -0.0129376149357798 -0.0051455266806701 0.00927220646710462 -0.0123316205639316 0.0190983051458 -0.0142689078817965 0.00304551741791905 -0.0116105463178897 0.00417775115462778 -0.00117341474473186
0.992297635522004 0.00827587856128785 -0.00372738498236063 -0.00157347502521108 -0.000762567253654579 0.00137037064673445 -0.00493389454406494 -5.48093549850326e-05 -0.0154079401858887 -0.0103766576282384 0.0108031845664811
1.00884980002585 -0.0047846799658721 -0.0104775929865073 -0.00155851076423221 -0.00136129741182705 0.00892461959424327 -0.0100641315818767 0.00108234843455387 -0.00805138552374231 0.000318845311443777 0.0248269006326968
1.0445553060391 -0.00274846418885043 -0.00391857674363976 -0.00510674685681881 -0.00683808829910365 -0.00747360412535984 0.00854201143992613 -0.00677041582768864 0.00886904925960069 -0.00385764694501874 -0.0182341638563022
0.991907028336509 -0.00094521121140809 -0.00815058273908335 0.0059822578448601 -0.00529521817965238 -0.0358958979059673 -0.00729310253769933 -0.00117349962492534 0.000250120220720286 0.000409820646351136 -0.0121303827014901
0.943423482169947 -0.0143376543836365 0.00400689005291987 0.00225432165499185 -0.00469509434532488 0.00567619731596819 0.00463736602468982 -0.0077997070882921 -0.00690959153328851 0.00538243858071422 -0.00367622779375357
1.04385442389003 0.00993614876191645 -0.00174804416039864 0.0128907758310949 0.0136243486132733 0.0228679416597318 0.006016204753187 0.0150126422452974 0.0018777418250074 -0.0227571760841729 -0.000374660711225726
0.986530587790822 1.89977821305776e-05 0.00501002115587461 -0.00311428291492906 -0.00541442247747502 0.00962083916770942 0.0114478673174108 0.016275043869863 -0.00556959094748511 -0.00210808527564693 0.0148309633454724
1.00224596457047 0.00513121627796393 0.0136695572816143 0.0211593800387739 0.00270566099611977 -0.00822132135929051 0.000377686918226642 -0.0123634275293849 -0.00362979447069424 0.00611635486575018 -0.00489640816413797
1.01917489879636 -0.0202833946609623 -0.0218134310810859 0.00222490220508243 0.00238982307429602 -0.0129866979234821 -0.00960899045757215 0.000575781922963098 -0.00282716990653685 -0.00565758439600548 -0.00460083891666213
1.06203877801246 -0.0179909220308512 0.00139038046157951 0.00311736820413735 -0.0138151491620914 -0.0120186866198908 -0.00128865845187259 0.0196136793931311 -0.0200101013547373 -0.00111640015103644 0.0082702214994117
1.06396767932143 0.00117532114757906 -0.00088343635178609 -0.00355835989612366 0.0161402593639534 -0.0108398885384256 0.0268797339856191 0.00167501196011179 0.00750196161132483 -0.0134848188997234 -0.0133112323677401
0.976974457041901 0.00251651679493125 0.000431785443705704 0.00223790090874229 -0.00557175082110005 0.000606592502508449 0.00256460908240967 0.0126440966603657 0.0196100831242749 -0.00785847551531112 3.66069447697827e-05
1.03012304864455 0.010137453592639 -0.0148154110237803 0.011848096310036 -0.0108635795492944 -0.00321893323225922 0.00121907682870336 0.0155443010471971 -0.00166003596287654 0.0111377156435383 0.00677983416044658
0.906022135098988 -0.00415916703520022 0.00825825026343012 0.011219558430899 -0.00687065338975384 0.00456506520196466 0.000525961106781531 -0.0135363447281855 -0.0152000889463118 -0.0183305353512306 -0.00180013877496325
1.01012901036385 0.0223249651345577 0.0123202294611581 -0.0299467849087734 -0.00427548376100334 -0.000253725907084042 0.000746601921211832 0.00916563989873997 -0.00465461036986816 -0.00155826924886449 -0.0188741712010581
1.01133346950684 0.000300005416072729 -0.012600016987873 -0.00425939490612912 -0.0113079329423239 0.00497838626595107 0.00275078804258401 -0.0129601478951699 -0.00710758818814363 0.00613126243006557 -0.0142825692113887
0.99050272303303 -0.00393662755838102 0.00508966690390296 0.00260407153006357 -0.00194285713330028 -0.00717976871049928 0.00284724524596618 -0.00729220008234265 0.0104885766385617 -0.00729942810239251 -0.00406768705635397
1.01619156086343 -0.0262627610135744 0.0104389089586404 -0.0036878667045078 -0.00816889136209143 -0.0195670215105067 0.00784198786823075 0.0100285361165257 0.0112355912645328 0.0189501495189168 0.0031343779549749
1.01481193185654 0.00406671101598428 0.0142377503920308 -0.00281465347292484 -0.0160779034381108 0.000320924473596493 -0.000749189536767942 0.00485634996642652 -0.0144728225932006 0.000566965503145756 -0.00198374000549036
1.05016936138555 -0.00940158013883814 0.0034354130690202 0.00112737826839236 -0.00182344273108968 0.000402928681920217 0.00609084903820431 0.0124597023868718 -0.000147164041950539 0.0234996234070922 -0.00828699840473645
1.0095874132573 0.00463173852469129 0.0102898816218958 -0.00706029037780262 0.00164504397739816 0.00975339560581117 -0.00639544482210001 0.00772120174985445 0.008529160293639 0.0139014652133179 -0.0158199061479319
1.0234487139706 0.00369256622677197 -0.00245022568930983 0.0112625648950379 0.00132168689457941 0.0196595753714593 -0.00100835198910781 -0.0178223431977675 0.0168294198144799 -0.00983014150214309 0.00570781244091199
0.979235604331552 0.000128187706157924 0.00318678767815669 -0.00932647879488828 0.0165229705223446 0.00360108923318101 -0.00347811799741411 -0.00494098054148851 -0.0162444197529542 -0.00352525381457017 0.00618824225674608
0.918109491927686 -0.00693767786023931 0.00272752473130213 -0.00873527717619987 -0.0143682877531058 -0.0126280682558194 -0.0194625561407558 -0.00244867964726015 -0.00279331779554019 0.0104564073683567 -0.0161670287364323
0.95122333005466 0.0023861662670587 -0.00570407468967906 -0.000920020824910741 -0.01060932284788 0.0182606737885069 -0.00253722608591565 -0.000736482685088022 -0.00303529365846613 0.00682282030812521 -6.09112982922394e-06
1.04875929044047 0.0196032217344557 -0.0141037898811633 -0.000670127240595369 0.00858708454724405 0.00276019708714917 0.0092707955175789 0.00730760030294231 0.00893363649989501 0.0184584478711629 0.00387911439475256
0.97503416512773 0.00587940265375205 0.0164263827798597 0.00502807433108585 0.0122073797303365 0.00795790723439996 0.000473245485903307 0.00898647053311949 -0.0116935176291026 0.0147987972826011 -0.00642525895462784
1.06018750130405 0.00641598535123682 0.00672983086502326 0.0138689965574448 0.00515760106370383 -0.00630892998727271 0.0131308832836977 0.00730676600465462 -0.00417574277664133 -0.00410983046156606 -0.00315674279760549
1.01752712806785 -0.0170356080688225 0.0219865454096918 0.00699949519806406 -0.00876320933184158 0.00222690990207524 0.00901116261690801 -0.00142168350873775 0.000729219929432844 0.0144240695333858 -0.00823031394289115
1.01616893766104 0.00118815468169123 -0.0166098008067846 -0.00057980486375056 -0.00461794166825449 -0.00590797454603968 -0.0227195449890051 0.00895480915719508 -0.00764889700672462 0.00863695585625666 0.00840634214973945
1.01811360734246 0.00867381737312431 -0.0121179213894483 0.0073669033564492 -0.00228104219996037 0.0181270470105929 -0.00144678862444222 -0.00258876175151877 -0.0119968310319699 -0.00191036599043312 0.00242241073357646
1.00150706361382 0.0040781930853353 0.0227775132210331 0.017504654462157 0.00196186513243448 0.00969771698895781 -0.0139808188662198 -0.00610666569691752 0.0152303376998771 -0.0116981195554829 0.00486334621898934
0.980673108930447 0.0101375884198024 0.00251423109762184 0.0214887443131378 -0.000786132184938985 -0.00808134703522302 -0.0125604483290444 -0.0143861990580409 -0.000381812291626452 0.00161506075507587 0.00643988785266166
1.04682607819507 0.01592174573946 -0.00481520488732121 0.0123291665740701 -0.004974391363967 0.00937565547367173 0.00197556531513631 0.0154067030864749 -0.000883716079683369 -0.0237194107079825 0.00653677213400849
