column1 column2 column3 column4 column5 column6 column7 column8 column9 column10 column11 column12 column13 column14 column15 column16 column17 column18 column19 column20 column21 
0.916706807948181 -0.0054535626038714 -0.0017179758423580584 0.0031379893452403752 -0.010864065381272499 -0.007333759227790492 -0.00917333090294795 -0.0006717244337812154 -0.0019846089691254068 -0.021700407154343716 -0.005426737968222604 0.001365125471232533 0.012667202937944613 0.0003475045720754178 0.0015783263571710444 -0.008326060894137371 0.0010642618005006776 -0.004553989976876336 0.019410284182660047 -0.0095425581295204 -0.013736692200413014 
1.0137197737091503 -0.003256732115398085 0.009511614393306906 0.006010108311094875 0.010580801734790509 -0.00982101557402025 0.008364318627003568 -0.00981939361611262 -0.012717493454750385 0.005823884991471545 0.006746776781593268 0.0027895989242728773 0.01901038095380418 0.006512958757875042 -0.0040861830457862 -0.003094312109334367 0.0037827268438132746 0.00526531367052888 -0.004540384234956821 0.002027037439346515 0.019911020907902574 
0.9810976165770182 0.0031988795738183634 -0.004403108540394239 0.013362289290947077 0.011675483725143463 -0.0008955368899781454 0.002314712412574297 -0.003162735368750707 -0.004191764584233479 -0.008235926776418495 0.011909872808222316 0.006397711077190626 -0.01839541884191584 0.005689925467924731 -0.0019302675468293804 -0.007640640318621728 -0.005984789100905279 -0.003262172683129079 -3.9509058555011924e-05 -0.012916398568719609 -0.010500312266021241 
1.0209630963584848 0.013526268344053197 0.011217261072178764 -0.0056700266166863165 0.006183039862697946 0.009514414785435967 -0.004096039892506233 0.0015989036692102027 0.0011265093187290806 0.004952170176107882 0.003907405162959179 0.0016888955337597932 0.0018591701727154629 0.0065171974006165015 0.0006784126756210266 -0.01388503896731846 0.02112492548683643 0.012980574406933554 0.0073789130121171475 -0.015789455671562366 0.002683520190992923 
0.9585173975523175 0.003465914990162612 0.01913227962139337 -0.004334613725097234 0.003032152743382834 -0.00404020296083351 0.00653011138139509 0.008697216951344035 0.004525376237012796 -0.0024875813296828843 -0.009422791491778177 0.00483050977894104 0.012233910677887068 0.002793634500090229 -0.008896366452805511 0.0068645512271569235 0.00959908751282904 -0.0024802879962482 -0.0062858372715874225 -0.011443769130385608 -0.024365234206412418 
0.9981521364960151 -0.0032347843665027566 -0.0030860590137937734 -0.005111864168708912 0.012292588639278781 0.014244295665327398 -0.0010805339297128974 -0.00828061094590274 -0.005134807847564461 0.006103785663403816 0.005265562778093078 -0.005285190576773477 0.012131164495070488 -0.011902896967583221 0.008131123406162165 -0.0170458409713341 -0.01996738497275088 -0.005184995164020498 0.0029171121627295017 0.004870939273713682 -0.0014404966906991323 
1.0338769244963633 -0.0017820419336134537 0.0014716250536907977 -0.00311631431332036 -0.009261806727646598 0.02370201506164617 0.005214962707115912 -0.0006863489608370596 -0.0023339263683399883 -0.008981281925135932 -0.0053256197497160975 0.00250209892409446 0.004536834400551635 0.0005985577965606633 0.01213170845784481 0.00797635244321783 -0.005059976365910475 0.0018932005652763093 0.0027167203751899396 0.016043036839745593 0.011339407043030481 
0.9732904961426398 -0.004908684039208227 0.006903402262986652 0.008910274765757958 -0.02077626080823374 0.0012427790224740034 0.003940389609524733 -0.013102929599503746 0.0031018776761129567 0.001199996276564798 -0.0054560138175487 -0.010808322238607022 -0.020771398786906065 -0.0025741053183608877 -0.0012458515763967776 -0.014622193965688566 -0.012281229725940214 0.0009880714290811969 -0.014507485092591794 -0.006444671611034969 -0.015297671803094532 
1.0398305047021825 -0.0018970525599500984 -0.0078115224119778524 0.0071807968811172344 0.008608922306882904 0.012038579318789646 -0.010459486445314881 0.011532059547591867 -0.007856468483473376 0.004140699728766254 0.006870275470615873 0.00038060917431321465 -0.02461245613801234 0.014728695355704207 0.016075158530463995 -0.02108126323727881 -0.00034766324796958395 0.005084785550348311 0.008467235976954987 0.003095467582706368 0.010015972992453161 
0.9410447333034487 -0.013810453522594832 -0.012292175570792095 -0.005679997070366969 0.0181616089048582 0.00037187939619005714 -0.009731135151728918 -0.011399945553781021 0.001997429441228828 0.016519634469160473 -0.0001724850562055527 -0.007763064745499671 -0.007790131853441707 -0.016778176828129997 -0.00605707750970478 -0.008758350431367343 0.0004887547425893925 0.012700209920361026 -0.008196781869884337 -0.02151782126182309 0.0014923068950526406 
0.9636817254527008 -0.017578056442660212 -0.0014562174109800882 -4.457584564565624e-05 -0.00541010502544077 -0.014451589696773305 -0.008838546483066463 0.013254635309417607 -0.00721644932060665 -0.00034957317651446515 0.0012577698876674193 0.006071575665037628 -0.005009487916226941 -0.0006022944234553258 0.009108250065713534 0.0209902969181893 -0.015158417000657289 0.01206783839046617 -0.002046479694522059 -0.013961040583391527 0.0040029295130859215 
1.0071197929410567 -0.00481831281877764 0.017204959870231625 -0.0056911126989403595 -0.002587813792573664 -0.009806065520374845 0.005768331010841255 -0.0045865744680359775 -0.005086241314908147 -0.006241716877185147 -0.006771212128158434 -0.004164069188610028 -0.006278296281503737 0.016151117293602378 0.008313084271663242 -0.014809276033002064 0.00936821749297099 0.0004109261081001188 -0.01593805895020733 -0.018945032788599197 -0.004939017109333191 
1.0017039700180739 0.0023442090662050986 0.017490321646331096 0.00034651563920347925 -0.001974756349964686 -0.012326584332432184 0.0022075983171297143 0.0028129738109223764 -0.0014263519631422584 -0.023052054728059303 0.0033384877767016685 0.008834620242754578 0.005813567854446582 -0.0009050425088706409 0.018462281721516323 -0.002061793332919197 -0.004685025904762573 0.0028529182347696654 0.0019915158636198073 -0.0022014361413620434 -0.003155218245010797 
0.9751161043346664 -0.0019204354252112122 -0.008978851902479613 0.017058658016178993 -0.016864459253584495 -0.02689586952505565 -0.0247721479153615 -0.00022237608793752585 -0.0075605620461937344 0.00547333829753511 -0.0025441355341259916 0.011532358625576791 -0.001532686776182021 0.015208364300386497 0.0004781478238861199 -0.010643607540666374 -0.006116563876781937 -0.012402499265068567 0.010131115781037061 -0.0004925019276346066 -0.0048435509495599206 
0.9360788886996004 0.00133100910261853 0.0002282138868774826 -5.87377672023228e-05 0.0024073593324304195 0.0031267402885563995 -0.026400084471580248 0.0080678425832375 -0.011804690562236987 -0.0002833067727214345 -0.008398280838186672 0.004047716674575538 0.006702813320925322 -0.005652425939022388 -0.0174816505349836 0.001449052999258659 5.936113312394623e-05 -0.020120396883672613 0.0006500297981411739 -0.0031566963076440475 0.0007846055575541597 
0.9998493731237604 -0.010060417955802536 0.001520193543196577 -0.005851943789702926 0.02140235852470227 0.01617523555516153 -0.0034338842517455865 -0.0012122704381919277 0.012035662379696284 -0.011408029542546065 0.003297756684673035 -0.00026205584640132893 0.0009381476378522656 -0.000495800734550519 0.001884657559030206 0.015280842619615294 0.0018408052188469237 -0.0062138461019568235 -0.011697868499971524 -0.002753305198994096 0.00843507808636406 
0.9828849576410059 -0.009061250411297034 -0.007598180216841361 -0.0002873298589076602 0.00588566457532035 0.005362524612480934 0.0012067515199453863 0.004451697007621054 -0.006852089730939505 -0.007095173865996093 0.00804375211437553 -0.003528695830693335 -0.0016115325741666868 -0.01353935412059237 0.0015192592256179735 -0.006684039114687924 -0.005198081535464685 -0.014880715128546135 0.007281319979110816 0.015229611497993074 0.008952922163028816 
0.9653374378566809 -0.005100485001687189 0.017756343888721594 -0.003807507922472482 -0.0048991775508628035 0.011968298105393073 -0.017028604343023522 -0.015875911252157416 0.0012023189738585096 -0.01072383690914055 -0.0014191325782894407 0.004802514541333086 -0.003282765706452867 -0.0049103850427060294 -0.003725107447286626 -0.026541278170511804 0.0016907896686483715 -0.004806302120137346 -0.01193458930117104 0.011097153697050516 0.0066845843523772545 
1.015717343808025 0.004898430323359493 0.012740814001418892 0.0009617639572762426 -0.006092520171221851 0.007424699143508489 0.004953961877144745 0.0028546334012725496 0.006629258082391669 0.003929994688219331 0.014112090052075293 -0.0015892024744696353 0.008714796849206778 -0.009581769454045114 0.0067647898840564056 0.010086731213600337 0.018615768756576376 0.0041346236029086315 -0.0035738668829203564 0.0014126508729798099 -0.007260711568219747 
0.9855466712839664 -0.009904961715043943 0.002578583566214295 0.005313426888399335 -0.005756187826497422 -0.011100950715263581 0.011497987376531476 -0.008759821138898482 0.0016881574108860923 0.00692752199629042 -0.00550831460608493 0.003402030617449488 -0.0018317984782311027 -0.0043708895855639395 -0.0019656980485369792 0.0021099191646443 -0.016548061789528466 -0.0006111107919570862 -0.007371241817381825 -0.002685472173613634 -0.006386717168829052 
1.051002805379142 0.011765117644312015 -0.005729260708240274 -0.014346728542242521 0.0006496908227795565 -0.003881522360140164 -0.010470578194810213 0.0009091651511885993 0.0063731519837237505 0.003435133727551758 0.006519195633764729 -0.0016116797704116867 -0.003978360852801283 0.009150435517831415 0.0167627783896877 -0.0017524546171338229 -0.007950396732761779 -7.913641005050205e-05 -0.006949141124051145 0.0038346168753235848 -0.003493458617404719 
1.0443005067624507 -0.005200483509085819 -0.011306358976385752 0.0006483749734933524 -0.012941205616576076 -0.003600444067273623 0.004695787822509127 -0.006037029603031099 -0.009812332032565665 0.012083456362569096 0.02376767336366236 0.0007822153619375244 0.004553946205385496 -0.0011285459010954451 0.027566191548479457 0.01431907286109588 -0.00832531396393466 -0.011142699916500558 -0.005450870204937801 -0.0020317582069029525 -0.001895480350226679 
1.0701941248595928 0.011566073865233896 -0.008526669122268835 -0.0009856845854783573 0.021132656616365306 0.001843599278969921 0.010614982638546691 0.016282388326204326 0.010166513969657823 -0.008091602918447197 0.00907972746034756 0.004140553888583388 -0.0034626309667190216 -0.012316458616801005 0.007469551879082761 3.083471715409327e-06 -0.00046780436055652257 0.007717914946686363 -0.011540496106409878 0.01622033905382538 0.0024595443997974154 
0.9970620041435492 0.008155032252411413 -0.010989381807147336 0.0028710660763501413 0.008807984604315986 0.0025552242347180445 0.01060956425860823 -0.009776844779909291 0.00298951565603137 0.0019928614502205872 -0.020537788267641213 -0.0015157773095583608 -0.005388094486304605 0.0003834122522798953 0.001181454768183242 0.0020346665911605776 0.0006334916713027198 0.006756477938374761 0.014073345712244728 0.001551101391990909 -0.005693326205571525 
0.9869335053450274 0.004181188684046889 -0.0003775424036223925 0.003468965649134746 -0.0018465716063325128 -0.001745727832692226 -0.015953346246270393 0.00596745559650736 0.0020671927417017497 -0.009344863404395857 -0.014295707674333403 -0.010686222381329507 0.005459413001753348 -0.020413164326115257 0.020877461625987456 -0.0050334680110663225 -0.007016408627292074 -0.009015235702679123 0.0064248853206875555 0.010852413333311306 0.0010171115392991297 
0.9919621865972359 0.009179447401197128 -0.001145524007252703 0.0012255320191142285 0.0150062690209804 0.002128196655594429 0.00032004880718994647 -0.00533249609915068 -0.009689290246698715 -0.0012456838744315526 -0.008614821791704691 -0.002232557825314732 0.020800439119258315 -0.004311109275406481 0.0054045209462693635 0.002719614900643184 -0.012838440242075469 -0.005433813788113039 -0.002851870631510241 0.0024029448436210456 -0.0072731449842709595 
1.013396644704845 0.01699347252633022 0.010514629336278874 -0.0061727312454277275 -0.0061225192382519 0.006242557141982936 -0.008841575223343404 0.009759790549673339 -0.0011397026216248068 -0.00152062027508601 -0.00269267442696493 0.011996891871115805 -0.005416327515495041 0.0002780752056553734 0.010884207033091384 0.014959619857940473 -0.0058405883920371274 0.007818455348884187 -0.008186005389937375 0.011296350275526177 -0.024154146803620182 
1.0132907789979508 0.00170686605270511 -0.012013555842099588 0.01563978713324117 -0.003342348997383069 -0.003103454540967684 -0.0001615059553892412 -0.009127894953484358 0.008629515615180496 0.013538838368631125 0.013944163392274287 -0.023825020462536622 0.009162844024791434 -0.005903331946927019 -0.0015162825512645337 -0.008003119979457862 -0.008000591270238819 0.009535898488751809 -0.00586041716050966 -0.001147667639674033 -0.005630807322969195 
0.9516371975854744 -0.019803172462039585 0.000819677900428442 0.012901062833922406 0.008430359857335971 -0.006486402445865988 0.0017295145453435218 -0.0017732541036990731 0.010118789375982946 -0.016057293331343668 -0.029775847461804533 0.00020592647659079593 0.0041021962506856665 0.008327925256525983 0.0070154525263475325 -0.007947569251527724 -0.0018452323983712555 -0.01172353190622176 -0.00881640357030825 0.0023845698622897288 0.00691674726557078 
0.9769769895963611 -0.008080247369410884 0.004097107815442435 -0.026016058691336653 0.000949676276579539 0.01878313869588762 -0.0003427351049466986 0.0071997891141338125 0.0012010335548342595 0.00011007391980499827 0.0006438187749615514 -0.017145196830608295 0.012397764724162604 -0.002682003300255335 -0.011212774040154002 -0.002894018088772219 0.013352782209450433 0.003312950628118032 -0.0036789710326279317 -0.008952530621739077 -0.005041876423767517 
0.954866879316243 -0.01097310289661011 0.013110951367803077 -0.008621394638995332 0.002605138308920688 -0.007736459303556745 -0.01720999081897582 0.005472768853214955 -0.007035560099472383 0.00021309259630812504 -0.015533948300212031 -0.007845125618929865 -0.0015615387502153056 0.006988521729247319 -0.011242463771531753 0.01417176737199717 0.0035013762142201386 0.021742650661149762 0.002248158338181899 -0.01012218513896092 0.0021744001410301974 
1.0221871314653876 0.005515322917514849 0.006947131376909712 0.013786852770002772 0.008452305276954784 0.002003221946619303 -0.011402803965890194 0.008211604468529773 0.00792268457264677 0.011288682410897371 0.004254640792409685 0.0009395951060559212 0.004631230631157256 -0.009900513800699196 -0.0013103704613424518 -0.0111622755130746 0.001317914160579639 -0.004458347942542575 -0.017350826553098712 0.010741851564367194 -0.014192445005613816 
0.9825728269727665 0.0018760902691077345 0.011799488356805624 -0.007896861374013414 -0.008875601704642314 0.003053152324798668 -0.007874468993894702 -0.0062397276263273386 0.0006844044278267536 0.005142036767846998 -0.0035906385703626774 -0.008033905714780935 0.009321686579144837 0.0052652921787849595 0.0015934636192826677 0.011331747108447652 0.004431077015348029 -0.002254468572699303 0.013044825660597838 0.0040170687958265994 -0.01648764883890613 
0.9708336272570987 -0.009801502060937214 0.00550412519929243 0.007440500212240135 -0.0027513348960756866 -0.014760771316085409 -0.010025081140967179 0.0005328304456757483 -0.01054020431182838 -0.005832918864241083 -0.0018060766871614228 0.011683978452326724 -0.0017335070165598548 0.015764519630476048 -0.014660572605809141 0.0010663390302937258 0.014125563349782395 -0.00032743934957050027 0.0036491211535724798 0.004850493680818283 -0.01541245786291246 
0.9625342033137405 -0.0031395615128632383 0.008869616321381078 -0.006218476589840379 0.002417899655263811 -0.005090759893065736 -0.009287643881285963 -0.0019438812493545688 0.00505813940284246 -0.009165175348502435 0.006146988701332337 0.0067744829983622 -0.0070007813705462284 0.00017525935813120084 -0.012784200268099467 -0.0013990902183098539 -0.006137260255363746 0.0012881101548537842 0.012842060278106174 -0.00809684018027994 -0.0023151022578252185 
1.0184397550672646 0.009520591369660887 0.012770652736552788 -0.005207713819807997 0.010006473066849533 0.013609988504824318 -0.0007219599441134749 -0.0051116725278603625 0.007302810093807181 -0.006675370416928096 0.014428225939045638 -0.008962698569311544 0.01429758892158375 0.007297348850157946 -0.009946713441583275 -0.0011368249870291026 -0.004865104853539645 0.008747761023273761 -0.011640710144529389 0.012140889182423767 -0.013235071308267891 
0.9394875616958752 -0.02396671639511652 -0.003335637305618616 0.012772094254634516 -0.000565280205880193 0.00351825186470518 -0.014126951165750608 -0.0004796600796007238 0.009232503689703062 0.001954031307191758 0.001341434907051787 0.007722637243082514 -0.0034680465088527644 0.0010796025537946456 -0.024225539996745038 0.0009294445495333727 0.0022171393329687263 -0.006539496434962428 0.0030925726328159295 -0.014603655693904401 0.0025886659196539346 
1.0061826937252567 0.004214903674586344 0.003936453116866834 0.006466858651339501 0.0018765112571261409 -0.0007076659952563458 -0.004276813798623778 0.011537718750702163 -0.015089579584543837 -0.013463615706926458 0.007320049878666159 -0.0018076567996665233 -0.0039991920825038045 -0.0007571423507491638 0.015949050042434715 0.011386431555904204 0.016125847891627285 0.0037258033881443203 -9.67101963752989e-05 0.005762404366540529 -0.0033528736055179194 
0.9888994001710933 -0.017455102743907974 -0.010185875772730984 0.009673599309237797 0.008470691964150068 0.005963481268488477 -0.017053925947985545 -0.00994351741461595 0.009081460419985901 0.0011594342745050645 0.0018779446243753829 0.015865458296438026 -0.002645833066704226 0.002101534088192469 0.018222307344863742 -0.017918895918908093 0.000882815600705221 -0.010523752649320086 0.007125168746873689 0.011050047676033183 -0.004478984706724146 
0.9974981815978394 0.0022231247228438585 0.005985656950002733 0.007579602793006948 0.0002577409317332528 -0.00201836706422839 -0.006390263630536103 0.00026606995367446206 0.0055720099568861686 0.00953930168874907 -0.0040284534372249875 0.004434956569034691 0.003281834953142699 0.00017581745522058843 -0.003964405376244359 -0.006470777689106731 0.006514894496431995 -0.003438929717072081 0.013108112412646 -0.005698278920108182 0.0003624288657005077 
1.0674978763109826 0.00758999857659655 0.013231625642075962 -0.001924957007147443 -0.009055927273417828 0.012446712631245646 0.005696489692614196 0.01531430856392048 0.015482344313416612 -0.005166110236561409 0.012116383963869127 -0.014948415310405139 0.01795747210380281 0.0035228123897729736 0.006714665731617893 -0.011949422606242021 -0.01631995251099018 0.005454505681601159 0.00799408662163332 0.0034957323628025893 -0.00912270912258669 
1.0098015867081707 -0.001875696132465477 -0.0030560500554339363 0.012421447834758403 -0.017323062706627007 -0.0011152450344715232 -9.2759744215382e-05 0.01979240189412339 -0.0018059507860483293 -0.0012114337436853909 0.0038644228561266927 -0.007894743177121301 0.023783356737047782 -0.0008660034529853389 0.006470531072769628 0.00531019536552161 0.012107562908760252 -0.004308421917972144 -0.014210624255625439 -0.020985172922791208 0.0022885587473367684 
1.0326560377092857 0.004274810894846614 0.02173030248110903 0.008345123611597501 0.001367843894616438 0.0023715657909465005 0.009893310665891521 -0.0014328602089707556 -0.022873843456319393 0.020064516025148357 0.013063788323134467 -0.004237131460377418 -0.009447825640866414 0.0005522191226374202 0.004498660325103424 -0.004590051492203833 -0.0010589169055397875 -0.025240878101458177 -0.016991860261078347 -0.008470020198264443 0.025756210627087515 
0.9753229130390221 -0.0014003486777986035 0.006377344019524004 0.0015502265527409214 0.014665405907225091 -0.0003037310316205005 -0.006224015747893659 -0.0145506296962988 0.0007506527352928725 -0.0025436194374319344 -0.006279315890260532 -0.01057013289410385 0.01131209398248197 0.01030830439113767 -0.009747796951220614 -0.010479711525882238 0.00035303276001444074 -0.011092029022943 0.007469463312918182 0.005122983746619512 -0.008071407511207518 
1.0035731658981384 1.958473589589236e-05 -0.0009496667800575445 0.0021013786121910094 0.008688901050859888 -0.0053527479371800095 -0.019765866490621387 0.0037022871380890747 0.008300820347679672 -0.0007363795899340031 0.014100266215560184 0.020822138705416583 0.0006369098946195194 -0.0030643609737609706 -0.0038766310761163382 0.008539048192884395 -0.0025132946103089953 -0.013135906478156276 -0.00023920266724619562 0.007638014665338853 -0.007361685027032569 
1.0111421978656303 0.0041105909132522385 -0.010122219793697745 0.00616921367306053 0.003728526233249605 -0.013251067364574067 -0.004354211031315703 -0.0033551270786794513 -0.003890089579507179 -0.00969766724134522 0.0023264269336819225 -0.0002579282115707299 0.008993074394695167 0.010524493044623802 0.015541279891415214 -0.01467430236076282 -0.006593197024161712 0.019962883040316355 -0.008577100612065298 0.011748242693640751 -0.012403785716740667 
1.064901947314856 0.00469704453471087 -0.009039951152705285 -0.009158813593620307 -0.00956513072119724 0.009815949541941796 0.007123377819621043 -0.006834337244525981 0.01161355727780732 0.0028344141944835997 -0.009794319645782496 -0.003886172438138659 0.008765282337745917 0.010859622369087418 -0.0002969697832937864 0.01254415579631626 -0.01004392604500606 0.0010527575867808735 -0.01870424334647884 0.0001460656392564227 0.02082694339520116 
1.0047325811305792 0.0036073106673169316 -0.007098460648361504 0.010924078644242599 0.012500052798404104 -0.002142458408617221 -0.0062544487661665175 0.003968959611285221 0.012165713251181813 -0.004053708307783949 0.003764339326317191 -0.0004927881122543783 0.0006117572493531119 -0.0035856271160507186 -0.0013141380730560801 0.00103811263836309 -0.007415148522363072 -0.024964214451677683 -0.008691390435699031 -0.0016682241399069908 0.01671445906300468 
1.0191760801611962 0.004496667432583222 -0.0009787927540982821 0.0036967239348128502 0.0027778259614547897 0.021150337949823846 -0.0030827074592022115 -0.007959253624113266 0.004004908734530429 -0.009642772171053561 -0.00474133956462336 -0.0020362461133899036 0.0043913334039447065 0.010797849715614607 0.015649427045140933 0.002934870473122067 -0.02360516753018564 -0.002665782146308664 -0.004752789288182943 0.0012425882228785687 0.012413119473982494 
1.0404923438227636 0.022541056708707 0.017367015865362236 -0.017978490724230783 0.018148379123991986 -0.0004873808398360393 0.00623690103288365 -0.012619463246334568 -0.00010682558120920336 0.012932258155231843 0.0009296475723211558 -0.011013607231794096 -0.002211601997745327 0.004642494360105104 0.00466895898076882 0.009133715609470171 0.0012646804653848496 -0.006551604963044615 0.004096373603805624 0.0018058276269712229 -0.002911693286499854 
1.0047084329730354 -0.0005487170828218367 0.015494523821386736 0.014448122691900085 0.014744757924161123 0.0031315321482468135 -0.008115026567173752 0.011564462457565358 0.01815748375054486 -0.004471590557156412 0.014991969503295023 0.00666676312510807 0.001628399441239581 -0.005301648493880219 0.007018107171319498 -0.007284674833297533 0.0039803181491284 -0.005888880426698242 0.002428981986888102 0.0038881563294806175 -0.017586294485081352 
0.9619042097718721 -0.008148191106821131 -0.013407563473665774 0.012251586097184504 -0.026645981672864655 -0.007136962782516856 -0.013101328075573253 0.002197490840579225 -0.0020830505394622456 0.012147314998726242 0.0018651533149162626 0.0037857340598716604 -0.011720639410283364 -0.004071163335295353 0.006566317329410162 -0.01050657567469918 -0.0051360595104277505 -0.0019906505610282448 -0.012050485791811649 -0.007980668897288275 -0.0022563115558090273 
1.031524834979177 -0.012545381557772102 -0.002335235673725968 0.003477938451205069 -0.017933210602167113 -0.0035610344776651273 0.010578714617894159 0.002778563320305244 -0.009259543299798076 -0.0017900188572283226 0.012443964359365383 0.011274234005442708 -0.008034729586809983 -0.007605206374803062 0.007797964940520712 -0.018639994683972313 -0.017785960601743762 -0.0022022443893020805 -0.004899356907180553 0.0019988941867207528 0.01367363874285038 
0.983486339925888 -0.003996679139155591 -0.027188781712733964 0.004951586880080931 0.007655075757870833 -0.0034833270433366355 -0.010966513816218113 -0.005061283651321698 -0.0008286199468522798 -0.013203550034504583 -0.002184340866705526 0.005350592453017606 0.005498698881868899 0.0017332275103459636 -0.01275085791867133 -0.010451670873851635 -0.0022518192032200245 0.01770040527017685 -0.0016998235474166817 -0.007854897544675948 0.018202943025020103 
0.9558251134675779 -0.0014693881861019159 -0.009519498530686222 -0.012901246577622658 0.011223094085571355 -0.01354545466049061 0.0010741807437007662 -0.01810010796537832 -0.0225731116834123 0.00831866799288316 -0.004345194142246131 -0.004695333182835134 -0.004057895187247784 -0.00917788349751372 -0.0067512930338163146 0.006870572467810124 0.0009479962721502652 0.0022158708836178182 0.009414400526740313 0.004696510331732651 -0.008429036708891134 
0.9714565369592661 -0.005535175699424076 -0.002308186486950067 0.006317996481379571 0.017836807501167333 0.005519032024313851 -0.0008792039643098399 -0.0003967127795656156 -0.008320876147327374 -0.004515213967142618 -0.007579126983234444 -0.004030146857409966 -0.0005740065886061618 0.009015083793510409 -0.01614291579766706 0.008070110371899862 0.003079242387692886 0.005291339811527149 0.008095448666549897 0.0021306036424359426 0.0037856614404989785 
0.9987083592975765 -0.008921502859798794 0.001194644546559099 0.011866681186919123 -0.009858253739691429 -0.013665029030284279 0.007054392675256425 0.0001327041289942353 -0.010240587355712273 0.002742210759979411 -0.00533427875139663 -0.013067293221364684 -0.006230878989351943 -0.005592930079181384 0.020354206917682555 -0.002024305475946532 -0.0039513564979784055 0.0022601824975171875 -0.01299580071126504 -2.4474041077403377e-05 3.0323639216263448e-05 
0.9850193803311232 -0.011261290247146645 0.0031150244326391546 0.017251012174891275 0.005911150178286438 -0.0006595955150250481 0.00940716758414699 0.0027831399658815397 0.005817460480857658 0.006183843765563226 0.007202647684774649 0.012689674433579832 -0.00510987314920315 -0.024907414924917336 -0.009458047011701186 -0.009006595954390023 0.020721596474044174 -0.01667509457877978 0.0034964580178422737 0.014006775433366224 -0.013540379339449505 
0.9604685414827427 0.012324296722623059 -0.006223938966734502 -0.01643640155215026 -0.003640694080472947 -0.0019729554997477837 -0.004202258290064186 -0.01884301362820625 -0.008792397119800264 -0.00407342156977746 0.004954623032105222 -0.005561370312266223 -0.0270833139674167 -0.00062040932936733 0.004975753144580446 0.004213520418025415 0.0007709637261659162 -0.0019094380586603733 0.002002063314790163 -0.011013956025311735 -0.0011008241102487355 
0.9380450732173518 -0.02497075441048549 -0.00981324561123696 0.010777211036713752 0.00937594548775942 -0.00868913440100447 -0.0018791346709031607 0.002581680103159743 0.0033175826771793637 -0.014837433624787852 -0.0015373126439897416 0.006165916716021052 0.009926959048013575 -0.006095159293320606 0.00028012953204803345 0.016296302214155258 0.004041314351119802 0.007046971011375957 0.002853724859856701 -0.02265693675978635 0.002174160357240136 
1.0245554735881406 -0.033365747115611626 0.005440527881801389 -0.006742666413961146 -0.003045294776162186 -0.01117045356856047 0.023237690926994157 0.009751456777252556 0.00926282158295784 -0.01062935930152273 0.008555401219423279 0.0026785418596729465 -0.0033854113920766594 0.014535448655225387 0.0043620245938958855 -0.016866871623751528 0.02157271431568592 -0.001855095433502422 -0.0006774133309727212 0.002286244056504328 0.002709058307352636 
1.0208636338958659 -0.006026970280697508 0.011263172958994467 0.0048739967210549 -0.014766442715021533 0.005942509396316645 0.005875491858047596 0.017353240927072223 -0.007627420571321508 0.013821537212637377 0.006442786131419259 -0.006767351126089262 -0.011297698683830302 -0.00683869247728553 0.012604081465504607 0.005044167973539205 0.015626418894938432 0.01873481592241743 -0.022724701393007744 -0.008797246127728 -0.026709531195771657 
1.0426210414524406 -0.010120764419080483 -0.015493930146208517 -0.000776800893533681 0.004304327470585455 0.014612421409538126 0.009602713577010064 -0.012444968725755462 0.01422016187169008 -0.004877665927946277 0.0026965075274303614 0.0015873502246060462 0.0063782664625893605 0.010705125357920458 0.0005208490442834218 0.001195236379516501 0.008936062397557605 0.010268431220847769 -0.013551088839258648 0.0072328891564110796 0.017253002293886294 
1.01481998803068 -0.014503538589222159 0.004447047009826592 -0.02088768580490511 -0.018238670002081427 0.007957130579523488 0.007717055045963864 0.006546496915608494 -0.00292365301443281 0.004758114403938621 -0.01298741913164896 0.0023552391726075306 -0.004294221623411058 0.010081367947414595 0.01934512340391374 -0.008002394888302126 0.0006393838356767613 -0.0014701569249553597 0.005542589360724166 0.004262042988555206 0.003278287419186412 
0.9416173739804359 -0.0014353834366130484 -0.016984437265625842 0.00748680766032975 0.00981334385153216 0.0005173515301980978 -0.004868244586256823 -0.022752777592876552 0.000312971081615838 0.007429527517752688 0.0038092320287725825 -0.003325776717253724 0.0076936977514546505 -0.01273624829793949 -0.005461807193707228 -0.003437960511472769 0.0009063212960569057 0.003599289047323402 -0.009197020318579453 -0.01391887467338647 -0.009690119336726522 
0.9666185570409261 -0.008285774205657424 0.00047033513574820586 -0.015746056076288487 0.0031455888758438522 -0.001467133766362801 -0.0033243196792790333 -0.0155220083429831 -0.005424216979936383 0.00663321697302565 -0.0020822409163092966 0.007686073347272777 0.0012146880630938646 -0.007587786918909678 -0.0038843517270616447 -0.009814217867623617 0.00874605573479955 -0.002223174723798627 -0.005809158416722513 0.006322026384208862 1.1437621498895958e-05 
1.0262652499070661 0.0026781708206130824 0.008365174218016998 0.020060063718499645 -0.01860721626859755 -0.010804015547047198 -0.006829595388663705 -0.013674435755361683 -0.005462056702233608 0.012531975755175551 0.008284932843879414 -0.018119614118718527 0.006029415444515383 0.0021050016327665653 0.002725501260083526 0.022213542900378327 -0.00025084933868483445 0.010494882313714067 -0.0039385960687079976 -0.0016731195922952192 0.00802784246486422 
0.9964137283025326 -3.2606413114371934e-05 0.0025545795543127424 0.001215218291185979 -0.009572252885481882 -0.004044921378279891 -0.010835816490121681 0.00566678093290113 0.008776459516998472 0.017661885749770786 -0.007587404261330528 -0.01488513460108293 0.005125262891649486 -0.007165192494958534 -0.0023723318832416136 -0.00484099954993945 -0.0002263124018630152 -0.0024858261263261813 0.009706264778028235 -0.0007953153542398746 -0.0198009822608885 
1.0147329865970083 0.0004113399337297055 -0.00813496154846593 -0.0010017920371267874 -0.0139931592262138 0.005743602247164189 0.0030733893277465722 -1.0185705219014914e-05 0.0007584161425574301 -0.014954352635434367 -0.005006491753600581 -0.000722674416560643 0.014570013389422265 0.021930199031003524 -0.00684915371804667 0.004933237629747831 0.017778925478939986 0.011372029922705177 -0.0005741633450305315 0.024735864939461373 0.004747624169449646 
0.9959048830860803 0.008983708179266735 0.0134568969500082 -0.009017864894640432 -0.004321784148995538 0.01066339285650761 0.017324887466409884 0.00014307539871157184 0.020725441445226936 0.008173074703039086 -0.020764295385318366 0.012815410592024429 0.0025122460662910556 0.003993631154313977 -0.03193924940891559 -0.01079995249155767 -0.00038364368452570557 0.008947979579065811 -0.0037530211744389087 -0.01059451176872802 0.018690351209980943 
0.9684168295507076 0.006737928016782734 0.009894642842657316 0.0030371381191454227 -0.0009554942295156368 0.006746277285429744 -0.0014435629070488928 -0.006645881689646316 -0.009865160540795352 -0.010691628923787545 -0.0045876870509857885 0.006846189308893152 -0.009863454366879717 -0.01729615866290991 0.011973354018962759 0.004723586363791359 -0.020968581496736728 -0.002699121695580597 -0.013015037171063327 0.015463265455224475 -0.006326505418185519 
1.0159517644924052 -0.007117918814580638 0.003377369555990934 -0.011249600483531297 -0.00887874450852919 -0.004362609836401495 0.012803159782655733 0.00036292541366951254 -0.009096185551610405 -0.0019239248232471348 4.182611286057114e-05 -0.01485277447425123 0.005215214402384781 -0.0066642988072936815 0.0006127239930453695 0.009805627676025337 -0.006830331688639409 0.01249331842820998 -0.0021028554527032606 0.009309803230946826 0.004668495447906686 
0.9909644106301031 0.0008509972209590189 -0.0156164327126546 -0.009573200253180673 -0.011348288836187563 -0.007983184398917422 0.0007816213316446946 0.012067998624631782 -0.00638954633372978 -0.014666623631227638 0.019104556916860492 0.011968495586425702 -0.012161547136196934 -0.00960577694618515 -0.005833100012457075 -0.0007226136948040817 -0.01800941900672451 0.0006586583108213721 -0.002519366995664861 -0.001404289153536345 -0.0048312304157229055 
1.0347082291370548 0.014034986322051548 -0.0062840333025152 -0.00987866371192263 -0.009006097090566661 0.006882660497025365 -0.006127992779173675 0.023963208154706997 -0.00033597910186706104 -0.015798138604875056 0.00010429848724743283 0.0011566209089996144 0.0003459168171129275 -0.005497467380836494 0.011022504105762372 0.0064771214132384215 -0.010698837576707858 0.005028593222327837 -0.016308052507272876 0.00038967605319615266 0.016935785991360232 
1.0169475228874816 -0.011195503826597415 -0.0002547203921307516 0.012739834861415203 0.02802702571145404 -0.0003491239066587003 0.008949469906149948 0.008195039610660393 0.009948064966657648 -0.009561625285099067 -0.0017837536065554306 0.005858660874216837 -0.01630926107626413 -0.005837820739793751 -0.002258486455071818 -0.004773077617959663 0.00018160358685983817 0.0028087606503926156 0.0054320112713218995 0.000366600353724839 0.003443625973451593 
0.992271982281706 -0.01738209665723181 0.005233516817359409 -0.015503428598665199 -0.008115682016066115 0.0025016098707737783 0.011392632460955916 0.0009314147539736246 0.007743175629566017 -0.007499414066065174 0.020751032177696898 0.0014261827367470382 0.014926211276798199 0.0004761958083329778 -0.008885977825333343 0.0012618407864078518 -0.00035104994491291997 -0.004292354958500391 0.0011709195425128203 0.01041710029124374 -0.002121055357908892 
1.0232525912487795 0.006984539317892944 0.0009373754976157011 -0.002715983822519942 -0.002741279456961212 -0.01472848928835275 -0.00027780117348683795 0.013190347916005478 0.007846942743294538 -0.009287625332486855 0.009880349075910297 -0.007026283899703451 0.011191837975995237 0.004092565649471072 -0.0190413614050455 0.02523631987495817 0.024010189083026438 -0.008048591995160162 -0.007860988555598162 0.005792590354561327 0.020511570990977862 
1.0011348210419455 0.007686090865857504 0.014379281570722269 -0.0053943669928771185 0.004390412948789686 -0.0035287054527054756 -0.01238463015175878 0.004923322676238607 0.00939391026413132 0.00810614862069312 -0.003160770321275716 0.0009639737900981984 0.006193180565854122 -0.0003904208107470827 0.008068318354989562 -0.013579420505628673 -0.013050387488327198 -0.0036740997981546757 0.0031023818235702294 -0.008747247515905358 -0.008062424205050642 
0.997993527346344 -0.018711981796668373 0.004407001835014993 0.005895406020640322 0.017534064366745147 0.0013710889701159892 0.005768575139344541 0.011881663667895916 -0.009468354403697097 0.0224129966836407 -0.005586140888625324 -0.011731278286493434 -0.007280645593898198 0.005558672999921325 -0.006337230745692036 -0.012177891590433094 -0.02191224445639826 -0.00400969925906698 0.011026617430197488 0.005584684221153126 -0.019052088749001894 
0.9608468918871086 -0.007110332253822615 -0.013564653915422161 0.005172779393976519 -0.00037208294012809384 -0.013483865933093794 -0.007853168407402564 -0.004127798184434203 -0.012752107049268506 0.005336032426459213 -0.004195471722980706 -0.00901098468772387 -0.008848964121263674 0.014605993186326778 -0.012093659571400102 -0.013252074422402957 0.0008366392577056723 0.0025787915429476365 -0.01248426309214268 -0.005915011130142005 -0.0007210983960167441 
1.0659207847441052 0.011355229434552755 0.007890616862505799 -0.009563768658159824 -0.0025149346957088928 0.006216129333129308 0.010322368103726463 -0.009171637113132305 0.0053079938455156 0.001481132018272199 0.012019876995552198 -0.0031009527616830002 0.0023544448930059754 0.012619098898321707 0.001927630620947065 0.00873035109750579 0.01883316133321478 -0.011074826621971947 -0.00952299953817796 -0.009741788743151748 0.018897596429486956 
1.000253435434715 0.0037511641204945423 -0.008255613529603556 -0.0017383787884676354 -0.02480042781998243 -0.005904159179647143 0.016219787888881516 -0.0033669495335912148 0.0010328737759534787 -0.0027615204769499027 0.003390624778305808 -0.0004476429762729083 0.0005366359326331584 0.005529091240823576 -0.003955268560279163 -0.00971300890067237 0.013506702398489145 0.00642287811770562 -0.015571422989464397 -0.00574665830559163 -0.0035829290783610007 
1.009493930749122 0.010473932538891513 0.010391177152856042 0.002012234123373354 -0.012797253562303861 0.012225232930502802 0.013962503232149297 0.0003235929975361903 0.00441368407032826 0.010121258963989339 0.01440694993856532 0.0062762175925745525 -0.009176252859611687 -0.02358695684266367 -0.005179633268154903 -0.008868223058274559 -0.022296351030751276 0.01062601467563007 -0.0043446407644275025 -0.00036904965320304784 -0.005430102008226635 
1.0087674314340576 0.0032996254319626033 0.007888817634749861 0.011885197803198981 0.0024885853052043945 0.007860849022930936 0.005028806130667874 0.0010635250547937779 0.006783422738238211 0.008040530580177441 0.0035131705983667454 -0.0016417702757209644 -0.006483653595340137 -1.570535854448262e-05 -0.0036521865852318057 -0.007664308834401275 -0.018871281696349922 0.009083060897438301 0.004083692909237812 0.006316444344570296 -0.025805489261878988 
1.0056592077457345 0.022186214795399214 -0.003259332584034021 0.0006963607363931087 -0.00565969183451971 -0.00026722532374955077 -0.0030005589940878814 -0.001600237502004121 0.0018873737533092448 0.012887268213193704 0.002234651127000244 -0.0016221301527299596 -0.012881618608634 -0.010880527329060183 0.00021360582037174998 0.007820227452404712 -0.005330584874087223 0.010550622086573813 0.0033270348056503437 -0.007226455380386585 -0.018373175074212596 
0.9978334704292221 -0.005864331171062693 0.008430232267396937 0.017296459123885048 -2.741161274799114e-05 0.012087897085692904 -0.00020924130746899404 0.0017389724551717777 0.0023160802674733537 -0.01230669243500418 0.008670854629162353 0.000699717213151649 -0.00421654830665163 0.01577184415476052 -0.011049154917523183 0.001926956801760592 0.0004362863783773422 -0.014596032257920551 -0.003361122891996044 0.003680192264341492 -0.011424224252592152 
1.0358148461298518 -0.027314433764642536 0.0007324722920436916 -0.004286378303310545 0.003993203853090631 0.0027342407812030274 0.00352526735013031 0.0019107999180508065 0.010444554797083701 -0.0016214303002179172 0.006503155795551714 0.0004141346739316462 0.002886507191985669 0.017814245257466835 0.018717673822695676 -0.00017663462828798978 0.005979481204891616 0.002746331382841815 0.004291443000296807 -0.007895484425492016 0.025199839212783313 
1.0871557658303528 0.0065484659034898696 -0.007370068452831775 -0.004192349704514339 0.01119226252056518 0.004559055710373016 0.0020054187130176173 0.013357766623962325 0.005994452726225356 0.0074770902572364175 -0.0038353547704456014 0.006417984672112793 0.00526977165133144 0.02448746260128409 -0.015840151563336725 0.013651630278147602 -0.004158934341014048 0.003036525581124276 0.013115913975455314 0.012819629264899981 0.02177727841114929 
1.0057293406244194 0.004240620003485779 -0.004477616608371818 -0.0037240138314683464 0.00805653112593159 0.011333781890236124 -0.0007888957579816299 -0.014317391257542493 -0.0031526939160961033 0.01534934788886908 -0.00561938539738566 0.011747099875017325 -0.012017288529552028 -0.000936688876810588 0.008470608169788781 -0.01436990237068233 -0.02344669161369061 0.007106122616668186 -0.009464050728403634 0.0002862791999415937 -0.014004644339791325 
1.0646352610747878 0.008569890811137413 -0.002913520815546367 0.008879731032301946 0.022192485841579603 0.00829515207646762 0.012256791910863114 -0.0018161483045855279 0.007022209323241652 -0.0023243463320456116 0.011723750557641495 0.009331989140734156 0.010388305127079315 0.016863205452594978 0.01407517307544172 0.0066026642161119324 0.003799567496771254 -0.0007951822979291776 0.016855008368586995 0.006969946927802164 -0.0034550397914159753 
0.9578921627224928 -0.008349505287139599 -0.016347811391894288 0.013361136491040577 -0.003159305898338631 -0.0002821747820419264 0.009775433332494081 -0.008178672977774389 0.003981544344963671 0.001123069336869949 -0.0032551596137097663 -0.013871633342182313 -0.013094170583999922 -0.0013740471271441782 -0.0099389960722434 -0.006101910569008702 -0.010553207647414926 0.0007880074347878522 -0.011481013612590445 0.003285311957412725 -0.01834026196041054 
0.9477662957029813 0.001002466083012412 0.002141233417536718 0.0026513922730761856 -0.0005462083484731665 0.011358402472418963 -0.008929349023237864 -0.00761346323936754 -0.017177859996914287 -0.01203637676387857 -0.009525966670085036 0.011228944041353675 -0.004844273360904656 0.016014954211265135 -0.0012867575558971958 -0.014367799495398141 0.0012806493464604279 0.010590958004245232 -0.013035742185448448 -0.012926438795254451 0.0035878042647737745 
1.0644928736754247 -0.0047979904158028655 0.0018553639590669997 0.004627081331123215 0.00308869823734013 -0.01698438672891919 -0.003838732613654171 0.005165149579775302 0.009611798108164806 -0.006103988895657435 0.010504652233721585 0.011645907433596807 -0.0016036792892380198 -0.003510735322445414 0.017152056888175254 0.007580368244718702 -0.009800175790170545 -0.0037807596537960033 -0.011284504024014137 0.00663340296061852 0.009916873002460644 
1.0502572156881567 0.003469353513720561 -0.011221789459715392 -0.00842868991663439 -0.004437508224080763 -0.00576836623020262 0.00807755644942375 0.012137845240911547 0.008632039634587833 -0.005928759301693823 0.012326942618714382 0.015839672992483535 -0.0046315176970027966 0.008262810202787347 -0.0006308706770205817 0.007812167116794226 -0.009249625865682566 -0.004877956078099844 0.0013997197195616956 -0.0033793319250593323 0.011899582042423086 
1.0163170159199255 -0.006189905082552295 0.014064300408336837 -0.007550891191627126 0.0025478938975270695 0.00559890645549614 -0.00671438243988394 0.005336961193717024 -0.004216277911201494 0.005979262567256045 0.00548361239980371 0.0010847197440887867 -0.012289265270524617 1.5884415261451265e-05 0.014733710350793296 0.0009734905249503212 0.016887584635974 -0.0005624989304354219 0.006114232979517614 0.0051105616676108 -0.007726823200799582 
0.9568421433806439 -0.0020141035458590166 0.00895309267537522 -0.006919233679728984 0.0049982196330916155 -0.019985506920033865 -0.017867539568211927 -0.002842614815072595 -0.014388226297811143 -0.011590268039382583 -0.002493362771282165 0.0013440157564326314 -0.007203323777425792 -0.01764076196168751 0.02024502267077016 -0.005310138943213101 -0.011335347826473599 0.017911886479346967 -0.008708269317506442 0.014995677506578192 -0.004842740658611846 
1.014296381589471 -0.0034545637764779365 -0.008692997684745995 -0.00945656297080459 0.005829020554649281 -0.01000224618711065 0.01017768345734755 -0.01106370517958446 0.020334718003894185 -0.02190425757098973 0.008209097544975846 0.003163441549069182 -0.013344982843479455 -0.0013608435398843497 -0.012890692749697775 0.016476447269225362 0.009743537092885852 -0.016215953805343776 -0.007220305510762937 0.012368912439458065 0.007320093028480796 
1.0362435887040267 -0.015283196219098159 0.023215227276181142 0.009325314915749915 0.0015491617263628946 0.01798521698111039 0.012870758709806196 0.005415653027249252 0.010844697487382092 -0.0081552024093998 0.013547649601398195 -0.0014984315477880226 0.0038237914750626624 0.012329574065479612 0.0014336552744898126 0.015565255204961888 -0.0027880602750131804 0.005083727486597204 -0.009081328785661062 -0.011558235109176846 0.010049430165611675 
0.916894580914799 -0.015211703875898779 -0.0009584076686893241 0.0020757964016656027 0.006438615008204014 -0.0066926577293584056 0.005113619074967502 -0.006868037442758367 -0.0037776382566212076 -0.016383840694194962 -0.028938163754312112 0.0068265500449144634 0.0004135119932253979 -0.0028753508291297918 -0.00709016821517073 -0.0081772486870105 -0.014267821353640846 0.02796477444370878 -0.0058855986150902675 -0.015879770626811503 -0.004351563471865186 
1.0479193545852035 0.020337777662201188 0.004821064385371284 -0.011413295426047076 0.007450805676499682 0.0036751569598632177 0.011640353756187546 0.004095410170423539 0.009637919712622067 -0.011475898247470874 -0.0021510122178397084 -0.018877795623345177 0.006536270943653072 0.00500771317854344 0.020799608181263415 -0.030733396802497603 -0.005147564215657838 0.0022271383139623206 0.003075247011098792 -0.007381662409944967 0.012783979370458325 
