column1 column2 column3 column4 column5 column6 column7 column8 column9 column10 column11 column12 column13 column14 column15 column16 column17 column18 column19 column20 column21 
1.0056937054682846 0.0089766700542998 -0.0011903405295095866 -0.007692058337457524 0.0038996058884220707 -0.01124013472290366 -0.01076631942584757 0.0011087396837109302 0.02029458133913272 0.010577026692761808 0.0042885544433639965 0.012163895219688041 -0.006469449525317393 0.015390933930247978 0.010255330808432415 -0.007569000041835832 -0.004298876198476649 -0.0017676564410734061 -0.0020400353906445037 0.0002057990315028909 0.000465212308362357 
0.9615930014733881 0.016184260600160715 0.025892580442025265 -0.0011335415507688457 -0.0008440613431999168 0.004394859057059208 0.005816333552057968 -0.0019605791593961994 -0.0005094070677895586 0.011624706062465032 0.0011486302544044197 0.0010766879293221375 0.021209818620252917 -0.013225973074621958 -0.017201490733090314 -0.014282402683260101 -0.0037541354647147684 0.006140351488974677 -0.007326562025576443 0.009230756050503918 -0.003505906507514629 
1.0046436951530908 0.021828233624273063 0.0058684251499258565 -0.009204342137572426 0.004490053921006285 0.012595993220776255 0.0024511416946872474 -0.008199365146653535 0.0016295883244775652 -0.01677564387584381 0.0030268078443996577 -0.006489795320375416 0.004855533608255594 -0.014263975624289268 0.0035415828560576156 -0.0045906586911131034 -0.0065650406380645225 0.008543915723402472 -0.0036383408562987375 -0.01366321079543159 0.0043855933208611685 
1.0152541610273176 -0.01694930320544116 0.011501950055067418 0.0020301274637971665 -0.016638992553374782 0.004497268930153897 0.00862120012176419 0.007442780280852803 -0.0013260046145068024 -0.009124809750439274 0.002796657949601766 -0.0005839489841712155 0.010559714725715642 0.0231640839994886 0.0003867540983758809 0.002808483775076017 0.01178751459324312 -0.010103564531527007 0.0036474667752271444 -0.004091296907746777 -0.00015348804057263747 
1.0377494942351864 -0.009112024284705608 0.011333652325382622 -0.0012160941151218283 0.012385241727678574 0.016971497091126515 0.009153084215612638 0.004523575615187182 -0.005511790535472226 0.004045241871796223 0.007347817132053676 0.0038480337096155437 0.004224678458843939 8.832580606625462e-05 0.00973962697263184 0.003452131033388473 -0.0019973488817622447 -0.010795247189128776 0.011117972278720014 -0.002297951520444461 -0.020898410042034077 
1.0035331126898772 0.003762432286527097 0.004242854362011788 0.01092458797991374 0.004134303415469488 0.023591512085546443 0.003903111042327733 0.0030921884890405212 -0.006496735675912738 0.013932404119104196 0.0005692940654987465 0.0032099440042310757 0.008688865085140716 -0.0019623204204188317 -0.0076594272211439945 -0.004078929228820244 -0.01621118726218374 -0.009489031246888631 -0.01423085902548827 0.013213410016933727 0.007414446171809106 
1.0563046133744314 0.01306619076509598 -0.0040766021038933535 0.007121444138236161 0.01293597761413224 -0.0004898926861329335 0.0068021164663403435 0.0027410641044382177 -0.015063622638231931 0.006330707279494173 -0.01704559202469346 0.019389660757394348 -0.009754045925041276 0.0036205452462208442 -0.008288182960160597 -0.005592038468972925 0.012906800653646784 0.01082692442991619 -0.0028651200667752876 0.0009126805576698497 0.006227639117357936 
1.030635092684341 0.001774637881911797 0.014320449999844269 0.001158418962204435 0.019497308239067212 -0.00043731274245503753 -0.011096454159591946 0.018567059110176573 0.006908907760484929 -0.002967398430944479 0.01822167909795592 -3.851697595778901e-05 0.01291231089593552 0.003800538620001848 -0.014294092841068804 -0.009684471267015212 0.016616245617850564 0.002191133750624189 -0.003040618913479576 0.006228830038107588 -0.008515104247335847 
1.0323014808004063 0.013881491028910425 0.015248637633083194 0.013750233534193357 0.0006343793065576219 -0.003040515141762329 -0.0037842510461138113 0.0014228552986543595 6.508145927567341e-05 0.005175552219289994 -0.0146273900333323 -0.006540459004723425 0.008220605225544521 0.002437109284568503 0.005453262768972409 0.0012595590603429008 -0.0010380134648183333 -0.009120411058539375 0.017516060926153144 0.008091099346933127 -0.008182372115798097 
1.0322076362067814 -0.007221415643044261 -0.0151886074489738 0.016563299934036456 -0.004438389056500938 0.008493651442317647 -0.012076773610387352 0.004035515106500683 -0.0025679182655636663 -0.013400555393012643 -0.01675989357854559 -0.009931219648605273 0.0005810724771286363 -0.003579031555964528 0.01413846963270827 0.016083290058448423 0.01770037506805305 -0.014821992523289846 -0.016400654327393883 -0.002277358865752448 0.005065844540859551 
0.9538935677406823 0.0018421821964692629 -0.01232898741180817 -0.0002637632507017694 0.018126826664134985 -0.006817612323973654 0.006263998349864847 -0.0010653671151431671 0.006534429667773698 -0.012300736470251237 -0.004147714090497179 0.0033799811528983223 -0.004111223198934948 0.00442862684308171 -0.005915556284914691 -0.025533793448005642 -0.004806212170516108 -0.003159558179808234 -0.011208623098345662 0.0005143366740833277 0.0020525214861179496 
1.016776276663024 0.010826491797786162 -0.0066858074705276665 -0.014180774757881452 0.0004096501070154188 -0.013022354007053039 -0.0006510940138048592 0.011878782794646294 -0.005790544301442703 -0.01009004983317589 -0.012267709388513104 -0.008384356611456228 -0.007523972907739687 0.005674770954769278 -2.4375921198589638e-05 0.022340510329163392 -0.006276944573479394 0.004260208310304685 0.008832033387813529 -0.005507856504694062 0.0018969623219678394 
1.0379995363337697 -0.001578620009451104 0.00716373802607001 0.02023683266799555 -0.0001636085797342017 -0.009007697929429523 0.01577695396406831 -0.02149545249738844 -0.0017617912581882112 0.010175165961749893 -0.008149538732889304 -0.004738462223624962 -0.002985006723255823 0.002955285932607058 0.0063177996177227885 0.01793502545155072 0.0036543614026784115 -0.010335350359847522 0.011984228285615411 -0.0001079941278328616 -0.003214296350725698 
0.9769060292766147 -0.0017570338379753804 0.007354315666536239 -0.025227326473789537 0.00562113737321527 -0.010652829807076278 0.006299968779564496 0.005585177876277504 -0.004667454919210346 0.008104151977541909 -0.01220041425232688 0.0017368667939813799 0.012325781643548918 -0.004200343273654482 -0.007286625401362593 -0.010310289502420395 -0.0014395877510898054 0.019080149904641797 0.00901350223991957 0.005848499064423971 0.013080923177739588 
0.9299228318380343 -0.01707169991606683 0.00920723271919457 -0.00869903954411391 0.0008650742559610086 -0.0035640158454963615 0.0032448167668693764 0.006915653216336303 0.019203873967030684 -0.008499677992549129 0.012890314229596531 -0.006973225041232749 -0.004619206922978925 -0.006363130150143729 -0.01736416431764974 0.0031289295851849187 -0.0007128920070603706 0.002722277948294735 -0.009416478140095517 -0.01663423427479899 0.007364688399122863 
1.0126727675793354 0.009097279130899884 -0.02785268182647127 0.011300633106772625 0.0020784559826333964 0.0028060026447221885 -0.006328046320692391 0.0006536207518478966 0.006199657535558215 0.005603058062035759 0.014031005427345594 0.010189472175831459 0.009425449533089167 -0.008579772139466056 -0.0023599941717644883 0.008428869709076157 -0.01607490332966422 0.007624955618601128 -0.009626945341907339 -0.0009201533904760218 -0.0017041501884100148 
1.0281710179954782 -0.0012019039109053178 0.0068476907188255946 -0.0055294849358948975 0.0012193525136253572 0.000253628815404067 0.001889143241506502 0.023967516493896893 -0.012973559308011803 -0.010056979205293606 0.009902696428514721 -0.003396648752342357 -0.002106462314625576 0.003745989558647031 0.0016618357943471095 0.006112592279355887 -0.0006901358999570813 0.010909765125553408 0.01430753706170685 -0.009328960597359104 0.009825785422063154 
1.0010771268362852 0.0021152832420550014 0.01007672179202163 0.00036357000701621667 0.0008035110780762986 -0.004236371205279112 -0.007215793875003324 0.013429700990441093 1.1215026101268664e-07 -0.002567288965387433 -0.008582607574365754 0.00504000610157759 7.362970494561831e-05 0.009732703905363443 0.0011172210587793922 -0.012348938043525746 0.0018879304232086412 0.002214855963185169 0.014548400010058544 -0.013636144918375656 -0.009018436164265026 
1.0379940554106517 0.017070990357862213 0.0014493335468784066 0.0004999177228885276 0.00857075037360316 0.0012991669768580162 -0.015776555613147013 -0.008954826245102814 0.017265274539966752 0.012121491347638519 -0.0012661368865171058 0.01438712806910715 -0.006322051318597397 0.00531375725537321 0.007576386537604238 0.005899194606835501 -1.2901615928251728e-05 -0.006139227792132972 0.013087851898465787 -0.004554548988791206 -0.0032223187532222143 
0.9992030488341018 0.012935507511951888 0.009202860297760736 0.030278833876743492 0.0015386384823493668 0.0029500938490264346 -0.006131442109464296 -0.0021153977175295195 -0.013523078840820942 0.0015305774872703454 -0.002350676162392231 0.014054072410638446 -0.006290206814520333 0.010686260077034035 -0.01885505051857366 -0.001096136417544912 0.006352065106044976 -0.003955634917156462 -0.03390365368763152 0.004440882384520861 -0.017951957344554532 
1.0355502953612448 -0.008369372161357089 -0.010221775406558142 0.017023629451745372 -0.008454772756254156 -0.0017061416274638873 -0.012237761358100008 -0.006588552494360259 -0.005056327432172241 0.01882021112701098 0.013483110271239732 -0.01002950370839605 -0.0032727651052273645 0.010133532057335462 -0.004384682150076917 0.010146346058506284 0.006244922894703715 0.01220607044730258 0.00398530929186664 0.010043967231249616 0.0028453271542381413 
0.9815407423872069 -0.008382407457955321 -0.009022051452388644 -0.006515405125419598 -0.007332415158744205 0.011514746264720805 -0.0005852602841598316 -0.011823454675635874 0.009086705955200516 -0.003774480292079629 -0.000403878725466999 0.0006156868454211892 -0.01276121965623001 -0.0021350460330300833 -0.006946563191475328 -0.0046342899520774 0.010565178090140504 -0.010949555953381953 0.002462608730046801 0.003019569461366399 -0.004955969544372791 
1.0207320193398792 0.022427173431088684 -0.0018065816902682326 -0.003352971935265971 -0.011836173688458853 -0.014039522068956369 0.011565552997644852 0.000604468343526159 0.01653412308890428 -0.003232755809806713 -0.014379847232913464 -0.00617344960722778 0.00535910381358794 -0.0020409537805451882 0.0008548968443645351 0.004423782662548323 0.0005626224300130506 0.013980272987462038 0.0062842240631272184 -0.015016070608937948 -0.0018660649189909694 
1.0109635038103628 0.01008176161549992 -0.010039898882073968 -0.011873620203986903 0.002135917902030536 0.00672212331901422 -0.0032938044947857605 0.015998730652279157 -0.0012332565322979152 -0.015191318143344353 0.003460460339856478 0.009840802433023255 -0.017393549659669067 0.0034910346092657967 0.0009926276995954927 0.004544504378022331 0.010839680332662291 -0.012109787681072832 -0.009726228787315654 0.003391741958805195 0.004540006629210249 
1.0280900973820888 0.02292733250744121 -0.004943635490953435 -0.010370377452333839 -0.004930819277896245 0.0049184406813935905 -0.01093546956173001 0.01667169746206497 0.0020518771755374064 0.004211182393849095 0.00612657719754497 -0.002942886183442518 -0.0019435735490973332 0.015321564528032896 0.009352600623069071 -0.00296042968219984 0.005998890062541618 -0.004602754935617028 -0.006649007052693224 -0.01131263651107274 -0.015497835381474088 
1.0493479823455152 0.01568780614056896 -0.009848810997602054 -0.004749396484648438 -0.008855232253467663 -0.017390413552564658 0.012488965321805006 0.009978818421417871 0.007609174287210953 0.015168730669285256 -0.0022436542092673303 0.001543320797524263 0.007529988726332996 -0.0022660203366545494 0.009800119286874773 0.017779058163264253 0.012183769770010176 0.009545733930703878 0.001116703331076784 -0.008590043063710404 -0.008683133089568291 
1.0226775983193186 0.013543766244513748 -0.015065872808395058 0.0067516797341336055 -0.012860076267813434 0.005516443854540901 -0.01985639138020103 0.013026322056976253 -0.007364655554152192 -0.012795285310896805 -0.003221395340064169 0.009876760576805454 0.00095989976429503 0.007080608753202461 -0.005353580638224224 -0.006994647081112634 -0.0018866389234675623 0.014558370685501356 -0.0007800827458962747 0.00410347873128203 -0.015373805003528423 
0.9899945463776189 -0.0025235692700191653 -0.004843217178947813 -0.00675327995386292 -0.012118018902237876 3.6647945243292184e-05 -0.004511458613003811 0.008387800182043218 -0.01351933419331696 0.014285273538984594 0.00690458112668098 0.007960860888965138 0.014011857292410812 -0.021365870091402114 0.0035514803700201513 0.01230476258956495 0.0008581834044095251 -0.0041915174724961235 0.009404190612843977 -0.0031917457624290354 0.006903809439632005 
1.0507163923225489 0.003549323188119395 -0.006578100929478415 0.020262514263080324 -0.01785750744100644 0.012696317702856555 -0.006827990540295497 -0.00675023753798855 0.0021186658764745844 -0.001480890617418546 -0.007428775453097614 -0.01532070007833248 -0.00986954196546478 0.008188824893424963 0.008069112305219547 0.01287608715684678 -0.011268544114739105 0.018823510089225507 -0.004051548175352611 -0.003141673567864858 0.004038164580736413 
0.969458881579532 -0.017088031212728512 -0.014926285095052621 -0.014678260997714002 -0.0025720469564386654 -0.0023016666242459474 -0.00847415306679943 -0.00709817274028555 0.013833405736773354 0.004869709959911514 0.011975956778122292 -0.0023266949789712394 -0.001149101755493452 -0.005855839054387186 -0.0035952728444300116 -0.00970704522837318 0.01401976228938983 -0.0011154862174192596 0.0015734852871820474 -0.00014056728769067415 0.02277824085961725 
0.9853460243348038 0.0072028808635688285 0.0014046964894950723 -0.0051723688416955025 0.0005304302979279654 -0.0008999945736918124 -0.014663290715541677 0.00663214575528365 0.013779143869945859 0.013408749194344234 0.004896005289548923 0.02657586748240527 0.00013306129454228655 0.004883089553826467 0.005102757128309503 0.008143266554691898 -0.013739094369871016 -0.011415082368549661 -0.028470402168167305 0.006111509347743503 0.0017098606947019515 
0.9976196148123976 -0.003924196067149119 0.0016425458493234957 0.00048641316053953793 0.0015628438253663605 0.017823984279048573 -0.00396706987107521 -0.013941758929472609 -0.0035296055987980757 -0.006090200212364606 -0.008474147612978954 -0.0012182952946459267 -0.0075092121380682395 -0.002220714297410068 -0.0003221019484630883 -0.009465598069573748 -0.006606657729136034 0.011909731246891007 -0.006319631377829775 0.008327113043950849 -0.01231411444496452 
1.0068352753915377 -0.0036229711312604092 0.005597834109439331 0.0053597156595005056 -0.01147767820109847 0.0012879899864973025 0.014369609889956116 -0.008475949120158399 0.019908232305126863 -0.0122764502664388 0.01078082894127103 0.005837102819247233 0.023216607819713776 -0.00462394003841544 0.0051901889306834375 0.017798179497526552 0.0040136567989195035 0.004000611249601411 0.0031063695817528277 -0.0003511015279005777 -0.014614398372715736 
1.0186353189093873 -0.008051577224709637 -0.005945443863006237 0.011519985397038798 0.01988917501254169 -0.012182965313866747 -0.005797034415959583 -0.020460238013874706 0.0023996552855750724 0.000763471721494691 0.0018286264813694292 0.00454718932038327 0.020018120222964272 -0.00787634103798703 -0.0018804345885581179 0.0017985495589421664 0.007815280130621459 0.0047684765344067175 -4.0236481217314795e-05 -0.0026213907727513203 -0.000917747531471422 
0.9796751686379721 0.01470294021185548 0.0011454664177512177 0.007523330278953387 0.0019101532669899325 0.0027451099114404616 0.005527224061861288 0.00534876315979992 -0.00861406683700116 0.003598568571214738 -0.005042050577290655 -0.008382153091310204 0.006745425461111304 0.000986877705825755 0.004090563456306719 -0.006364438861814698 -0.01296153219552072 -0.01717402733241614 0.0038919395563449992 0.0027531775509601086 -0.009729723442884149 
0.9275630331432781 -0.00419943405933113 0.0005036201426076219 -0.006347609773056199 0.016391989171646013 -0.018200562366783652 -0.001401852593884028 0.0046220614011648654 0.00946538004372685 -0.0038608404075926596 -0.012074765179219417 -0.0018925295741078541 0.015827740130553703 -0.007825686284916847 0.0005435649142161208 -0.004698957551086351 -0.01611381342702892 -0.009120548407761414 -0.012419886081959269 -0.0004281544311250774 -0.0033926951479964413 
0.9699627483285155 -0.0064894118117538495 -0.005607261311674449 0.003230599917221749 -0.013497349550835565 -0.005389276950695144 0.0027911965576614102 -0.0038965619793113766 0.005738936026261627 0.013843475171999662 -0.004104933327787136 0.012188342921418158 0.007078514961599083 0.006319321513740839 -0.012524164244544255 -0.0032668114009306326 0.007470770544815191 0.012485601663648411 -0.018568333033795632 0.005308932764402203 0.005833154063507695 
1.0404496109934216 0.004947182674261016 -0.006839791843617441 -0.012724391083325076 0.002270977443835281 0.030604233093212425 0.018384495392926838 -0.00639512808191087 -0.01169691992108353 0.004858669136679539 -0.016600736481716054 0.00062729782514593 0.0012035436691409244 -0.003666708432927819 -0.014656735481835197 0.00022814822364158543 0.001625255373259039 0.0018281515172992365 0.018526399681529467 0.0065300759793792944 -0.016614418424649443 
0.9903656091805484 -0.0116902460142167 0.026858017282930247 -0.024611519474137724 -0.0020230137207858947 0.004543261221369773 0.012788791966991968 -0.009094010635928155 0.005000004446473142 -0.004630688469505176 0.0014733591424383394 -0.00649468077142395 0.004460696479283119 -0.0009885762953199641 0.005369532190132269 -0.003966286563162204 0.01359427426266624 0.00935901069402898 -0.0033791361413474043 -0.0032864395154792126 -0.0017629590902874675 
1.0259811674958668 0.01298163966092321 0.011762293096537734 -0.00451809938670065 0.006355939072141669 -0.006945508678770988 0.0034944240487641614 -0.004473747538411193 0.005897534699577981 0.008543116477860904 -0.006271964271642405 -0.004592714207236744 0.003081413520509247 -0.0032075421621710256 0.013260478756088039 0.014696252037074847 -0.015753527609450847 -0.0028536854690465324 0.014161162129275977 -0.010707922559597112 0.0046337345001768995 
1.0905921545348938 0.012466463909822187 0.004609816457409393 0.006803907938009304 0.0076278776696819045 0.015414644614486255 0.0008567138874228324 -0.021091592147063548 0.002394208733503873 0.01299544353602172 0.011812511306377638 0.003621621800810881 0.007647211083245824 0.0009072517316367904 0.013981561840190723 0.012414220481216667 0.0013233544204791147 0.01255950148536262 0.01172790915113004 -0.015081593073915392 0.0033402382283088147 
0.9729340187026952 0.000884649949081876 0.005168788312944562 -0.005297721363612941 -0.003228002719426323 -0.004725100663569527 -0.006285737944456903 0.01621755422617524 0.015044464252212635 -0.007088037105153868 0.011350115947774053 0.009304776607674682 0.011818125520278293 0.003396747199304908 -0.001103682430660301 -0.005993159275053954 -0.015605799120665743 -0.008011129660319461 0.009795618024712838 0.0022565503104143066 0.009005980097798093 
0.9982589320019677 0.0070008142471711 0.004033527124272868 -0.0049553520043265995 0.0017823738799783004 -0.007810716339644453 0.0026377287616504526 -0.0026973875247167855 0.01342775085999079 -0.0062383927165913875 -0.008169188372378525 0.011337796417443851 0.010975008271218738 -0.013665728144619282 -0.001716415719237268 0.015055103425974627 -0.0033072121974076457 -0.0007360325840229836 -0.0005485558088316054 -0.008432830900124508 -0.0006930097292418533 
0.9546190857104916 -0.003937415754778358 0.018095684506238278 0.009813160635469905 -0.012190296688654378 -0.0013455708115358122 -0.002004493978440888 -0.008853090178441722 0.02069153619425066 0.009316844376726972 0.0006037880879365586 -0.004719756448235741 -0.01216014725380022 0.025802179427234673 -0.012904937946727231 -0.003171534353228991 -0.002442161908277553 -0.016576088419859455 -0.006685693458317499 0.002085829670625331 0.004191977247717481 
1.0847367790607514 -0.010425017115252322 0.00102065851523171 0.0022369493333123888 0.017537314131341273 0.01404481888430997 0.015336567893471533 -0.010302857399922876 -0.015314291989988958 0.008630622733727085 0.011904553527592659 0.02014724338886276 0.0030079638550662585 0.009535092566263694 0.01764282676622168 0.03408810782618831 -0.0007376197683081551 -0.004144535784228324 -2.0536999129563942e-05 0.019325422410977053 -0.01544727034540364 
1.0331306117240198 -0.010005132033442698 0.009605306935739725 -0.005047548575400963 0.007408443426190182 0.007528043455735049 -0.00234467346929857 0.003402242265624056 -0.0018590858338242305 0.0004427339134775203 0.004523478701976454 0.018479534000541798 -0.0007341667508749767 -0.0028584533094990518 0.00919405774320293 0.009273698195537977 0.004511165677470729 0.004929549491464724 0.006325614542580689 -0.001614430603524224 -0.00133564170724346 
1.0034632261448566 0.006883905944782719 -0.007427689999581976 -0.006722000731670712 0.019354239059033433 -0.001586491984612966 0.017658040261566456 -0.003959508636683743 0.012014002266784988 -0.01417809716104292 0.002333388719182535 0.006738563499817161 0.01144185568454991 -0.0007785387496372116 -0.005416375610023219 0.003097632048979355 -0.014363087398847998 0.00662914508844074 -0.014208936027543013 -0.006693755103536753 0.002282400436922436 
1.0101608335035301 0.005830172663599067 -0.01145758000673213 -0.00821279270038057 0.0009741260737382316 0.005913746298347601 0.016758677122830665 -0.011016653267076838 0.0049622651458549 -0.001961851646282686 -0.011189146549054714 -0.007657197968347479 -0.0007290676727152451 0.0031552942501035185 -0.024153863394012594 -0.008090062483263672 0.005344948655700582 0.015383825955595053 0.005112663637457622 0.004962161984431464 -0.01810824012854164 
0.9268372072994198 -0.012048288422883713 1.88619219385468e-05 -0.012518760144680147 0.011712182822873682 -0.009444736777015685 0.002030153255045176 -0.011253148892124002 0.007744649666483698 0.008242178193378505 0.00018349815397855927 0.012466802305800148 0.00506924523151757 -0.015514580708124068 -0.00850123684951065 -0.012112620581707978 0.0023682876705423774 -0.00075148196985466 -0.009862182477967463 0.0073239549232215215 -0.00710851026402391 
1.0108447597404677 -0.004757316399116098 0.007368581118693184 -0.010251645055113594 0.009576936844659193 0.02019812107147864 -0.006688431789220587 0.01306052554720058 0.00012450677253036127 -0.0006230549047423498 -0.006192616891223407 0.0033997674390713662 0.009434572276447147 0.0055320339993081315 0.002505508015505815 -0.00085319810644863 0.003848638539774862 0.0015217539249920934 -0.021848503375048116 -0.005902036277372067 -0.0007264359593672305 
0.9939279233495645 -0.017761052113844652 0.001018847482690334 -0.00027547623642844434 0.007360217480105933 -0.009625292784048308 -0.010522886777818121 0.005033914280521048 0.0020187515008427558 -0.008809530910773281 -0.009718991013135015 -0.005705826714214926 0.013989497681172506 -0.01990224752206295 0.001591221855273751 0.005394815224395127 0.01931486808100058 -0.000626033271840665 0.0024435820785417735 -0.00817562715170025 -0.003293512414260567 
1.0252174911792935 0.011773838719233647 0.009948112214393191 0.009541777674248433 0.010959460645491382 0.000965451506286647 0.01686605954182809 -0.005611053116833743 -0.008493660780577504 -0.0007453144699250422 -0.005854900503252444 0.010557053207667597 -0.0032146031915803127 0.00991199107644495 0.0026938804204029573 0.004449147266534301 -0.006138123371552906 -0.012287789694353018 -0.002117948701422978 -0.006329449385173172 -0.005735459276135885 
1.0457135451331359 0.005772401319947578 -0.007414487293688633 -0.007232308562082309 0.00128934618118264 0.0016956299712782088 -0.00401992018084848 -0.013928231608113644 0.0075230190023856825 -0.014246128434067673 0.022434350268747582 0.0025872644561298736 0.00574315730277969 0.010082656065818284 -0.005240757151392022 0.008144300825210995 0.007346791526121581 0.011610491428688053 0.007188869186467268 -0.0036727573138158097 0.00535565906583893 
1.0343036222835609 -0.008701296649549068 0.009101430051250808 0.010030668349652222 -0.006964933845767596 0.010817313744064758 0.00282850045688894 -0.005898912506034647 0.006817941786353544 -0.004376681642573473 0.004202041162382594 0.011519943149085103 -0.006419215631850781 0.0006924349431918557 0.003727533438203715 0.008655502096128228 0.005291026921657618 0.009814394446549463 0.0007302133240137518 -0.0017066700341788288 0.0011478953111312008 
1.0538364507758027 0.021657204856081257 0.003650699470333624 0.02079097616095971 0.0019762127458931335 -0.0017132604623983161 0.003965468833116527 -0.0033821121670550977 -0.007986425309576491 0.0003642407781759493 -0.008059276401685314 0.007616260402116722 0.005486872107642205 0.018862327574511662 -0.005424119192346486 -0.005709288753551158 -0.005102532847652104 -0.0018437074404648358 0.00550553500042735 0.0037740938069044817 0.008413130087968528 
0.9977270993960424 -0.0145163070135362 0.006096907624698936 0.010688419051948088 0.004200887226832127 0.0011146111333137647 0.025704866751665167 -0.001396615122933209 -0.007132549167888091 -0.0011965692902301092 0.0030261968304300117 0.005739638360211684 -0.0033277370172047492 0.005281697898882481 -0.006749186407443279 0.004439477891623439 0.0005658300578632591 -0.0014157085008199507 -0.005164614589453347 -0.010961256586581937 -0.006306498573562707 
1.047730110590752 -0.0008230708337441324 -0.010537743049055604 -0.001377737491829302 0.00606753845752677 0.0015907448909781407 -0.0008114570206321864 0.0006605853166624559 -0.0030192537636203744 0.008309925213990668 0.0022446838907027016 -0.0017048995644968876 0.015595422320426006 0.011469996307174265 -0.007156669244938386 0.016882441486164117 0.0271597641716801 -0.013822760758556608 0.0116031792510121 0.015193127871927857 -0.004749339892377507 
0.9620313541525335 0.01052863620138258 -0.006760036683549291 -0.0030002336543533624 0.02113552016732716 0.0014428821205023563 -0.0019074890895656989 0.007156515714808614 -0.022728446287642107 -0.008948612315036865 -0.008324094291248767 0.020118171917355473 -0.001650505572529301 -0.02345136202587099 0.009433303400419204 -0.01870220967781178 -0.025847900609074416 0.002381354804609702 -0.0065869099593672265 0.002349158427240371 -0.008855730510247533 
1.114811506909802 0.0218184751208605 0.01390078987343767 0.027262802176293902 0.012336511384004281 0.012399867164176329 -0.008806067117920681 0.0014257426356989226 -0.003485856052215469 0.007080005597637586 -0.008017282157326307 -0.0019019585471592969 0.0061941038369482 0.022979960238546603 0.01564191741378665 -0.009964073781106551 0.011341231286670878 -0.008734334111851635 0.0012034408926163745 -0.02607521517719405 0.005887390948632077 
0.9212759502508934 -0.007150414805605337 -0.004286531420192306 0.005283008190864818 -0.00557528868363231 -0.0011007390619780576 0.0024544616195665446 -0.0019244132039049583 0.015664092539768845 -0.004399171380171657 -0.006313135770141139 0.01962619534346336 0.010235521958865861 -0.024695479163912567 -0.011772496027012245 -0.006717921786663951 0.000785592147988289 -0.012436916371156556 0.0012398653784320942 0.0031049536407650293 0.013115780543962443 
1.0094798752552707 0.01712417444987535 0.0029412761171114994 -0.002941686995615365 -0.009579427599155359 -0.008959501682031376 -0.00728688611509388 0.017169135502901924 -0.0019071150165254948 0.0012639425781195066 -4.6364613973785806e-05 0.009503818380686032 0.013563273322392882 0.01069495746608934 -0.0007163312189044011 0.010253524589841712 -0.011725147556574243 -0.008907384145370956 0.0037189783154717845 -0.003595108392631086 0.003786437451957649 
0.9732925764293687 -0.007194259127934374 -0.018467900830655862 0.01676310484343656 -0.014925215200653763 -0.01534108641055455 -0.005714616925864633 -0.017352729913050688 0.00695553072074314 0.0034876903810779738 0.013841776059902992 0.029248763903317012 -0.008511893053595194 -0.000932139821323829 -0.002359817964859088 0.0030969521808439145 -0.002735578453279225 -0.013924294956892727 0.01097584762363154 -0.0019564039728730883 0.01108560436461982 
1.0031110224947124 -8.660843114414254e-05 0.002015568683289203 -0.006978751548259546 -0.0009882663929622344 -0.009412685058131639 -0.0013978596159314968 0.0007066962240516081 0.010318371727145096 -0.014908992548772823 0.0029078298047623247 0.005312492064533266 0.013694931123370429 0.006507349352633394 0.015906671971763937 -0.004559197899687359 0.0008317750856490392 0.000579970352565376 0.005455746693884051 -0.0034130461148361847 0.008050361657488342 
0.943925039281733 0.005672079904406324 0.004158171839094164 -0.01549419461657517 0.005637760185621823 -0.006823916083415475 -0.02861720483523831 -0.004921966042401622 -0.002409477265412106 0.0011909914215298537 0.008588688884878666 -0.00603152295049946 -0.004186840028107942 0.0037372948911914136 0.0007646825605640931 -0.019116572607719103 -0.004157739907522143 -0.005489661315148151 -0.006874665676390379 0.014506041766164648 -0.0039255449066421325 
0.9744572842861002 -0.02840251454758115 -0.014102066908309452 -0.006719589368752197 0.00986759311564154 0.011174934280361749 -0.0018180891973604116 0.00730228073537019 0.005465694511598919 -0.020193255261457616 -0.005471287953203016 -0.008486835921563244 -0.003010953468672893 -0.008754841157196339 0.016965210825176328 -0.004831472541763578 -0.0014729093453489156 -0.011050281986762845 -0.007387363378464759 -0.016602434698130566 -0.020244588017848113 
0.9664422758957826 -0.018725913466247187 0.0037639144430624276 0.008209138289503882 -0.002863838814106119 -0.01082222547687998 -0.0009393510207777592 0.010414458369403565 0.017979594720580777 0.013560064450968743 0.011942847034772804 0.009757720960022321 -0.013194238056647824 0.0022794533011077363 -0.010845157520497466 -0.0043693730856527 0.010476394262782995 -0.007255795018890109 -0.012488394418733409 -0.0031857587555386407 0.018232902930077382 
0.9994144131003938 -0.017795068380975086 -0.005976588068643739 0.00956625043838128 0.0010251948437475916 0.0010511011327036452 -0.013771522076718735 0.008529208965732343 0.0064310625943339176 -0.021650561472054793 0.01102835309249239 0.00328402797465046 -0.01971017539299741 0.017427864395650656 -0.012577764260811987 -0.01876686235770758 0.017818591303991122 -0.005497786964465293 0.0038187612144141153 -0.013451823284375266 0.010095807438369799 
0.9827317758092414 -0.005372330062042765 -0.008457397745664078 -0.009095474571261102 0.009156480853583998 0.010233843250240616 -0.01297460387181157 -0.00022300208193103528 0.007186193641910297 0.002237656078002553 -0.009551745953304195 0.004140891567235901 -0.00664607638138825 -0.009355962346893697 -0.007200413010327378 0.005613187732805414 -0.006168803469094415 -0.00275554647370761 -0.0021332492997360275 -0.006518479265009392 -0.0022068295676803042 
1.0452147025383498 0.005032454289034753 0.030738833931699565 -0.0004763415135736477 0.004642673142127219 0.014963571356031186 0.0024649931216283293 -0.005234644126017771 -0.0001624023959016505 0.004647929935466474 -0.0014266425556334764 -0.002243580083108228 -0.013002025021802421 0.00022203293190750724 0.001616096783539361 -0.0065509116873737495 0.015004629944850587 -0.007463748338662625 0.018354373496075667 -0.008511875179554138 0.009322559075391788 
0.9894250585100911 0.004877915886602705 0.022125598155328885 -0.012902132771797841 0.0020143234519182057 -0.010041388737212968 0.006555853847968657 0.011519928371441288 -0.002017008245616064 0.005236268207056978 -0.01540772048157475 0.0010787962018121953 -0.0028570442745725236 -0.004471508408726089 -0.010736269475628056 -0.001171907821697102 0.004165250218136744 0.007970877827836969 -0.0012590352134652927 0.011663879246922372 0.021019713703402935 
0.952932953022715 0.0005974478285704358 0.0025841008360882067 -0.0014958312925336707 -0.0018227948072284579 -0.016763619580849896 -8.626256723840297e-05 -0.00441174672173693 -0.005335914658793096 0.00536632394830531 0.007857856238608851 -0.003039976951135909 -0.0033960321026608492 -0.01583922766588785 0.008627387081306389 -0.03128738914964893 -0.0010726046794000959 0.007751412484676241 -0.002262385941903657 -0.02219264622443424 0.012144230995207467 
0.9707217714753448 0.005741927942229274 -0.004785032701990489 -0.003017655424203832 -0.003982774903760793 8.494080947955554e-05 0.005272271892575012 -0.0016344788837578687 -0.0023137544542167023 -0.009141330413618299 0.008853910653528923 -0.01810270371689193 -0.008062960781811663 -0.00689906368163968 0.002785323210592672 -0.004014482550057751 -0.00334672201551455 -0.0016030671409312245 0.004393571195022685 0.0013189536117616627 0.011692308701936145 
1.0392134482841764 0.00809298386001652 0.011085987705825006 0.013615985274775535 0.004632633931610462 0.0033363812824236234 -0.005841400250573023 0.009781844806449478 -0.008416534077110524 0.00629790869720332 -0.0013436653086398597 0.0035033802091014826 -0.0059068563768481805 0.016989925568314915 0.0011438270756295261 0.012915034259943265 -0.005783994334664874 -0.016600655278802345 -0.005732499669139563 -0.004409810015660638 -0.017777103840282592 
0.9879077623255708 0.0011365523222893002 0.0169947071238145 -0.002050288299741077 -0.005141962668632985 0.003376328909657856 0.00846721944155813 0.010490760680480634 -0.01873153434838985 -0.018006528044607267 0.013547200075024569 0.004852801525183215 -0.007050952894349879 0.004492175429994153 0.00245894961771628 -0.011555843239288406 -0.0024082057988034917 -0.005598282457926584 0.0038789374398075023 0.002814638395688288 -0.003770180933135135 
1.0451988558261756 -0.00331643651433713 -0.005397033495081614 -0.00659556271250539 -0.0032070743778910915 0.010310349152849785 0.009600249511423277 -0.011479608075282081 -0.011077998523646352 0.016844601751320996 0.0006477678391467455 0.014299219893151582 -0.01800776165229572 0.014277864288105202 -0.0023825466997502197 0.018388843795997707 -0.00990802964211145 0.011924409494425053 0.001141404889108696 -0.002450470830702895 -0.0009426388237242904 
0.9523613729868542 -0.00711769466085754 0.002844391392341964 -0.0053659797261298905 -0.009308591637223133 -0.011081124289504241 -0.0022912704409559516 -0.01580505577517772 0.0013897375659947342 0.004348134125014561 -0.009412968700997865 0.0003127696321422583 0.01760454964137817 -0.010505308185449789 -0.013441970958291555 -0.008475756890247207 -0.00117095757849673 0.03571668827481132 -0.007238286982581224 -0.004056870233659445 -0.01176473881601643 
0.9965778459514574 -0.01526764794475879 0.014312251540320403 -0.0012154092738549018 0.012624021334181224 0.01040927129727504 -0.007569459555403402 -0.0032036839574380045 0.010227528268004764 -0.010290250466153466 0.013172807659462866 -0.009200070702370652 0.0026383721266006834 0.002779237218661644 -0.01054471162008047 -0.0004874440149620128 0.0026231602535068984 -0.002464877637594751 0.005339336215935508 0.0005695286239634121 0.004069868667523212 
0.9840081432257959 0.006489378733114923 0.012253542365618673 0.0005516069458465201 -0.009855837280472783 -0.005916453612354058 0.007775937780309455 0.005439640465689869 -0.006526804047895909 0.007909560692893575 -0.012854075120987487 0.009627262092010385 -0.007601886328678525 -0.003638818629028371 -0.010798574177961909 0.004333876292337152 0.0068598339197511364 0.012495557958652169 -0.008611154816228754 -0.010116452721636967 0.0014436258216539123 
0.9923299563926643 -0.005392940317283886 -0.005466173646474536 0.00810984792639805 0.0031836853778370684 -0.016972584937808424 0.009723864018019772 -0.002336424865402938 0.001685254392710757 0.00492609039235181 -0.006624549267621452 -0.00575810921140496 -0.014753671964659378 0.0013925340071870881 -0.00017416582895919003 -0.0010579337128790338 -0.010765955419468955 0.0009619972249646943 0.0017794797199281148 0.0069151392584588765 0.002814641842393112 
0.9987139451465203 -0.0027380241916556353 0.003968010624198146 0.0033192875611017325 -0.018846363857648894 -0.002087370554525197 -0.013274252679039289 -0.002476231953770471 -0.002937617263825555 -0.002877140676980862 -0.00483103860312354 0.00810763897126026 -0.006029023185325629 0.01613703027838387 0.004190827879234164 0.0005881419313737194 -0.019256153144255467 -0.014348639354200193 0.0021650008969526474 0.007132649196788168 -0.022542092847061865 
1.00783035020158 0.005656113387553681 0.007121479707985506 -0.015002472053766916 0.003609685395308375 0.005037030047513661 0.0032732999455188693 0.00029482482581562927 0.003811413412371616 -0.00074175416443929 -0.00968078032255156 -0.012537261264245316 0.0030788090902981436 0.01077842154189644 -0.0020730045723418907 0.01904647383190269 -0.002980986123039535 -0.006074008952537877 0.005425517587817493 0.006030654178569778 -0.0038908452437591934 
0.9937043753488161 -5.9875815612635466e-05 -0.004321956680675489 0.006782904962778342 -0.0025623413918503747 0.006141182091034215 0.024605300041805386 -0.0076255749690055784 0.00116996855180023 0.009438425107821793 -0.01106824935174317 -0.004218335412412051 0.017154694859839427 0.0006378562709228216 -0.011567060298418952 -0.004405215430113273 -0.016390176532695845 0.018536930888995044 -0.0054257762258373985 0.009769181139101597 -0.0001273728638926995 
0.9809892487966647 -0.018297544863480345 -0.005534644080034421 0.00739615989099908 0.0020576458456688313 -0.012776988196781707 -0.01692841511256701 0.00120003805148154 -0.005834990721838819 0.0035752314994333 0.0003243696070284532 0.013344402301441315 0.00449876458364966 -0.0028765075541126563 -0.0035885753281607053 0.01750703028644088 -0.008319788330568133 0.009815243831471233 -0.01102503387277189 0.0007407057299515913 -0.0020319700521588104 
0.9287119830038618 -0.021835569032293122 -0.004428668815283894 -0.004059194542022755 0.020795075447956463 -0.004981950566766241 0.015253503190066802 0.013558343173804006 0.00605131798210569 -0.0020243114393929387 0.012696213361564545 -0.0066723345838240475 0.0014676204465590037 -0.00926895049295983 -0.0045099084635625945 -0.008419721828410378 -0.008652081786318586 -0.012122228400423204 -0.008158297927926364 -0.003762230257242401 0.015506980665385509 
1.0096856955279911 -0.006044373177419779 -0.0019057402033572522 0.0037293552494529524 0.0010469278527722146 0.005993805559282682 -0.0003342590214217661 0.004659540312773059 -0.01439832308473726 -0.005242667647120995 0.009161945175503875 0.011476230587159532 -0.0009343891791753185 0.010460936831057427 -0.027134917468449905 -0.0020449311345294534 -0.005150874852853048 0.009047905368846422 0.009282452917488266 -0.014136904140599314 0.0053996516592823545 
0.9928380800938966 0.020663489859237244 0.005577567524292738 -0.004294165553767749 0.011478243188344646 -0.013383894872913745 -0.0155095431616697 -0.008025900803917949 -0.002057197768890717 -0.008692074094693107 0.011738887559931981 -0.008777047561503484 -0.00055964350252085 -0.004100419735446829 0.02232812765895304 0.0025724702319940996 -0.0016698574939481867 -0.016274880639010933 -0.01053989054050312 -0.02392912642452529 -0.00271380645834704 
0.9873088431000763 -0.006495721257346335 -0.014141733187893675 0.005575656162501274 -0.004106858935537393 0.01224562682836844 0.01652220877644846 0.000797761500509028 -0.007604208510592442 -0.00794072006386946 -0.021408605787626565 -0.004283799504304117 -0.006663809922429699 0.0014139482558420628 -0.007877584265554852 -0.00604471844142878 -0.01241343476269158 -0.010896941236839682 0.011115115916083804 -0.0008108056082000337 -0.02439011243195217 
1.0374554719548439 -0.005538970087256944 -0.013891161182026138 0.007443699969828092 0.010484911677710252 -0.010313317723865205 0.013585076144028558 0.0020213575388271714 0.009346998052839325 0.012547309483404824 0.0005757027222738305 0.009238408297968438 0.0019628129338086775 -0.00024094707105257207 0.01168304344529672 -0.005983281739474836 0.008535099177384242 0.0034340705450241617 0.007934644639580202 0.004390743145688172 0.006859626716946244 
0.9440968729785473 0.002653461056570362 -0.007728833509556854 0.004900197075796188 -0.0011753568710305305 0.0011349967838349653 0.008370568919575893 0.0055576791990686915 -0.008364916595165696 -0.012657128967947982 -0.011235617114858125 -0.0005812597223745281 0.02385298288369309 -0.00751583990184503 -0.010397346827488933 -0.002773988057448012 0.0057184472127902244 -0.011158493287102517 -0.010222889007198761 -0.008897843314828433 0.00048328693613403865 
0.9749632207011891 0.00890056503581681 -0.004141893435872717 0.01258686314300879 -0.012727492511845963 0.0077513253564903 -0.008248639778479647 -0.011432788434941719 -0.005950312539439618 -0.004302233818203831 -0.008264009514600374 -0.007775103700046834 -0.0020878392670849637 0.0007181279525815975 -0.003233233310696109 -0.004118577183279932 -0.012458272885957682 -0.00985562851089846 -0.005807249010046183 -0.0011060982571538395 0.0028994547997182223 
0.9906427924400871 -0.008962086831813878 -0.016053435458570155 0.011971801468092512 -0.0048688527584923 -0.008163484544785446 -0.005845031296935813 0.0076948319835498605 -0.00658976912574577 -0.00448047826275672 -0.0010209069185551413 -0.0016272910566687666 0.0035322560926256607 0.020966635102539037 0.0033416282331461024 -0.012796980253785558 -0.0063027718568367495 0.0003360522987617147 -0.00043719530549333595 0.001413090240557418 -0.00397698888863487 
0.9591935342374973 -0.006228887396682462 0.002995006941841519 0.0020700944289304924 -0.0051105134904706855 0.008930321461821683 0.00534953637221577 -0.006607488449414067 0.017751750614921562 0.00375233455356517 -0.004171453057155437 0.003181108468948792 -0.009277719047777236 -0.011388339454909802 -0.0061359223417067265 0.0017030949035179745 -0.013892575493938571 -0.0059734707132644916 0.008400417138689746 0.011512959029380938 -0.006479780037077546 
1.0369517691879357 -0.014129150009284726 -0.004506661335402056 0.009293746016541954 0.002198096244174 -0.012966037587981077 0.0019442976687382872 -0.007472393652501495 0.011640880521031348 0.0005840839899361722 -0.002033216037705764 0.01852448452109281 0.0113093243460218 0.0015260174207534557 0.005385112239089881 0.02622495748519915 0.014989371482469658 -0.01252116819098543 0.015762778807561873 0.016416287747837207 -0.0017548609027475796 
0.9499054004652643 -0.0012985978234498273 0.01411888673300731 0.009718869194702447 -0.009400383691755403 -0.0008459643980399268 0.003656258491394498 0.006609583243428042 -0.019989987080108924 0.008907318371308466 -0.0066285962609329875 0.020474019004728825 -0.007477446592884017 -0.002683039064160372 -0.0017884556064386515 -0.017266620378139207 -0.005023476596732169 -0.008649911179338528 -0.014407102833179856 0.00678663635074698 -0.003310676232251335 
1.0053371702029497 -0.006715550056010552 -0.02047899631299258 -0.001905349386851827 -0.010768879640790024 0.006979134956937724 -0.006715274031101654 0.006240463285397287 0.00914596496644149 0.0022694483725130515 0.008596816721179927 0.008342479113926002 0.0042029056767791785 -0.003043360217674189 -0.010170903637673142 0.015571429223441593 -0.004007344287128787 0.009747110597550913 0.006051435484556922 0.011885867510879835 -0.01214680655287135 
1.032564542866919 0.014466170746012655 -0.004559541923120044 0.006894284997185601 -0.008974409143695029 0.005884700513827747 0.0077563839218337685 -0.004681480163082635 0.013149965563113826 -0.0031734153137235343 -0.010552071891121891 -0.002785492284873922 0.006587279039693885 -0.01807229090189751 0.007969517565647547 0.01830942284444346 -0.0007434226512617415 -0.0020998156097763268 -0.0009660071669481085 -0.006928879598972493 0.005300372120836117 
0.924526784567265 -0.0006645715787558665 -0.021982965443010337 -0.006861018950720613 0.009435295940358855 -0.002185681347301841 -0.007732332916056615 -0.01783753252579033 0.008680687504108388 -0.004614532193912911 0.010345421972103369 0.02084469640866828 0.011850661845238666 -0.00955850045292272 -0.009304871495533648 -0.015723381978236067 -0.02126990404004557 -0.006549951692657545 -0.018316646799084613 0.008393636485071108 0.0019019806877653234 
1.0031834980501992 -0.01303059499688618 0.0009115789481181114 0.02924235511362645 -0.00827925010780491 0.005777378267492903 0.003984583870337994 -0.00622746781811082 -0.0050963866901127365 0.01589032158930352 0.007332037545879372 0.007991645815247375 -0.007032487650258359 -0.00261663836119536 -0.0028185591528112975 -0.010205267188587283 0.006566916881976782 -0.011035204220592443 0.007090513630157998 -0.014849814249434073 0.005946961770741581 
0.9967544370679108 0.00041088564978433386 -0.005470709841457695 0.0031299520337879205 0.005673849266824587 -0.01027770117152066 0.0024243774318917196 0.026990152684241132 0.007627215847355857 0.004755932733657173 0.007023646406601299 0.01279045709015996 -0.0006750098369537623 0.006588880144912727 -0.010317248866728513 0.003405925961747037 0.006712168783940776 0.010955815922499754 -0.008863202077078063 -0.004604729868998601 -0.005959061553268147 
1.0212018350402399 0.01007397322450905 0.00785820398955587 0.0037115583592770753 0.0009199565426037076 -0.012081209453473811 0.013282659767556616 -0.01466114179878906 0.004614939934515744 0.022016021801669138 -0.015482254922499366 0.006168185345958037 -0.011860807387121535 -0.0065272585035421795 0.013649654833564593 0.00673122591206637 -0.0007971709339870636 0.010326265759118944 -0.012048778371458678 -0.02227860910882853 -0.010457269075600082 
