"V1" "V2" "V3" "V4" "V5" "V6" "V7" "V8" "V9" "V10" "V11"
1.03531023166025 0.0202597573893919 0.0126688647978374 0.00122867273581579 0.0171491886580642 -0.0117178196936824 0.00642457686776102 -0.000465023365050484 -0.0110137991257529 0.000617230003513223 0.00398311917885528
1.10326415228161 -0.00331094589218711 0.00128412970984539 0.00674661247819454 0.0230398834496313 0.0104418426376098 0.00740739397852944 -0.000142438762686756 0.0133188465142173 0.00806228474365833 0.0167227216738769
1.04241879560337 0.00634471440933955 -0.00721004438561433 0.00133627355313853 -0.0083893849740166 0.0177585923873816 -0.0016874929005423 -0.00624287085639862 -0.000175310949557418 0.0170103336041462 -0.00743414330048511
0.975066829759787 0.00969698655335137 0.00448299331786748 -0.00818751464999982 -0.00689676922654678 0.00570647525252162 0.00763667863404464 -0.00292844679434852 0.0124175958850046 0.0029726612227759 -0.00501341667353458
1.06096665866054 0.00215284556861286 0.00803815393189593 0.0121881493325641 0.00943649111125506 0.0100829225485895 0.00229208270260966 -0.00813398977180049 -0.00378689330453115 0.00368851094834559 0.0068045437966734
1.0388504280472 0.00487246705924786 0.0112261521887472 -0.0189872319402785 0.000913621710762145 -0.0272833655348437 -0.00341834440130827 0.0175006890784546 0.00443628825924284 -0.00532161852821907 0.00792323419554907
1.03582147790644 -0.00469634087678241 -0.00371503705068714 -0.0189198743970478 -0.0146936239976802 0.0151403639314836 0.00553782690235097 0.011249694580892 0.000141581092730938 -0.00343591186839832 0.0222446997515281
1.04455230357581 -0.0144381288978885 -0.00384990403625865 0.0032419870917733 -0.00532297182579477 -0.00295315479743424 -0.00515211388653222 0.0082202301136124 0.00875755221931432 0.00541539123702952 -0.0020678579602392
0.924750625269582 -0.02019233701762 -0.00960658987683672 -0.00109988998134601 0.0123084875461498 -0.00620686345088466 -0.00697752115838887 0.00111095002666825 -0.0273142928756409 -0.00725947603867944 -0.00733724673066345
0.945965004176396 -0.00241154990014923 0.0123214584207803 0.01422624627242 -0.00960821285719493 0.00178463967728437 0.0029069364247002 -0.00333442526299208 0.00565271360733109 -0.00415445427814622 0.0253165772213426
0.974146134947544 0.00821193873627794 0.0113740367371576 0.015283113533135 0.0133626605308226 0.00127512156626709 -0.00796493579523034 -0.0025049609520229 -0.011775220278352 -0.00563820477751712 0.006770880804222
1.10412426990315 0.0212813690457406 0.0174047808392283 -0.00355378657385171 -0.00855129435269697 -0.00339431009599929 -0.0131118067557897 0.0215500703895717 0.0113881117321166 -0.0103022792773104 0.00464369591838331
1.02009503826019 0.0108664586870998 0.0044924137677288 -0.00289401074589338 0.00840573302456066 -0.00124613166457529 0.0139304736330303 -0.00666137407038373 0.00133270379084863 -0.00280826458158366 -0.00352900084034189
0.94560149039459 0.00258506998344994 -0.00296298262729797 -0.00582449555266232 0.00207557005854785 -0.00409345736540905 0.00724399292918825 -0.00195411032988382 -0.00513779003123519 -0.00152208243868004 0.0037486139660302
1.0409789439145 -0.0130863827572033 0.00625995664905972 0.000417765668718267 -0.00669036620444942 0.00799188067785952 -0.00462895701909412 -0.00615039198462636 -0.000243449998548018 0.0125309996547442 0.00759292426822338
0.961091388732312 -0.0138167424226444 -0.0145683821214463 -0.0178694519392392 -0.0057820980486429 0.00824337275343916 -0.0135268352062763 0.00297357764499458 0.00225173237547284 -0.00639805566619326 0.00481216769621067
1.05619654375942 -0.00277746227331409 -0.00890647107078299 -0.000828214516949904 0.00523076469028816 -0.00520687532294891 0.00804129186829206 -0.00972464748028451 -0.00832142268320531 0.00895081428690835 0.0185709160387765
1.04037092298263 -0.00475025404244233 0.0101534931832645 0.00609897905575924 0.01509520058747 -0.0182989142866063 0.0106510463546843 0.0245846098314294 -0.0154658185545627 -0.00254598545933597 0.00746830383391052
1.01600932602494 0.00286502057441958 -0.00119983011536671 -0.0063545498292486 -0.0110894013380555 -0.00310255821724585 -0.00334236894680779 0.0083046430141979 -0.00735794061976757 0.0201467055324234 -0.0113420066838538
0.998590230757069 0.000328879617789012 -0.0101936654933414 -0.0137104188722647 0.00587257079581954 0.00888160340746154 0.000558761602321916 -0.00871084701507752 0.0052096485433915 0.0010407965748107 -0.00265881727263478
1.06197570861522 -0.00140859249220656 -0.00323105835932354 0.0244266448845626 0.0214219828923063 -0.0180978617615631 -0.0131685266984335 -0.0134618966245187 -0.00535906191239097 -0.00596344355822157 -0.00369582899519677
0.995911297115231 0.012773890391584 0.00820244289895214 0.000236214628257244 0.000852560151257864 -0.000419950572287381 -0.00568955170484132 -0.00514383941248497 0.00324803363130274 0.00677800428296873 -0.00600903691043912
0.949197706233905 -0.000305031573397747 -0.0135830073570129 0.0177961031862533 0.00323431983405584 -0.0294989069474351 0.00440899103406349 0.00198898052858072 0.0036943161895731 0.00269892850912365 -0.00171320808017511
0.988746372532599 -0.00752957785583829 -0.00839625538644609 0.00524820488348336 0.00787423022424064 -0.00178858271677167 0.00715793892415546 -0.0153750488136751 0.0050506701158256 -0.0144147440272328 0.00772623406090028
1.06572917637015 0.0261541019509824 -0.0164874662949802 0.00156680375986964 0.0129892916003529 -0.007305294724301 0.00936659769723553 -0.00249225264158072 0.00599197008477743 0.0139462433377546 -0.00637113609790457
1.01304165204343 0.00547640461527877 -0.00823584491361396 0.00119727020745715 -0.00297530268826102 0.00444595167681941 -0.00638553808566076 -0.00568332404763431 0.0226805455136695 0.0145862317800563 0.00156023272551537
0.930786327753414 -0.00324947945629354 0.0169774985722895 -0.0149889311128851 -0.0124459020997991 0.0059894409954515 0.0273159555985432 -0.0108673272308973 -0.0129788535588986 0.0245470814666849 -0.00575762549235983
1.01754925569576 0.00830877620935684 -0.0173806013720222 0.00818546096146353 -0.00218307437998944 0.0112186262678568 -0.0111877753291302 -0.0034596102205986 -0.00962936294410232 0.000125830349578796 -0.0159061015552046
0.994564526558438 0.0117802314814756 -0.0154706563440345 0.00612132843639086 0.00830174217423541 0.00277039422493397 0.00442544111862263 -0.000260818637630776 -0.0172973429537186 -0.00500037412851953 -0.000684830297058367
1.09176271038839 -2.06239710975006e-05 -0.00806831544476722 0.018039154856369 0.0104610180304196 -0.00279334093676794 -0.00931758351534015 0.0233136137173115 -0.0190167874581559 -0.0124575737853216 0.017942376158241
0.870543281387808 -0.00726704563778458 0.0213822280174533 -0.0122624311763827 0.00551018257690794 0.00247429075449061 -0.000554541963180919 -0.00866289233416234 0.00348466721664171 -0.00540397407593314 0.00487496589066292
1.03318254036478 0.00551463466482003 0.00238635567861266 -0.00804737245203343 -0.0194068927535301 0.0187179843875545 0.00872845571475436 0.00278112809638861 0.0101851062915178 0.00435969712908936 0.00603144498846741
0.944933419423899 0.00704015385731482 0.00236771747871046 -0.0111604360149373 -0.00892339136564566 -0.00334995379630722 -0.0115924780265225 -0.00636873681608926 0.0162937825821746 0.0117987786673868 -0.00690587331796382
1.01552871119496 0.00211336267369397 -0.0328871339903953 -0.00225416485398688 0.0192712324872285 0.0130382159314989 0.00651947027062416 -0.00994178631749323 0.0063261274229143 0.00960111868086953 0.00792462769686014
0.998059477016538 0.00927127925909078 -0.0112005499315778 0.00601463661866129 0.0168863245447601 0.00870179222306215 -0.00112938620956681 -0.00448122455634515 0.000365897587391005 -0.00442681566329909 -0.0193422427878033
1.00990147347106 -0.00174532695600508 -0.00676792021643547 0.0076229846443517 0.00275389971923777 0.00445438155030158 -0.000566151062660065 -0.000819223642193142 -0.00116927029793645 -0.0147042683965926 0.00492345454348127
0.972433606595338 0.0125539735194784 0.00474280398293409 0.00572411968888544 0.00471213172015676 0.00222850914482054 0.00193915736272235 -0.00341876768723355 0.00850731693561756 0.0186230598756393 -0.00133938322001039
1.01191575612628 0.0030118512831916 0.0124442509503274 0.00963462926802045 -0.0115853214392684 0.0089720515946061 0.0155049340163453 -0.0038995981779788 -0.00659045226524998 -0.00874154902198697 0.000181080293584208
1.04137487545703 -0.0201141090092737 -0.0113426922503078 0.0242094957237371 -0.0104648293683942 0.0054906521612504 -0.00342270041111337 -0.00594849665698088 0.0189988296632125 0.00456418111263364 -0.00128045744157266
0.98590817365499 0.0151921142165692 0.00643303868152794 -0.0195898784553716 0.00171278181775615 -0.00652210367015972 0.00307055508207607 0.0173334219800134 -0.0135475199295458 -0.00495045736004442 0.00707973497515896
1.03282114062944 -0.0152112543557298 0.0153129150300249 0.00158801342233284 0.0256732354816967 -0.00241817890185869 0.00460073718333416 -0.0164341401896408 0.000188258505517298 0.00300754745396327 -0.00605919155394666
1.01343567526462 0.000668269448395955 -0.0129810356074255 0.0101307995389187 -0.00667401548804942 0.00411530998982935 -0.0109118356173604 0.00225193048496941 -0.00556431826477974 -0.0161573367233254 -0.00261679098705529
0.912287289374806 -0.0113089486554396 -0.00378750932098133 -0.0146343200219198 0.00965704339633038 -0.0118008554310473 -0.0192554143086341 -0.0205534839485085 0.0143897172546574 -0.00963423782944553 -0.00846993234250611
0.985477908228287 -0.00961145393019558 -0.000249083191137352 0.00427728397862031 0.00432560946107269 -0.0130180594347698 0.0112465984132493 -0.000889480159436484 0.00049502177776619 0.00475257253542093 -0.0152009302262564
1.10979235227581 -0.000502087046724557 0.00370460996644124 0.00449816601846523 0.0239496259837736 0.00755871764004206 -0.0119709163554047 0.00229534456569236 -0.0016767832405193 0.00604873890209324 -0.00294110197843607
1.00962129219273 -0.00540567260273171 -0.0132590906052783 -0.00118124258326958 0.00123910548944278 0.00969492040386304 -0.0133470531396913 -0.00983484546279556 0.000955497213412001 0.00370471102248623 0.01295094470148
0.961542241313908 -0.0254042431736252 -0.00669235529479961 -0.0104754682275137 -0.00500575306750423 -0.000661116712548158 -0.0118524598193625 0.0108041331934602 0.000650891857167334 -0.00994460186565987 -0.0001437066836907
0.953153667945127 -0.0129293725621202 0.00869670940131288 -0.00619968503158642 -0.00973174870501363 -0.0174718641912735 -0.00702926350929016 -0.000235814918597397 -0.00732102909514724 0.00810571839082147 -0.0113834181270717
1.00212935709171 0.00102850606422207 0.0159731172029831 0.00340922865257854 0.00846095971350783 0.0130462562287543 -0.00843435241455567 -0.00895734768861533 -0.0107351574713781 0.00247461169202052 0.00739364432457475
1.02816803711831 0.00269654737498047 0.00825586948274873 0.00542175748430782 0.00347783546705774 -0.00191467292207689 -0.00723198656842424 -0.0136311892208992 0.00394747282765541 -0.00199230786687969 0.00250409390577019
