column1 column2 column3 column4 column5 column6 column7 column8 column9 column10 column11 column12 column13 column14 column15 column16 column17 column18 column19 column20 column21 
1.0175871182241407 -0.003793864243096767 0.009287564922975727 -0.012931582812807966 0.0021541873858715497 -0.00039701603080582494 0.0020310315695018294 -0.012573649345572917 0.013010534226014949 0.008329707809704658 -0.020393266341217322 0.015721028763728426 -0.012516773492034892 0.012015851831618265 0.01620406656961328 -0.012621682739281999 0.008440679691227639 -0.0011007105821726798 -0.007952901942175569 0.006505627110996712 -0.0005713926308758479 
0.9973698894387575 0.0025434186046026895 -0.0011434709664509145 -0.010381585064853531 -0.0007828399234036546 -0.0052626317232261 0.02021213256958093 -0.012244771805680593 0.011091191851777909 -0.007872408043242091 -0.01888878926415401 -0.007910678481880696 -0.0012432707595631033 -0.002383950780740824 -0.001997875346005214 -0.003846727827590969 0.012469746368932652 -0.00934988339504778 -0.002812247433370064 0.008528833418339621 -0.011211400797098202 
0.9985350072425045 0.0002819913484196108 -0.0023055382192770134 -0.005921494459774378 -0.005468875486054367 -0.000707696385564976 -0.005863539886415007 0.0017037707684449906 -0.010467096162033802 0.015015403137752648 0.007909330724291464 0.0047300568834993855 0.007385698752324055 0.006934639802742676 0.011968410166987466 -0.0078859466075954 0.0008813315367138643 -0.01235792479665644 -0.025523171035955805 -0.0036361160662501937 -0.00830468808451464 
1.0864979930098786 0.01570840319000516 -0.005117870181959412 -0.017880496948691496 0.010115266633136005 0.01696582283029729 0.01158817774400746 0.002480528529667311 0.004666881794339375 0.015610702604704358 0.005478393745100364 0.013944414805256496 0.010852031140927684 0.0018779382654173248 -0.004722619650533303 0.012145944686363732 0.017539528189692094 0.0033807353538137033 0.00884593935801383 0.013570576519591091 0.006123159268934256 
1.045844667517204 0.001051144470540795 0.020466979004952663 -0.004630526535842428 -0.0034037232482818248 0.009867569508588928 0.003674504477060828 -0.006510175821082744 -0.0026039672825391253 0.022572417746684326 -0.0004737455493906737 0.013442921695819288 -0.004460411347395636 0.009551708103513716 0.004051286607696725 -0.013251474776655534 0.027638401447906923 -0.011916336452208702 -0.0010034439337595889 0.01121935655942918 0.00605299643665041 
1.000300756835115 0.018003892073888045 0.013764219264541504 0.004934913854673395 -0.02533265862762967 0.0004384250550276231 0.012843095280027344 0.02975917801683035 0.007664204943581921 -0.004361682184801502 0.002068231529878997 0.014966028453385185 -0.0037240306371894424 -0.020738750128601616 0.005889487003606146 0.004894895401620577 -0.001185494694480081 -0.005879861916646731 -0.005609794126573482 -0.005576779010104662 0.005645726275689346 
0.9942423697275187 0.011650989240706202 0.00877012694208205 0.014635707191927399 0.004097193025725507 0.005373829293516218 -0.008370442716390458 0.0024168843653323514 0.00996124411406031 0.0008029647338409487 0.013091063901357128 0.0005000645431585034 0.0020187622445986715 -0.008548521192759714 0.0010611111470557502 -0.010524397675755897 -0.01457324954935014 -0.005282587736727576 -0.0022428172509889577 -0.0030784794913815833 0.009248013042759903 
1.071628181432371 -0.006173904107740349 0.012706567821845982 -0.004438894237322098 0.00808541335699235 0.0026864864195064397 -0.006194012097984489 -0.0008711489231213894 0.018473038345754575 0.022003316677861328 0.0029442116287639315 -0.003503906514871126 -0.00012497017551244861 -0.001338369936406705 0.001407387589737617 0.002132909506873813 0.008471564962500868 0.011204041483904614 0.010053894387869822 -0.005140849498697756 0.025972747405706743 
0.978112025604853 0.012586597967484646 0.011750728974793217 -0.002528133049002332 0.01785721588139984 -0.0020625738859172526 0.006179736851977347 -0.006167624637312303 -0.009062455917130645 4.842506702070818e-05 -0.0029397260853646252 -0.009502575056082116 0.01988244977871822 -0.013824316803498118 -0.015929954529634457 -0.0033701057569361947 0.014937040297708721 -0.011652730345107738 -0.005593620647934488 0.00235322669068374 0.00607285480111178 
0.9446044317010488 0.016219850542949294 0.0023117813322272736 0.017319699590464647 -0.0008641184985967501 -0.001550756973287854 0.009290076881784065 -0.009417541304664824 -0.006343065229274541 -0.003757037267032125 -0.008952185577613526 -0.004625370282924453 0.010693574417261443 0.00489472075948652 0.0050779144145147535 -0.015262692022276243 -0.010561267663615965 0.005100692399909207 -0.005715789336019053 -0.005520093070560633 0.004004198022069091 
1.0308824578465203 0.005456659457362684 -0.005071693797749669 0.016335360790039742 0.0034998312225027967 0.002129612594317594 0.005487749219576699 -0.006739014556482875 -0.015831943608498034 -0.00015605102629014312 -0.010976485088730746 0.004934326065014989 -0.0008235121014882349 -0.0015327578131775644 0.015323372246312653 0.013798809228820619 0.025305494832933453 -0.0028879345698669245 -0.0043116998133629885 0.0025419429577851903 -0.0033510637779865173 
1.0052047776380058 -0.007807616415984394 0.003394796697877235 -0.001260345460618544 -0.005808354256212983 -0.009405196716564533 0.0072624448173711845 0.007727359572404331 -0.01818601576817013 0.008465031577382822 -0.009350191203606651 -0.014631073375192752 0.0014735044393513164 -0.0017833881448949351 -0.006340947658699742 0.01652833287765708 0.001140053175087224 0.012669457014516855 -0.01831372360609639 0.005913873079406016 0.011352861948336094 
0.9972801122763328 -0.0017376359142546526 -0.013414412818021493 -0.00996410642226189 0.01083526498251734 -0.007183613928265217 0.01594704200616752 0.003968178280902858 -0.003745120461943242 0.016113843376973996 -0.017429725562437454 0.02574118926525603 0.015226142807729322 0.010999701548560973 0.005005646700034836 -0.003585369967712064 -0.010625460250851383 -0.005146207572690341 -0.010552818819417878 -0.011647063575080567 -0.00661558754636007 
0.9801156184325547 -0.0005175465878847431 0.003814903927317282 0.0016849339163868954 -0.0005145160366258695 0.0025947261656674293 0.01424556688344559 0.0028474095345274774 0.013869669181232558 -0.021934091599480385 0.009907785273576794 -0.008453144767084237 -0.01267344555684752 -0.012653397623697502 -0.01658920118873601 0.011329881339053998 -0.01392520904275904 -0.022704234058720355 0.0034631910889401287 0.005458471380011523 0.010378718966321573 
1.0218113466087493 0.0100510230740991 0.007617894119295452 0.01682870574557577 0.00038215565340070693 -0.006576969451733768 -0.017757999241859605 -0.007036234479873059 0.003990253647438471 0.010323578289060989 0.003078001292787854 0.0008579764631944661 0.00516404114244098 0.0007480141554367127 -0.0030654361159720956 0.013038390445282426 0.004757510058257939 -2.2216473543517375e-05 0.0028812177508874045 -0.010701133738161688 0.004819543815528345 
1.0250108375496394 0.01398918938185962 -0.004784791508060892 0.01222181550186776 0.010484443068294784 -0.004415552655247812 0.0038928478201302745 -0.0019985611262208474 0.007831217778395244 -0.002780136506389578 -0.01943435064957859 -0.010800507312790008 -0.003256028852612807 -0.00044114310658979516 0.011931300976113467 0.014215730611945896 -0.0030738287840448024 0.0011559834151263048 0.005899582182884801 0.0002532377146389216 0.0020058974409842617 
0.994172914619734 0.008995575452250762 0.00573498541228382 -0.01831925007763065 0.007664090785688238 0.0003076302704773821 0.0008767832822718439 0.00025818130610599175 -0.0007928369923279906 -0.013185096474490966 -0.007169487126599149 -0.006427745706516788 -0.0020023146010578557 0.001494416350157323 -0.005902743211014375 0.0057389389991478424 -0.0070473393545680465 0.008296441096772838 0.0039555061048655955 0.009662013896030452 -0.0010671388406311955 
0.9877161564400002 -0.016955698242595622 0.006675279668775365 0.01799487945545538 -0.01691288205125279 0.0034861585518898793 0.009749286969769158 0.010674903191377568 0.0016493717372015582 0.0011321519274203424 0.0017687079449203204 -0.003846938860575615 0.001996715700210612 0.0015356564845961987 0.0006004580041714855 0.0010714722536669203 0.004720216634552314 -0.006708516182458988 -0.014330834804343492 -0.0029230720676134037 -0.007599505605591383 
1.0238963153349836 -0.006377381859234436 0.013013538923172661 0.0038475504344109976 -0.010628096008392136 -0.0013095897017216171 -0.0037734969754591196 0.0027001250201063825 0.004956796855368726 0.0030217691879561794 0.0010197083167287721 -0.00013584225666324418 0.0021376831999465047 -0.00264496962123375 -0.00824044954412866 0.010432057253328568 0.003839790913331311 0.0006870763507061953 0.021288693521037107 0.008968212788572927 0.01485272839486801 
1.0140819752725714 0.013825953745482962 0.004365329357164631 0.0039108024006138066 0.002300915944843588 -0.009612983115983208 0.013290779731181993 0.0021429760729373953 0.0038948771825999973 0.021084342840452526 0.01585848816939691 0.0072547557910173505 0.010166572686145757 0.021119594884331478 -0.009966646846239614 -0.0075036105542423265 0.012731430005432864 -0.004283478275630423 -0.0067342754927180405 0.010756762429946293 -0.010160750733691461 
1.0097613406370658 -0.0190824039129808 0.005779966906172524 -0.009890193661858199 0.014587776939657949 -0.006611842231028956 -0.005225010656811169 -0.015126238494707954 0.009826092522388507 0.004438387436932504 0.00295821684167508 0.002023689368869816 0.0006593568431277327 0.010246405070774844 -0.006959321741823033 0.00030537302000488214 -0.004322082541898038 -0.0016354313512379627 0.007667897352476864 0.0058354451394610415 0.0025884948801298347 
0.9577603767429835 -0.007751417218699914 -0.004113176184189201 0.0071909227870359535 0.002733765242168767 -0.01404083132716983 0.020178386380540765 -0.01510563808328748 -0.02560847775700078 -0.014079033440064222 -0.0020497271120483466 0.0023410174613058537 -0.011903459247686234 0.0069004841055166875 -0.009854696920342429 -0.017048824136425146 0.00044522437488224106 0.012201394918705907 0.00580501538898132 -0.0018660198772564402 -0.01554618738889539 
1.0098277735169519 0.0008674177622093054 -0.015466535544072917 0.0026844928701295723 0.0033044360392366807 -0.0026187801301574692 -0.017147097725036812 0.015145310399888064 0.0015083323857770223 -0.004555663517761402 0.006351286576671309 -0.006383706498375899 -0.007969417964550158 0.0013347754082986428 -0.007818893313099831 0.006431179182895917 0.00781576205249325 -0.001087765785459129 0.0020163572367317027 -0.007968427945715905 -0.0018466439183288234 
0.9866528571131258 0.018585007436932803 0.011932123240856192 -0.0019197058092224988 -0.008684421190528788 -0.01445283764806891 -0.0033491085299382625 0.010906082020857761 0.01309377746376865 0.005310607676273321 -0.01925545454193757 -2.292408376379025e-05 0.018047100576196858 0.0014839711629756256 -0.0022134122842214607 0.002993704549270022 -0.008423271317461732 0.002336139121679525 0.0022497937133870096 -0.015385898867554244 -0.003537672294341436 
1.0209549940931613 0.011079563465970698 -0.008529722509594146 0.021420378947572077 0.012145146935893613 0.007272304514119103 -0.004581848435516608 0.010756814817619224 -0.015755932296678928 0.014536535328268922 0.00023114163398313045 -0.0031078618695528993 -0.0018346505661805976 0.008004321188467872 0.010554938470432047 -0.004802895617774155 0.023692041780540584 0.009731591323855508 0.00815583311558452 0.00478681507625684 -0.016463483845787708 
0.9284508845250262 0.010361040027008089 -0.010973947789642906 0.0018184799900167281 -0.021091884766079587 0.015923118553635877 -0.0018080828080534687 -0.015169011408174152 0.00016710350779864904 0.014649093846275813 -0.009533432801796953 -0.009962785677044124 0.010090075496129908 -0.00015462912566545863 -0.005834811170952445 -0.01741401135539523 0.011257410110279807 -0.006403139657170632 -0.0003452788206966479 0.004924871298592428 -0.007843205922435625 
0.9648195889024368 -0.005726591141802415 -0.008933548992433404 0.007063842071264378 0.008253981194385538 -0.007255776439375574 -0.0038993668735574274 0.010633522294394768 0.0008655280208945085 0.009474500318156063 -0.0212123729433926 0.0018089643078918042 0.025912834746925337 -0.00592733774379673 -0.0067030075312076425 -0.012194376375311762 -0.005433809702660337 -0.005708737025738651 -0.006969044209459585 0.007460797431933786 -3.112472620331987e-05 
0.9946356454286885 0.0019627764857294058 0.0043531396361154735 0.0038770064471248446 0.014398145456482908 0.009868838277294862 -0.009870817206008294 -0.010986179484349648 -0.015721745074366383 0.00015079097849976435 -0.015442467636407999 -0.0074089735649702886 -0.007442936861674302 -0.0025153530831674474 -0.002779832804497956 0.01214357409731914 0.008136820777892892 -0.011625401633434465 0.0016968273499231577 0.009454775429187582 0.012126702831329154 
0.9970505882703685 0.006159279955440675 0.01678658892580862 0.018921720562608817 -0.0036906496423954804 -0.0049715902219721105 0.021936834830754533 -0.00028909221910055076 -0.012369545780232794 0.00196532274186424 0.0067886988254860815 0.009247797051831265 0.0035801548085492253 0.002210877878254227 -0.002860740005519419 0.0025365109515153323 -0.0041199128399692355 -0.00770420499590234 -0.010415730554685417 -0.002900354337356662 0.014696151606210753 
1.0090472042532608 -0.005749883546125762 0.006878058395343059 -0.013713088693578313 0.014257721918674892 0.02159612076922012 0.005805841870789881 0.0021480713596051223 -0.007671982194321029 -0.0029348279799851634 0.002062233979350336 0.008582181055012223 0.0018660727145856496 0.004221026343007677 -0.0007363274985900522 -0.005619220369086137 -0.0061038980209600305 -0.009971503829474147 0.007897288977032783 0.003423269859132887 0.010265393655420306 
1.0186789812130173 -0.011610414386375351 -0.0046360546024518615 -0.005191810001654984 0.00795092296026327 0.01058166984573398 0.028750384932617955 -0.0023112201946384543 0.011427628417945795 0.0005210178980593253 -0.011082390545567157 -0.010468523857014553 0.010446293859870668 0.008488283005642338 -0.003959119198514273 0.009820441552696854 0.00752909454652563 0.005412590037180025 0.011530111143312028 -0.0017089872689017137 -0.0009553661029350666 
1.058723286712408 0.009492014613935664 0.0005035141321260775 0.012578020478083327 0.030840166962113877 0.006414268688359783 -0.009794871616773287 -0.014151721669853741 -0.0031762731370674206 0.010710478200361964 0.0066232891608965175 -0.0011247138429208137 -0.011192650778355896 -0.01105610171689949 0.012882170435207368 0.0054373298778268185 0.015430745274271332 -0.002396763011136846 -0.0059441754787787834 -0.014230074856422883 -0.0007627334278345579 
1.018108574773101 0.0015533363802647138 -0.007416409300432006 0.014512995366792587 -0.0021191791540504765 0.0019104334167564206 -0.004019156080132746 0.004862661018258624 0.0018089433735395182 0.0023173394016741565 -0.01478618624505626 -0.005228397227681978 0.0023129297714087975 -0.005389441149816027 -0.011878513676850945 0.00034508800445997337 -0.004840223921092568 0.027067985754986888 -0.00742348282911228 0.006750740004720228 0.02093198104092607 
1.0187586092212426 0.002145932768132104 0.012780935063066354 0.012523284195396205 -0.00032025429207084967 0.01098150568820996 0.004074002153771176 -0.0023919426067727876 -0.0150047323647574 0.01152830322288879 0.007773079514174686 -0.003815975963787495 0.007793983953051886 0.011157773385851198 0.01760089633139688 0.00017019139384298122 0.01674577819331028 -0.012939315873852534 0.00022383936135640008 0.0029438379598185206 0.00744507477428865 
0.9428967933286179 -0.0007820604546717421 -0.002988319734194133 -0.006384945246565022 -0.019652688445774554 0.011159094104474665 0.004590813670165099 0.01219890158787063 -0.01334972137890489 0.018937920132059825 0.015354756127911326 -0.02456456382050659 0.0005119237119393962 -0.0075680672710909435 -0.009793068302173278 0.008515298571712989 -0.010944903158919994 -0.007224161867612533 0.00404390740441911 0.0007443676386318868 0.010059220059747426 
1.0366688830127646 -0.0023043615582001202 -0.0035622265760878987 -0.00033807138046203477 0.012841496212429755 0.014910448111808722 0.009317503559198413 -0.004294193876145228 -0.002416745229994698 -0.005708545930030346 0.021032722740678782 -0.006513145959377513 0.006042300531719955 -0.0049338886495863534 0.008292423207339398 0.0009386572667066716 0.011640900155503169 -0.0176734280540754 0.009152078285979333 0.014661772916594895 -0.010543261433881146 
1.023748376632306 0.011546356126650574 -0.007163149184077018 0.0062530093851596216 0.015008741292631632 0.010434209096475104 0.0027420169088832216 0.008995108828916097 -0.0023207532095579804 -0.0015899395500662764 0.008387634197950312 -0.009801573374570606 -0.0005563415395999513 0.002235029718944727 0.0025815236015179354 -0.005892886140778356 0.005463055928052382 0.011173137672725673 -0.012471547843476583 0.0039638537906614675 -0.007203148907660993 
0.9758000293623313 0.002471427490718449 -0.01609017273797233 0.007553404762974394 0.007132560024762631 -0.006746168661555676 -0.02440076916011505 -0.022318701929219083 -0.0054546022704149945 0.0020416957231001952 0.012774593365700049 -0.002128656499154152 0.012086298129553027 0.005957404099105857 -0.01761362530206963 -0.011837936274513692 -0.015380577034370704 -0.015067978509462357 0.0008706788013656199 0.004940086951407479 0.013952125165231819 
1.0211587398615978 0.005668206579379037 0.017008863311624843 0.014561232248218398 0.013387418667178169 -0.0056603912725975555 -0.005882460346784346 -0.006929722651063262 -0.0037153169410786852 -0.000648199176560149 0.017250531086637728 0.009457221116006394 -0.004636805053682754 0.017453142158731824 -0.002298185589123712 0.00233605871405797 -0.01545807724256858 -0.00501045092198528 0.003094954626373027 -0.004455982631863703 -0.006638082160019098 
0.9810191984866976 0.02602916835320543 0.026089695135262065 0.005071409750837339 0.0013915751707814067 0.013348823155686612 0.013247669166884595 0.00805432432320073 -0.00830866728709024 0.008400762193637421 -0.008529944667959487 -0.003706237880789642 -0.004175377717030072 -0.0020129128334418307 0.0040236695507995 -0.006196044907544867 0.007083167561861225 -0.013361514689474208 -0.01709880133861565 -0.0005567489866136451 -0.0042376583689102505 
1.026152802080418 0.010189202346674427 -0.01215439437357072 0.009469707355800458 -0.009644888309404406 0.01146926445822266 0.011971638812495869 0.0017666422591092162 0.00952634274741044 0.006340222435513115 -0.009837115417325354 0.006674547705211642 0.010329471145523942 -0.01678991468041656 0.003592546296269814 0.02180414466618357 -0.006155871244435983 0.014374918671400517 -0.0013453922589806602 0.003373237981619641 0.016159848719255934 
1.0099031256605804 -0.005366155042885429 0.0032820323508182116 -0.005470564310840268 -0.010860867529883784 0.008189010303243876 -0.0057316728668087725 -0.009817987622984444 -0.0011727572097592041 -0.0018355415929199829 0.011735746830125094 -0.005644459880812281 -0.0004589578887888646 0.01001919289825471 -0.00531562130328243 0.014129312092551846 0.017595639582946784 0.005657086979777162 -0.023211140458315026 -0.0021205492598198794 -0.014220968149552204 
0.9746294695991501 -0.014239560018324736 -0.002085603647953701 -0.011829473316919017 0.007046377111386605 0.014357459351799318 0.013115894242769155 0.0193961899531113 -0.015853132772413785 0.009352978152443877 0.007786658789001568 -0.008745987660301713 0.006131651285742556 0.0021420954111157874 -0.012583313922711049 -0.002966755066427132 0.0008644374468488626 -0.006432038985859191 0.0007735107172066616 0.005877217727622463 -0.00857689363694928 
1.057034932814466 -0.006081232002839856 -0.004987960779742754 0.01391999222783884 0.021317636220623767 -0.01828232807625951 0.0010351437560610773 0.007554949291153852 -0.001752157188343708 0.013969305542438063 0.0030339580845027466 0.007385179903113555 0.00942648920854142 0.011497171422235854 0.003933195315817924 -0.0041979537857965874 4.7637802175872675e-05 -0.017620920960778403 -0.002211004285364803 0.011141534413815947 0.01128844157948442 
0.9771550836885676 -0.006287694519745391 0.005602521151716016 -0.011426098057508681 0.010119960354017419 0.014111550548347417 0.019219562428265512 0.0026850342251203262 -0.0015161730924646663 0.0026848376029602033 0.003608954139158266 -0.02190502294654531 -0.009795714076721146 -0.007471753162804034 0.007743790840393473 0.009558190007876714 0.0009910105821793768 -0.006899878943448293 -0.0064570938432211315 -0.013111457902996476 0.004492215417911933 
1.0222694161944756 0.006143104830156258 0.002944315209936707 0.003530758189517867 0.0047305939858181215 0.014727067866639862 0.006788210621829775 0.01697208186692218 -0.027510898951284127 0.01474229793582462 0.016261091526395308 0.006216712235579454 0.009282477679411847 0.004757347962250323 0.011607434444966707 0.007243375968046196 -0.01672732640731375 0.014885757713817884 -0.0039505921001316445 0.00762577683421254 0.008057958748310142 
0.9998263332432274 0.007311747351642544 -0.0024482667214567946 -0.003046164691326593 0.008191088683227855 0.006718475868736397 0.00019175058164712998 -0.00041710413838792586 0.0015934366258616435 -0.00862205221810725 0.0004999865454081478 0.0035696429014657046 0.014444181172488878 -0.0013752219930016844 -0.001111291468604419 0.012458426918373917 -0.002765438132459511 0.012198765645819384 0.013226122546277376 -0.009512835910066617 -0.0207126145642654 
0.9615067582167353 0.005452113100918273 0.02583202024030962 -0.0012227249407661235 0.015831829447652816 -0.0008364173248844362 0.008982162581589733 -0.00960149592282109 -0.010313350684566458 0.0032665824644671094 0.01644289286588912 0.004805182091251283 0.0032938172072738492 -0.015923865582186357 -0.019738906762741197 -0.006696911117607838 -0.007322017817694163 -0.006224179451436603 0.012196827299243077 -0.007597762194883449 -0.019185457094616675 
0.9640006427951326 0.0019231053621479295 -0.0010734610718714814 -0.012351716432741551 -0.004249510392057772 -0.016047595586401002 0.007082995834823594 0.012793405641153213 0.0023838085317896217 0.0007100965812087937 -0.003753902753414019 0.0019583654341657443 -0.004639732277102389 -0.00731507399444865 -0.015463869868492556 -0.016158122196901825 0.006191610266947402 0.007543023184410968 -0.002236908963728391 -0.00921396873001082 -0.009987759127043002 
1.0009172700416167 -0.0005982137315543215 0.016973561264178025 -0.00850937068324472 0.0017413789966519203 0.00017524488685238235 0.0026465396440001603 0.0014867263925239 -0.005812388546249221 -0.00018153898567624488 0.006752443046621361 -0.0047133536385911634 0.008842134706305124 -0.003484848346898429 -0.0003706206397020004 0.008304089233416048 0.0014739097407928527 -0.00357531708991828 -0.008525353237593805 -0.010249394881354765 0.007871933151092483 
1.0249968201814827 0.009835884901301233 0.0029456577621500926 -0.008103994376134387 0.007565005181742383 0.0021798570760827893 -0.005310511032331673 -0.014925540783381286 0.0051563930613876385 -0.024876266055298645 0.004952266862558569 0.01727429601745572 -0.001401528208605649 -0.002471440729738389 0.006985534872745803 0.002003915370187744 -0.0020328937118904563 -0.010693236308144253 -0.015598263554215182 -0.004527383062518115 0.0019242838586170105 
0.9695153782310321 -0.010339329940890082 -0.007425987496952684 0.010077730595276276 0.001127779607359856 -0.0019599432889653204 0.0037292859874691487 -0.00878000722172401 0.002739804884169416 0.007302443319044767 0.0018602204415898022 -0.02302121849978603 -0.0022525951567771343 -0.014413980763790933 -0.01866720583425131 0.007794247992450906 -0.0005722019666322034 -0.014508052208504709 0.016251007507459465 -0.0026021941992135957 0.002101482183937512 
0.9668135591435076 -0.009885478396361403 -0.0019299683988532649 0.0028567392178150937 0.008557423670886364 -0.0022763662889095405 0.0027566154709620645 -0.015265994156737898 -0.010917873759444066 0.007027894080265023 -0.006612481097578471 0.00045287111515178186 0.000605107953639755 0.005291599026208828 -0.0018758603857237592 -0.009088801468768577 0.012525011728586386 0.002410021506977203 -0.005218413965910337 0.009450533302111201 -0.010193359214813265 
0.9322864326930842 -0.008705579578663844 -0.019415054806415456 -0.027061260367399594 -0.017655554093959813 -0.001976702347484115 -0.007057928449747413 0.0033624617426119695 0.022762892539728213 0.0018672583097042387 -0.004557634867448289 -0.002895787045832242 0.0042360830339889625 -0.022436159826760563 -0.0072427624345856225 -0.0016610597478041698 -0.011479829156107615 -0.0011758858072476908 -0.014672406861227193 -0.020873214440725492 -0.003872763857579268 
0.9942344391076324 -0.004563703190864284 -0.007896305599968527 -0.00953636779442964 -0.005007896781309994 -0.02621403761724091 0.009690251270696929 -0.009470858790655035 0.012930818732389918 0.007456712333278728 -0.023024142232128023 -0.002078176403260827 0.009625318733485468 0.0040037084904713 0.0037153370296279524 -0.018568554841754636 0.010756090548382327 -0.000583270633468879 -0.013834582632177655 -0.001265606511857766 0.005637428991432238 
1.039103050862459 -0.007035783604324803 -0.004112321482409703 0.006930353167391871 -0.006830895025501817 -0.002119203015976978 0.0023783440319947715 0.011608157190883338 0.004033269590383493 -0.00863316712188535 -0.003267628619091951 0.0049043421567264815 0.005547077373590671 -0.0074607343923580064 -0.0050990574825740586 -0.012464028532121658 -0.0018430634419096294 0.0023380065919971567 -0.015376727773289172 0.0329412655779858 0.012540750754185814 
0.9934332787534155 -0.006483132571067391 0.01029283308039322 0.0028410591808571972 -0.0002718576286581124 0.014043991686257822 0.0028456230935062035 0.007319300284104608 -0.027463063401228106 -0.0036294938926291443 0.000838374159886986 -0.0007835294022207235 -0.005994458402071042 0.011995817717229884 -0.0014650194979225544 0.002281046946980352 0.014283171722483886 -0.0004302469022873103 -0.00792288383156379 -0.0036989533859352777 0.0025614812795537374 
0.9852504886911658 -0.01937473183085554 -0.004101560009426927 0.009702588287068116 -0.0021267504410384325 -0.006476809827085519 0.003615140154701206 0.0029881949677993324 0.0010264677203747918 0.01600853624771784 -0.0003307304126121521 -0.021549253226934923 0.006496496936505388 0.005095161066380808 -0.011555052266758719 0.0061949736466967095 -0.006231189856230468 -0.009821346558657745 0.003911209824106067 0.0076070936195256865 0.0049558071113262134 
0.9910943295819107 -0.009523841503767479 0.029351642394863396 -0.0063381183901620106 0.003347788600158449 0.00377949128694711 -0.0062714818924157565 -0.0014362439573209432 0.005724859670597133 0.0037035960179023046 0.00214183346547455 -0.009640586433514068 0.004207001135876665 -0.0029860889361126844 0.015990071466935117 0.0006248947917870528 -0.0027585249051498423 -0.008638734186819165 0.003380609736701208 -0.0060021160058219515 -0.007422982778698111 
1.0377072308830715 -0.008783462672175517 -0.0013600648159426112 0.016303144986278474 -0.007257711026769944 -0.010462148132202514 -0.001626214254805611 -0.00012441043814322288 0.007821683994694887 0.008728171475812502 0.0056094393506196496 -0.0013374508490723437 0.002215252238358318 0.010759034111233632 0.0033770790312972368 0.010225478847247118 0.018387842094598837 0.005311684945287574 -0.003153034924556151 0.0003351553915275144 -0.004418602696490573 
1.0269594554049595 -0.011323483652858696 0.00044185097377500093 -0.00015925340886954888 -0.014365256022064224 -0.008120662217134748 0.0043127898848637405 -0.008140658398470576 -0.014169587049049642 -0.009653583853799982 -0.0015066906159876068 0.003198549165700478 0.006642010896858032 -0.007769815448517732 0.017258034802111053 0.017699037059522867 -0.0008534721320583451 0.018951616357112223 0.012650442729877174 -0.008788697424919324 0.0218777602768131 
0.997356182853325 0.01832743521332058 -0.011260892853749312 -0.023719033773539067 -0.018659146725702246 0.013891359717999499 -0.012900172725783648 -0.006239346744974501 0.011454749329912764 0.0026434796489720703 -0.0031669663113985205 0.006352438146003107 0.007418187471415375 0.0012421708713125032 0.015880382663676484 0.0035279107069656557 -0.0018308230896107978 -0.0027284336135961645 0.0023448018083505676 -0.004030031157374547 -0.0077029490083848256 
1.0607055905801595 -0.0037572844455036436 0.013895252700001368 -0.0034410137969825105 0.013418207217666994 -0.011084172667028184 -0.0015526302965990562 0.0025868599843641743 -0.0024958221952276487 0.007800962014966854 -0.007917656549089085 0.012838924812951345 0.009101941945916606 -0.003945321778337661 0.009531354160732548 0.002280855560607336 0.01619771954463078 -0.005982077466993086 0.02109212453577946 0.014135955763903335 0.005554809187198721 
1.0270539212107421 0.013368358307827833 -0.008286809790775283 -0.007356931620124569 -0.0010462539904357577 0.003112589452776658 -0.004623742746221671 -0.013474365127778361 0.0018918376622456738 0.012371688133428847 0.015370306528736364 0.009074619446886568 0.004644500009710235 -0.004159027577300077 0.009703162619333763 -0.019847744728486102 -0.009208045553099078 0.00017665769409338746 0.014430316738750584 0.013176728577993003 0.0009255157820371856 
1.0173100763588159 -9.489663295983986e-05 -0.01430975161032964 0.006481395420258515 -0.004653477032606186 -0.0116583713711812 -0.017417859239975412 -0.01484802699283509 -0.007153089719250185 0.007854501528463741 0.007785278925477045 -0.005298120177729563 -0.007881669151224699 -0.0067878638953583585 -0.0067203391730553345 0.016480919991719988 0.00468927866061848 0.0027429881494443454 -0.005291445617910138 -0.0006069588904015512 -0.00032663458201359576 
1.0121941209441314 0.017629033134299612 -0.014493873280166025 -0.015454600680648745 -0.007677496402271261 0.006508914554449205 0.0013838941354059587 0.00807400673631863 -0.005078704726298042 0.013207386621935623 0.004605567573750467 0.012306280042357199 -0.005727041673935359 -0.010570669562257953 -0.007376740866507665 0.010677541749274502 0.009298688645284358 -0.003153993586326897 0.0018484165031881553 -0.0024609645266293503 0.005728323101690671 
1.0090920534673637 -0.020946809393447504 -0.005245760916161941 0.011203144472756483 -0.013773546616563073 0.008979308113352576 0.002840299312493759 0.015503162571386394 0.0041994786664501715 0.014256018310837016 -0.017509942121992788 -0.008559749482033852 0.01396625763674004 0.006119328742124634 0.019497695117284372 0.022497800112105528 0.009802066006595335 -0.0007486087441362073 0.008461486940003808 -0.0031140124947378754 -0.003944365038108887 
0.971902511290615 -0.002885123237656609 -0.0015353878342934555 -0.002286628832719699 0.003893574754767025 -0.00017871307026965722 -0.01294274232774533 0.01575875820240387 -0.010951204273769437 0.005468220408754676 -0.018044053102826557 0.006612555541013472 -0.0002476151766104044 0.013813292023542404 -0.00812347545995105 0.0016045383175129829 0.007207617336253333 -0.0010650709000918992 -0.0017561240169160842 -0.004890244860839817 0.007288542189029443 
0.9996111357755058 0.009363974584699224 -0.023153768056169526 -0.003872218887830983 -0.022867412301328608 0.009831053735831475 0.016139529554331903 -0.001602607275746749 0.014134832497192258 -0.008690147414552169 0.002341636508517623 -0.0007199644208922438 -0.003922591465397231 0.013768257170090885 0.012775483107765079 0.012078409327896318 0.003030483864272417 -0.013865412198813295 -0.007942617783326972 -0.009518545089362614 0.018995152097558924 
0.9404841613849216 0.008562483856218784 -0.01139807161972609 0.0012624058096362973 -0.01060092734079589 0.006012138295432276 0.01747026538034618 0.008036817480916718 0.00029632655282741435 -0.013209137858164641 -0.013811799262229732 0.004124466935175246 -0.012779163367813855 -0.010603374504515048 -0.016214650200412652 -0.0038510128407276386 -0.010600102625932398 -0.005764817728572779 2.5327191853817606e-05 0.003981141620579328 -0.00687555758041324 
0.962313097199053 0.013243705963982591 0.012412034841984262 0.007028310435826392 -0.0067709184602183625 0.013109653010700295 0.002104686755223119 0.008690788007029281 0.0007382898184844931 0.007761395032965516 0.011125403096920655 -0.016030042564589047 0.0187050170860988 0.006430680048301499 -0.009597790099052757 -0.0019853158666411877 0.0022328787948513846 -4.311993737512415e-06 -0.01045549389867329 -0.003865787354771646 0.0027018526816462505 
1.004317107408059 -0.0040505465810529665 -0.0033801950993725344 -0.0034865759230184525 -0.0011934892496431604 0.005142838095203495 -0.003559913267791724 0.002692503346318178 0.0026659244871875326 0.01733103431223566 0.0005825711419383664 -0.006977713541074475 -0.013311860329040923 0.0013281577257728808 0.013661760483287556 -0.014841583711902901 0.0017558035925770252 -0.001712326281059635 -0.009934113778455865 -0.01079785710891179 0.011583710776600104 
0.9449423581213311 0.01606611764019135 0.01288268623703079 -0.0028931822122464194 -0.007044009170563961 0.015141916353184862 -0.002329694594139867 0.0067330580483995215 -0.006228415715067079 -0.005184278517806159 -0.009411425776975376 -0.009242372735745111 0.01142149306432473 -0.004105661315757222 0.00259715200489779 5.5003961793243594e-05 -0.021236552984228982 0.0013710621477132467 -0.00916470683156999 0.009689451408058707 -0.019882982454398856 
0.9909873206405707 -0.013037290312341708 -0.017715404635171173 0.011787324867968456 -0.008410164132315245 0.007079280515081006 -0.0016434275312714047 0.0047905509620765575 0.001037702759560737 0.0032354917540743156 0.0027654601356843205 0.0047904135404757036 -0.012934709094638881 -0.02739599714376139 -0.011224873565171137 -0.01772225145858059 0.015142507517233717 0.002665996133249608 -0.010549257147423826 -0.0033201495997774795 -6.568568067838042e-05 
1.0323587362751718 -0.00960871027590539 0.007646074835198806 0.0075135739273257335 -0.0024410586749181204 0.008647413149901468 0.025432747572561972 0.012175041683338881 0.009160044287640843 0.007711546004019813 0.009873710570971006 0.0027247357094563984 -0.013341722749617436 -0.0010039880838844787 -0.0043368781770311135 0.003600330467722669 0.022587645777912946 -0.011411086146363943 -0.0007511465275092074 0.00532421365082975 0.0061921783806210004 
1.0006758580845578 0.018518105690970094 -0.0027449006258097675 0.008760288299613289 0.015452376039672054 0.011324223669019504 0.000655178114398732 0.007946528970710524 -0.0064362873368661415 0.017083954037612266 -0.002328196581493164 -0.010262083393004544 -0.0004523384106149002 0.010552476814043197 -0.010833575602467145 -0.0019004120777003084 0.007511330432692936 0.018715544469439127 0.0015029404250879658 0.009749015580757515 -0.00028085813245883675 
1.0073433692829739 -0.012801771935067041 -0.00887794135905539 -0.012570145544789042 -0.0021337602657187124 -0.022645145125069162 0.00887436365636633 -0.008536247455727486 0.0021959229966942244 0.0003414956141474478 0.0027786407137043658 0.00024076053123688317 0.007894584794241336 0.010211349275990395 0.018973490647653447 0.0038158942093411957 0.0010739923873400964 -0.001138086792793432 0.005806882580464524 -0.009187171367843385 0.001515559229412884 
0.9844804234219487 0.0156873023976874 0.0066399402231975034 0.0010434661701524987 -0.007388003699619501 -0.004315865706007907 -0.0010725009219048963 -0.0028999360070871318 0.006273862366422272 0.008331274689819574 0.0028969519046862196 0.02159385883783953 0.0034320739499978095 0.0019360769792754163 -0.015247764828460393 0.0021873592088372546 -0.009903564952004786 0.01879722764255264 0.005429886657938148 -0.0020958054439755196 -0.010816800906057522 
0.9911160741074946 0.0037856156992956314 -0.005065122592189397 0.007689874930741246 -0.005882818224977812 0.010618907725937236 -0.0011968263574950759 -2.0333759732052825e-06 -0.0016508786383715025 0.009349505561911123 -0.004903195678486215 -0.008076064952335581 0.003203687595333872 -0.00586025411899932 0.006735303179853991 0.00456968046306505 -0.009057827988649745 -0.0034929456859910364 -0.023037559577778005 0.00816106778037327 -0.009811279034055067 
0.920654502363609 -0.0005305074719315893 -0.010277976347118944 -0.006620004885065899 -0.000467464723289646 -0.00036848295723790054 -0.005113664136968188 -0.00705100545338625 -0.011483082994521476 0.006000492430501031 -0.02132061783178452 -0.001244390405780527 -0.007334234824189517 -0.01574792518736304 -0.008911251487750639 -0.01153365034146988 0.005629334903453191 -0.01368798906760444 0.008543941473043704 0.009434865069095962 -0.01654441620911382 
1.0179864473543458 5.817749175150521e-05 -0.002259863399802404 0.004128413951652884 0.008738232856185009 -0.0042893357686954745 0.007929365669285926 0.017677220547604077 -0.00040122574744612133 -0.010217763448808615 -0.008282240044058546 0.0016566486729184566 -0.003429245126504243 -0.005564723937255145 0.005946803822640607 0.003735675110044396 -0.011806428455161538 -0.003780528680908169 -0.0050064895695105605 0.0019899723972957644 0.01456408498525091 
1.0232060891379313 0.012151127564330911 -0.02631741258248476 0.010717060505036003 0.002474578388863855 -0.004558967277130574 -0.00017430693793601908 0.0051087744305356895 0.011345240599634867 -0.018852129341046492 -0.004821368284371662 -4.104794443395113e-05 0.0041427283723390745 -0.003200623222959513 0.015278804075311729 -0.0017155783040225948 -0.003976561734443989 0.004164936526342002 -0.014066160953284546 0.009540402011587597 0.0011463525038629865 
0.971810905433293 -0.000772780752503891 7.069238361666237e-05 -0.011707366618018474 0.008199704022470744 0.001688307104996743 0.00027500433155268664 0.009742155287347494 -0.015334416873994807 -0.00213454726900424 -0.008727149750725902 -0.015003304810648502 0.002422100329249057 0.013659017286152262 0.008380963901008995 -0.017020723814946376 0.003962391832173093 0.006411389877390521 0.008852283396588678 -0.0025802577175492265 0.0019123979067660639 
0.9840521946572324 0.004976484900390739 0.010037736907756268 -0.006256040075938982 -0.003548824717101219 0.005556680489411277 0.0052866800432120895 0.01772096849047849 -0.014154610133023911 0.009916998434669365 -0.0023647273361255376 0.009780445921505993 0.0026274319094231687 0.008435390143149986 -0.007029759487927247 -0.017290498831370224 0.01975387402166817 -0.0021838696967152937 -0.0005756257970440134 -0.007295262984874304 0.010397620372919289 
1.0232676303715889 -0.001713768489980517 3.643963665692049e-05 -0.013374578175319458 -0.002213525469110823 0.01882954170593599 -0.01269868784218701 0.001728123578826306 0.0031640439201875976 0.012224764588198525 -0.00013120107042266648 -0.027058568114099298 0.012497439444884448 -0.017111180164304726 0.013996750714485463 0.013218690797782474 -0.012250106269280914 0.014414713283426955 -0.006403757395158391 0.02548898886904785 0.0016780279201517318 
0.994678274330524 -0.0014466533239685289 -0.015234475426284227 0.0008506338308675667 -0.00833328319800398 0.010296805468394486 0.009354716110602977 0.01695426533692469 -0.002905676478450216 -0.005916493259447933 -0.002200571056879064 -0.005747033070845474 0.025953069482644066 -0.004698794569850197 -0.0143834572013003 0.0028960221595693498 -0.00501751180852046 0.013414503169485255 -0.00012482607033808125 0.003215612942504116 0.006053131903390138 
0.9779036841928745 0.003239801265482836 -0.005591990654527268 0.012992756536507822 -0.011023457667403395 0.0017395431253635519 0.011461991148001368 0.023287199774749672 0.00026819311656598935 -0.022709915507904316 0.006909722042003835 -0.013368378998515148 -0.011088294915432942 -0.022580690931783595 -0.00995839198543126 0.009802813811283987 -0.008256690679298078 -0.01274530137684501 -0.013183333141698879 0.0075822324749549724 0.0011452083570361303 
0.9974699200784289 0.0023711507673034693 -0.006662850961070265 0.015013196862676348 0.004902714785256024 -0.009091093072029374 -0.00031868937626983255 0.0004182457457184633 0.004375192993226014 -0.0022559859077991135 -0.007400303174358551 -0.002018949190260424 0.006127057246373829 -0.021002434155992202 -0.004715716329623345 0.011045016442438937 -0.016963387185741672 -0.0041734990412542194 0.002346103275230944 -0.004853683615366947 0.00908401063418834 
0.9898770709480518 0.007752630679915559 0.0029637918481872105 -0.002662555528608148 -0.004871216975358554 0.012983995232743344 0.007036933577815385 -0.0017685215216694675 0.00013669458253283529 0.0015492735675657163 -0.01045561077108152 0.013296705177239203 0.008980258147579896 -0.010630861978648909 0.002297852723165322 -0.006041449917570414 -0.003808396018125938 0.00305267242446736 0.007078714838816403 0.0027590449442370245 -0.008156268927999687 
0.9515148262352192 -0.014030483855174143 -0.006466886350778437 -0.00927858495761928 -0.01295987613107564 0.0051912849889165814 -0.001961527778685395 -0.0016232425706456562 0.0015543594040423625 0.012412831083364263 -0.016955489906730677 -0.012921338610938742 0.01016358699038736 0.005052346555275288 0.0036082759076238196 0.00897413516005907 -0.01186158873764819 0.005031916848637825 0.004019171446113292 -0.008672757639364924 0.0008705017709663084 
0.9810874524578862 0.007658612802075442 -0.009827046485667564 0.002300984149304333 0.0019223884689385602 0.003350567017880455 0.004139654521095116 0.00787551662247638 -0.01298598822928725 -0.004912565093563538 0.007306066014848499 -0.0032361861866581788 0.013615442712047432 -0.00879145108542341 -0.003394392344375578 -0.004950256827405736 0.0003770903154566254 0.0034102517205894145 0.004778667895554564 -0.001489223226853454 0.007326698088835951 
0.993919179630361 -0.012162205257647912 -0.0005381444527347913 0.01370415108065855 0.005443379470210734 0.014850984202351992 0.002810964134610991 0.002719910586988791 0.0009172569670682014 0.014326616259970358 -0.007779329082724174 0.007516823475786655 0.009118108434653443 -0.006590639558685144 0.0028636155402110347 -0.005916648822877095 0.0019490060058239187 -0.009793035609971879 0.003992124868360215 -0.0002453387769746699 -0.014227184820332969 
0.9564613046122857 0.005546438380213759 0.012554104157685864 -0.0070297598934980785 -0.011742415464480816 0.0040125719412557595 -0.0010265984250511855 0.0011954399076997747 0.010206114156700936 -0.0017349409573085826 -0.01625880729616855 0.002291307626431106 -0.01848432587914452 0.004811883534830876 -0.00837628841735768 -0.009417632711547878 0.005417363718902315 -0.009431996124688183 0.004322405251378605 -0.009301101594108564 -0.001789508497201227 
0.9456923975130874 -0.006619948199643459 -0.01855689605198768 -0.004338267940670962 0.0030866014669522768 0.012228234151297257 0.011629528519279985 0.008206634719990582 -0.01916120902489939 0.028076550098334645 0.003496325255155316 -0.011391648826432937 0.020461992349512344 0.0016241597415275406 -0.009982380835225447 -0.02563841699108503 0.0025787955000413005 0.0017035213571816382 -0.00886240500119507 -0.0007010906927972397 0.007798839002185149 
0.9331573948790713 -0.024770506092128008 -0.0060615539017828644 -0.010771684032393716 -0.01222538640989675 0.006146874122087696 0.00816117264709884 0.0037069939833718197 -0.013175745647840624 -0.009902208325956173 0.008069235482559233 0.0024794096547553963 -0.004059725215846126 0.018936902128388486 -0.03246286298821354 -0.012318745050998376 0.005555344024963439 -0.028979609473146123 -0.00692741935295671 0.016334165326754146 -0.004905989224423266 
0.9600634920365635 0.01083735141860475 0.010042594763025752 -0.014325158210955886 0.021030699711487518 0.0038764766401992484 0.0009342362398058838 -0.00915880470911048 -0.024973039942558835 -0.0022957814654209247 -0.007362038050608635 -0.01617043373305265 0.0006253219350528155 -0.01091473066175894 0.013727092124289235 0.005091416265141609 0.004238707386271858 -0.014855940172441193 -0.0012391304002437084 0.0018072755761006014 -0.028665413865315674 
0.9709579504292993 -0.005976405411327121 0.0055925395309632895 -0.008370356101289559 0.0035966935436732555 0.0025517556324798495 -0.0019435084117846219 0.012713768081075483 -0.00014990106005615913 -0.00630622370744696 0.0018868525960122717 -0.006106862919210887 -0.006030959581474367 -0.005731805343885229 0.00991389650347557 -0.014961572965217154 0.00987490872739404 -0.008826233358060652 0.00910005283740537 -0.017310317081818113 -0.014733422421479313 
1.022478626948012 0.006647313247725146 0.005033697574690997 -0.010475800515538376 0.0074995565145193465 -0.0025080319353212024 0.0013869032506817912 -0.01796291504525666 -0.014967383017097314 0.006480886438176485 0.009218061790772282 0.0056193711821558604 0.02286962343363452 0.011607465134669521 0.0209531292653987 0.0013048591985012736 -0.0059391968257470566 -0.01048577733099982 0.005042828356937864 -0.001410669038436011 0.00490415790305068 
1.0023368020060222 -0.014163569826400775 -0.0067119244279255225 -0.0002086640001031213 0.012451499109388654 -0.006125948692302553 -0.008962368733677447 -0.003919284144978257 -0.015051917998480598 0.011567497774619056 0.008597256589678848 0.007259138910234224 -0.004783764170909995 -0.01948838569629135 -0.023151770748272817 -0.016931733216761995 -0.002870645546040484 0.012060794658992399 0.004073833217937435 0.0030508518571853768 0.0028068991456469627 
0.9950879563419323 -0.012103599496974059 -0.004644234904889602 0.018306157809777318 0.011433474707368203 -0.007453449350011453 0.009102110497431058 -0.009565154963964578 -0.003512431978235705 0.006558631491970945 -0.0056144504341520095 0.018867430758480203 0.006482817686903057 -0.008562627226077327 -0.006149472704296428 0.0032657323806513615 -0.0023520101926668073 -0.007952544162866343 0.008193905933231006 -0.0037165142393320956 0.002161286827238442 
