"V1" "V2" "V3" "V4" "V5" "V6" "V7" "V8" "V9" "V10" "V11"
0.94374483616228 0.000967315736954278 0.00156931442513504 -0.00659075314868087 -0.00242539986013841 -0.018537697881298 0.0196736186838462 0.014445974709559 -0.0215308447739362 0.0140125373794386 -0.00965441678017276
0.968377764478599 -0.00794227460092193 -8.75328082665882e-05 -0.0180922926676561 -0.00193795499311478 0.00162121628443588 -0.0065303868710988 -0.00793442469925227 0.00405039457886155 0.0132242411828049 -0.0062156156147257
1.0401454484969 0.00573085255959725 0.00787632087079882 -0.0134308141229942 0.00691905669963982 -0.0143182794404638 0.00656176400234427 -0.0167159627376464 0.00954246847906494 0.00148762527446472 0.0124375752894767
0.948785963194502 0.00830693127284264 -0.0128442653160034 -0.0234705251514733 -0.00760087923112062 -0.0210690277457741 0.00355378967240212 -0.0184551903878286 -0.000962998207670112 0.0144984033838688 0.0113929356012109
0.96217663826683 0.00342361983688765 0.0159349126984719 0.00675314369845977 -0.000795788482828022 0.00439115248009823 -0.0123249281055006 -0.00524214086444402 0.012072508213089 0.00140531882445898 0.00726066342705221
1.02481537322439 -0.00588681094215998 -0.0164081768922364 0.000310229764927469 -0.0151017512708221 -0.016289773464008 0.00109980535628782 0.0107110358575169 0.0012719199017967 0.00267832431838914 0.0060410640883111
0.900201532501759 0.0206934767074765 -0.0116744742627554 -0.0129393685626451 -0.00292004223892712 -0.00535738900225911 0.0136667293206761 -0.00258469623447795 0.00693459307648261 0.0117346695028025 -0.0169285748841277
0.955597156165912 0.0210596987000595 5.82333052574854e-05 -0.000536408661397837 0.00853183076645802 -0.00531877816078215 -0.00876433052858367 0.0120036774909283 -0.0063900820663832 -0.00882408830788517 0.00603471978584228
0.986661372587559 0.00315784283106914 -0.00595722834411491 0.0101288916209769 -0.0149984069616744 -0.00224370920158642 -0.00530296325812309 -0.00845577928140451 -0.00916178408356651 -0.00304743954816188 -0.00262949914060362
1.10741800565376 0.00546856361548711 -0.00320349986919459 0.00646846334581905 -0.00385574735479183 0.0118243393732271 0.00168097172341075 0.0139771824222238 0.0132354249817038 0.00404741211698138 -0.00502132112782377
0.910858726837459 -0.00229302343792031 0.000845060272825355 -0.00457408222591089 0.0140095157736644 -0.00186037347577295 0.0029810795747708 -0.0164550527661071 0.0087771907952096 0.00420917574209125 8.66694739082664e-05
1.05735079897496 -0.0184976714157309 0.0012943641029503 0.00600627636877431 -0.00912443800211932 -0.00864678961217814 0.00757916509918005 -0.00458533649916554 0.0024238397324441 0.00857050109083019 0.0115985049732307
0.992544226900789 -0.00449241347019536 0.00344813889136524 -0.026980777515564 0.00431840086445454 0.0133022878330918 -0.0134049137617418 -0.0212453034701527 0.00106124878524113 -0.00316113235487817 -0.00847666664943883
0.937465388949154 0.0123579935208163 0.00957229044379612 -0.00815229479666556 -0.0121059172433917 -0.0235273533662579 -0.0178297388722868 -0.0051913299634664 -0.00501966925133162 0.00690151117822176 0.000895870885547648
0.990185835450703 0.0133041699319689 -0.000525813246171685 0.00775441054789775 0.0141995622550854 0.0102495243439439 -0.0258305016819372 0.0223959956855593 0.0135579854604099 -0.00207551915818397 -0.00372049844693692
0.98490729449336 0.00166650517025949 -0.00412613723822189 -0.00214337138503173 0.00225552997271434 0.000755277262791523 0.00262106675926769 0.0043660819180474 -0.00509814650287055 0.00240960125197613 -0.0103913095725261
0.96528901232534 -0.00178968657105326 0.00756319474636702 0.00475578306535251 0.0126713736218391 0.0145264102454571 0.0162336119022722 -0.0125471306508815 -0.00545135159227436 0.00941975422314906 -0.00948000178036832
0.911053897035534 -0.00924935224531108 0.00872648569456512 -0.00593182258277926 0.016400536963343 -0.000353506035575606 -0.0128740445048996 -0.0219108521441371 0.00504493311985372 -2.08659744210073e-05 0.00223153260927094
1.00855488826107 -0.00892000342937808 0.0165357895528133 0.0157549156908288 0.0086024233185514 -0.0224041876503582 0.00856450883889447 0.000944107847264418 -0.0123183567755643 -0.0139998253664385 -0.00548275786406438
0.972919427099807 0.0131548353649601 -0.00484468765987837 -0.00115189312146772 0.00581556781229676 -0.00740373577765388 0.0101414621716763 0.0136055861962742 0.0158389517872008 -0.00279739282158559 -0.0152852274589882
0.988640802850226 0.00160459963339485 0.0208994082738214 0.01121058776827 0.011648869086614 0.00957209068383203 0.0110060499368391 0.0212189771741241 -0.0141195529889688 0.00219379563283908 0.0140296662775444
0.993975943010314 0.00959982320585591 0.00931042220232131 0.0202496203899871 0.0126535590543568 -0.0108779990081689 0.0037960907391294 0.00670177838375984 -0.00410449510681468 0.00815555302664876 -0.0133503371177283
1.00663549476393 0.0106993065375092 -5.86986027787665e-05 -0.00348027344422733 -0.00440929308206691 -0.00283436971393191 -0.00130698813406973 0.00232467685862963 0.0183065152760547 -0.0144154556605597 -0.0040499048656142
0.943546683960765 -0.00767370698146064 -0.00230369192854991 0.00216184319514328 -0.00443252120186422 0.000311180583647542 -0.0025431132987822 -0.000907419377956354 -0.0118663051714605 -0.0141149027255638 -0.00363329691080736
1.08854399164395 -0.00995279272525645 0.00295300777412425 0.0179679394343352 -0.0031972186327107 0.00768522489885051 0.0033893834535053 0.000476274503653671 0.0031709690145434 -0.0189863385349589 0.00938408032706498
0.891700392210838 -0.0163680173645061 0.00959430849931612 -0.000344982809310511 0.0204832498636171 0.00526881942288121 -0.00435634255331953 -0.00478383372494305 -0.0101396468348364 -0.00247334302056814 -0.00602216179630029
1.03714047576662 -0.00489432713718682 -0.00956222779545808 -0.0103711744553464 -0.00555522849253936 0.00611093898041062 -0.00901456358022239 0.0142611412039542 -0.00379239754036747 -0.00333320183308174 -0.0165900720057122
0.981837938739697 0.000762817957795454 -0.00899868887286116 0.0129304250724981 0.0103801242381476 -0.00481460035041916 -0.013514631227986 0.00355010601908785 0.00050077111429514 0.013391965423861 -0.000508947363869626
0.992024235568821 0.00290380064351079 0.000301533870261432 0.0083420961922805 0.001668756588898 0.0106331104382251 -0.00963663968884659 -0.00325948015198929 0.0059727943024855 0.0105041374730738 -0.00934576803638757
0.926394676698303 0.00100551190549184 0.00583528586294006 -0.00526939741618472 -0.010490236737586 -0.00488197518418376 -0.0115224612440828 -0.004252045119319 -0.00938821326378481 -0.00387251546535961 0.00369020331267602
0.90466324972064 0.000763839061768755 0.0179078243443946 -0.0209092907997563 0.0130413686401593 0.00824901862689993 0.00660308181135143 0.00318134381343062 0.00891072929155795 0.0161733768037643 -0.00571924222079656
0.962091537280146 0.00426834493713145 0.00140319558991279 -0.00142357090962505 0.0154173881894569 0.0167251621103665 -0.0153449597809563 0.00204424549403942 0.0188368451986228 0.0176092913810093 0.0103302340132221
1.14056614622844 0.00900558724987691 -0.0185021776761431 0.0013298811736296 0.0017617256242966 -0.0100252417208412 0.0174960942695385 0.0204685786963034 0.000202619598296482 -0.00742306576704575 0.00134140245840825
0.954984388992048 -0.00865051992070519 0.0255974253439937 -0.00498790377977317 -0.00838956737586128 0.00402862559082458 -0.0085628686696838 -0.00544173559294486 -0.00551812095846474 -0.012197469049796 -0.0152521982433428
0.948365242110772 -0.00540818147705062 -0.0164057433686136 -0.0146911227694526 0.00918624778920236 0.0102516621255887 -0.00962594992412363 -0.00844213277429491 -0.0243545661249939 -0.012199435508142 -0.00601465679698934
0.951531425350663 -0.00209520666007171 0.0216542122958845 -0.00623793542254667 -0.0179449509368383 -0.000358702327415673 -0.00203374285238263 -0.0111144831540746 0.00365643524729098 0.0102484811608105 -0.00330585725449714
0.966029339097002 -0.00295290366700725 -0.00933330072233955 -0.0106830448843625 -0.00593929872017626 -0.00453231064955244 -0.0146245670119232 -0.00793453674890515 0.00649813126000662 -0.0189623125737313 -0.010453746867162
0.975574111724243 -0.0131743806798716 -0.0122413950252918 -0.00168501785938255 -0.0127842927209184 0.013550759742761 0.0129845571849629 -0.0116118858861094 0.0138129715627575 -0.0137419208226977 -0.0044257407794996
1.01846266959059 0.0157315713380972 -0.0215431184916237 0.00892622760367622 -0.0130398534095364 -0.0143158109642032 0.00356726099301921 0.0011582486543271 0.0141647291556008 -0.0210189961299717 -0.0129526318503411
1.01089153102784 0.00438834520993674 -0.00474456046651632 0.0138890373552921 0.00586255936391479 -0.00784110498082047 0.00847545964638578 -0.0130054422541072 0.00590218255398252 -0.00441852480376849 -0.0118519178302689
0.97125766678621 -0.00484426550272942 -0.00573277636864868 -0.0116543714058982 -0.0010505802369244 0.0148382372269567 -0.00179575993792022 0.000659789257021923 -0.00129260569050354 -0.00168730234954079 0.00289653326184502
1.01024541954729 0.00723220567261496 0.00158622502593498 -0.0174900976627257 -0.018417167677183 0.00954737458203771 0.0190706773328399 0.00805514643294754 0.00595413916325681 0.00799603500057499 0.0127098919549859
0.977327587417107 -0.00539152963171804 0.00478290348275888 0.0274776584282796 0.0091570257810623 -0.00178619287916447 -0.0192183245082061 -0.0137469913146886 0.00856803417682491 -0.00343922851207233 -0.0207025147476026
0.906524251278427 0.0186562663958874 -0.000635872785654568 -0.0241941633054099 0.00681564359959972 0.0100597324676079 -0.00921881912016443 -0.000667868284955046 -0.00702723069752654 0.0260082207103054 -0.0202408864326457
0.975966200631008 0.00233789429115869 -0.00793173797561612 -0.0113423894338158 0.0150267479441865 -0.000902359167238263 0.00461612846931265 -0.000375021315762477 0.019073988152732 -0.0151776675015938 -0.00239273822509381
1.01517143062402 0.0172175964117256 0.00447365077048172 -0.0147696749274677 0.00353466074010816 0.0178484095388588 -0.0221726032805023 -0.0111418082981127 -0.00724706076692356 -0.0183766561641783 0.0186844186060332
0.973526185465782 -0.00144606893645973 0.0101507978638195 -0.00228467304133867 0.0248376907610858 -0.00744795430927512 0.00701269529602846 0.00834252081092003 0.00687479723499853 -0.00190274898334329 -0.0187150292189874
1.01137200206046 -0.0134145773336364 -0.0102955720108902 0.00922691868389098 0.00604676796128473 -0.00523269229531026 -0.00457913167047571 0.0117120836248557 -0.00146667090450835 0.000107075452473582 -0.00201551721722093
1.06058664062024 0.00586278738306184 -0.0141555663380069 -0.00663758385552068 -0.00065231441918923 -0.0119609943830175 0.00205803852837091 -0.00219085300483928 0.0111691359055317 -0.00806440642409383 0.00924686930507761
0.990281592658967 0.00560767594199896 -0.00501095174527947 -0.0228013302163188 0.00508478549462578 0.0110440549443275 0.00620893256895968 0.000521823236595656 -0.017019846511204 0.0152201913723349 -0.00717954073256871
