column1 column2 column3 column4 column5 column6 column7 column8 column9 column10 column11 column12 column13 column14 column15 column16 column17 column18 column19 column20 column21 
1.047194547876083 -0.0012150335550816507 -0.011966106857516123 -0.006373475463023102 -0.0005699779439418272 0.011508881539560896 -0.009532455163063199 -0.006977336733604986 0.01021828417869826 -0.024473598499825215 0.009185053554459211 0.0059702819038497945 0.014745906473111543 0.012550402321246679 -0.017474018442501033 0.012646197805447429 0.0015555754271737898 0.00569643722572632 -0.0015658027561083543 0.019777442015595004 -0.009935315136223874 
0.9978636107821878 -0.0008545516316372307 -0.011807553951420871 -0.006359316238361687 0.015313591995041894 -0.004664642182208608 -0.014462826882262567 0.006611583711316057 -0.00532059741257988 0.006366209754301739 -0.021574004375592412 0.0007679524755172155 0.016116606439301594 -0.005493019906087532 0.00029071119360970105 0.0024562397952806172 0.011238257297752595 0.0003146922632084837 -0.0036641889900448405 0.01025613072492847 -3.143364753062244e-05 
0.9672354098122727 -0.015553538799059647 -0.002192193158751861 -0.014777689689662745 0.0029464226716282814 -0.0020847876841322732 -0.00173729193181952 0.00858323627095812 -0.007162263365696288 0.006852800032385773 -0.010281721161602477 0.014067337733273677 0.003621405549514916 0.006132670015288308 0.0007794503069395604 -0.018977447358809966 0.007479695789237392 0.0034686806211683707 0.008645398763678872 0.007193176990537727 -0.009386052458867894 
1.0159864576203619 -0.004850433382362215 0.004843890443598813 0.00675520301070844 -0.0047064120061264736 -0.005470574244767149 -0.0043563374402973976 -0.006652319528394017 0.01240234258326126 0.007786618204551648 -0.0014695286411147905 0.0009318382351057021 -0.0006744718726416735 -0.0027707568483772487 -0.00755804657164719 -0.0032973671754006196 -0.0016572117131963457 -0.0009769243919348913 0.003125250416187503 0.013776242623629805 0.000513989980286001 
1.0615784867868268 0.002283491312267405 0.011484992059264813 -0.00277579137292114 0.003121767304653929 -0.0010059144348460408 -0.010028876252434036 0.0013175263744571637 -0.0027730930602248433 -0.0061488938974614505 0.021045347252522013 -0.010789009424933516 0.010362773147353508 0.009876119108100097 0.009896494742096236 -0.012482389328669198 0.009084437040828114 -0.008909758740358431 0.010540689522572633 0.008564199141614433 0.006969244330443479 
1.0159557552735345 0.0037152517907153145 -0.006818623717653062 -0.010235891345261152 0.0008173410683949018 0.0110064355770796 -0.010460931030131885 0.007628894311747144 0.007077890577714741 -0.003931842416818327 -0.0017502689008258721 0.009329581152946789 -0.0005926271247051538 0.01191086261587047 -0.014793918241665299 0.007931707145665493 0.012759857205419152 0.0032638868974625285 0.007854733382024005 0.004131793680475752 -0.0018060164049466928 
0.974938812927621 -0.002982802981873353 -0.007181034768775985 0.016844227205941597 -0.011743843421533973 0.0004083727494861198 0.01606736256118474 -0.014107813083754342 0.011671194502173961 0.001562252581639088 0.02026737031899101 -0.007023480297546938 -0.0130885033854222 0.004553159702479211 -0.005401153121913916 -0.004515453128261484 0.0015240380573525508 -0.007839861248673995 0.01561496499996181 -0.00970698373623646 0.005360250183809138 
0.9614523392083728 -0.005343134393743513 -0.009784753480979295 0.00224399101986168 -0.00405560222665692 0.0022514657007123144 -0.0005882695859907188 -0.008220840147822272 0.0009228208067762882 0.0030531703421472047 -0.01336376564252918 -0.004255405444143622 -0.0012794732329947291 0.0031267772069675883 0.0024012835148037046 0.012324406193226443 -0.0038283273684617852 -0.006299923383851645 -0.007132906171746714 -0.006737648040051846 0.011455134535309575 
1.0048947938246393 0.005365184313747444 -0.008854673674580215 0.00848810865378191 0.01373013722099162 0.016994688421329337 0.005313177159955276 -0.015222922179000826 0.014192503817392845 0.016194168218132552 0.003751535357259513 -0.015328952526701006 -0.00776828568954301 -0.012637051522759879 0.01229245366116721 -0.001985966585009941 -0.007537334627529771 0.010063657406762133 -0.0093625670636634 0.011013134172623222 0.0043370587994316 
0.9726478115615202 -0.026174652015783714 -0.01698075817825367 -0.0009846367137348014 0.003031312648932047 0.005021227369577873 -0.0022600886210738026 -0.007463337546548613 0.0038960772835020673 0.010806141686644991 -0.011233345586264718 -0.004420635146435743 0.0006230667549559349 0.014736547957612202 -0.009061711724321212 -0.001291643074021929 0.011006624170992267 0.0017131526836267736 0.01310969220672617 -0.008776527419606883 0.0032043380318450172 
1.022278265758632 0.008951301532248055 0.0051332518511864504 -0.011673825147788806 0.01935517832328137 -0.01318590867515035 0.011072993914600641 0.00664816185209139 0.005095083707789145 -0.007159208135491797 0.007337740643199411 -0.0020494964814948163 -0.001175215632927768 -0.01833366045764087 0.01605276637538048 0.0013393630874401186 0.009218728937018385 0.019675562237944273 0.0008506639315005179 -0.002070169098381338 -0.00469866460611922 
0.996069970624256 0.004176876960589531 0.004987762629698431 0.005409011784800473 -0.009664190847004204 0.004212692559646857 -0.005272553200061077 -0.0041013496802587285 -0.000746119143702596 -0.0058885842207915505 -0.007751952068405798 0.008924072235838213 -0.005486550075769488 -0.010220307406352182 0.0047180008353856365 -0.0008196838295514787 0.003504125741467418 0.0033047392240455904 -0.004416173847506227 0.00668429538824568 0.003092959804377135 
1.001454116086322 0.0014493101438987869 -0.005835690545972707 0.007075578302222079 0.007330504785697164 -0.0027673360254460845 0.012215807114756248 -0.002751674141325814 -0.007198924478195805 -0.009290893220516015 0.028234868749635128 -0.00787394727841054 0.007758829260681345 -0.0024639529290983496 -0.006240457771668988 -0.009877299380123753 -0.006207913534854443 -0.01859944482661514 -0.005147313221428785 0.00022238464076917815 -0.005788204777685783 
1.0119348302095206 0.0021645194258628794 0.0037553683382473024 -0.008304941408310444 0.0020493514800302964 -0.006959036773019551 -0.0006585226901924917 -0.014062277840911614 -0.0007720798920149733 -0.0042058745078154035 0.000577766554825598 -0.0037612037457672586 0.006734408146062092 -0.005724111154435932 -0.002073157086476736 0.002594634450531322 -0.013751797123912517 -0.005622086066370832 0.0015043680470787895 -0.010158108300114266 0.01431101891347896 
1.0181878954950727 -0.007913900160367566 -0.011409614809438114 0.0025283430432708606 0.01357758869253496 -0.014166470602574538 -0.0007939031988763454 0.0027520564101518163 -0.0004229218106660239 -0.012990006717007544 -0.002596838322265298 -0.002737573641180823 0.013246752644815334 -0.00814101008195132 0.0021083886858058367 -0.0045431254742292525 0.0004271428702050837 -0.00018938288963967398 0.004538834559386858 -0.022750818250465175 0.0005620391661838701 
1.0666832592525395 -0.007079815030762698 0.004282829032103614 -0.008181798938388142 0.01651439176639343 0.0008698509819704015 -0.0077509152485111515 0.015398140692320131 0.010288059685647983 -0.01135096582215992 0.010832532766460044 -0.00873776479966408 0.018773290395760214 0.013553381713654767 0.0025735891371357475 7.59177123069996e-05 -0.003609040547679367 0.0079143887422958 -0.0037979639074388546 -0.014669386989060442 0.004307137164642943 
0.9426426650563821 -0.008105450775628307 -0.0015620028462468606 0.012920733949325048 -0.015077567981093264 0.00231897322978708 0.003552976039018088 -0.01511451076342917 -0.009668677034466604 -0.0008819974913196099 -0.0019061288378799802 -0.012474625028018434 0.006661322192202891 -0.013783167269327004 0.003647055630828597 0.0025686560233459214 0.01543676071853976 -0.007036156157318539 -0.006583336388049011 -0.006862956365414221 0.0022371642211306284 
0.9498503620545867 -0.01179528946965983 -0.003605082190583148 -0.00528170362180177 -0.015932993495957577 -0.009824880295699735 -0.008984144893643685 -0.00926084612887438 0.009444163236345386 -0.0012184482147374926 0.014490902463737625 -0.008896687058622885 -0.011061545131867101 -0.010739430112686951 -0.009097999626551752 0.006603161579544498 -0.014671270895163221 0.004309640370262672 2.9884205269397712e-05 -0.00909616922830076 -0.013870659603303661 
1.0566189530995103 0.0038421745105070883 -0.00701051074532994 0.004134474107062785 0.013816438646004714 0.007155043863009012 0.0017177310391106129 0.013826661813797 0.010991643807026337 0.0017375189790253271 0.007465520784439388 -0.011431058803357534 -0.0017267583824236927 0.008543148305263317 0.005616002292155501 0.00888344011042555 -0.0019528980495612358 0.012601132617603107 0.00720848792223646 0.008822545681747403 0.010186493733622886 
1.0299063749189483 0.006653063193064229 0.0042684378360576735 0.005001590027844428 -0.02226573039216171 -0.009038990303325133 0.00011811120638421096 0.007529268918987296 0.012846586907286735 0.0058718979960179695 0.002264590232275541 -0.002836679654813386 -0.0037811477481426844 0.01562660897123197 -0.0057895928983344785 -0.018642317934655 -0.012422936280997637 0.01113026062272833 -0.009025996528372146 -0.013661807811412501 0.005125088838228074 
0.9903624109134218 0.0037312440597678364 0.010321551206980736 0.0035261265592668655 0.007946898056180252 -0.0012769957131874572 -0.017856621346668013 0.0012062249286594567 -0.02073086169671599 0.003922284440894491 -0.009896811713676717 -0.005114848912082263 0.011030248221512802 0.00580386603576731 -0.0020779139038265464 0.014200296203800662 0.005968461646581408 -0.00021721132305075762 0.013976275748192154 -0.020018819376488133 0.00013991962149685822 
1.0227983885424776 0.004821962569759503 -0.0023650002992590116 0.0032612586186046423 0.002958319266136046 0.009088440055620072 -0.005286235582054353 -0.012629295972161829 -0.0040217129113309154 0.0016640526980110993 -0.003726920568385068 -1.3282997727459708e-05 -0.005226928916209474 0.006520506511480375 -0.017405036611859267 -0.0034167414489014365 -0.002995130271074547 0.009801948109731765 -0.0030876286869426107 0.002520628588117216 0.005666766538765943 
0.9960125212610548 -0.0038385592155771725 0.011142337852659086 -0.003793423700830645 -0.004332266684232143 -0.013965784249478173 0.004175753937571294 0.004024071182057734 -0.005532869763777953 -0.029096575845179832 0.00899147152831417 -0.007417894200066022 0.0041843375263742166 0.002555222849131509 0.0010921493519801366 0.003332427460750904 0.0045259936800728885 0.002995419332687648 -0.0014913431813673352 -0.008155965813709478 -0.003636730465395116 
0.9724219897617111 0.0015682872477082261 0.007454348777491547 -0.003635755161294057 0.007277585118166693 -0.011353717712700294 0.004153882933809402 -0.0004326994323296314 -0.011284247329863169 -0.008627543325124816 -0.0070505003330740505 -0.005917556568272228 -0.01116737147471801 0.007279012785261855 -0.016359178302287312 0.0037439895818446103 0.0039743387947066755 0.005201011412793547 -0.0057005002434678135 0.0003027069189302918 -0.015487178330195632 
0.9909972826429644 -0.019600876138248624 -0.010791371232725324 -0.00933928612757156 0.0012644732920673845 -0.007412690895445983 -0.010053342239430049 0.006095586921380193 -0.0005943011363138359 -0.005638181973537327 -0.014745725274847972 0.003521834163539612 -0.013470473667653884 0.014655210855778889 -0.008897865908103323 0.00466914112703297 -0.006659079378365768 0.005285025260102199 0.008773644067282153 -0.004192159162945778 0.021010200575664998 
0.9926006832422768 -0.0021853405662648905 0.017355152656007945 0.004233917333875437 -0.018057272748819783 0.011681769545268878 -0.0031916034992180544 -0.004998187522998881 -0.005386247197645442 0.006289696974961639 -0.009538949018411574 -0.00666453736926027 -0.0020304993311979023 -0.0011533919715490215 0.008629684968681411 0.0013520268888990705 -0.006800076963752071 0.010673977841196476 -0.013125192758735282 -0.004585617524162728 0.006490886220961656 
0.9876182619210542 -0.001677837765996313 -0.005864928901553434 -0.00344166121385122 0.006267157561314196 -0.00281618045259371 -0.008389125920005762 0.014544000991018156 -0.011799691774934805 0.005130900158719935 -0.0055645581100148955 0.00984980367427603 0.008374273595876934 0.00028786378584540537 0.006023248287236883 -0.017197179727687348 -0.015444285566400335 -0.012263047442563318 0.00031420105506101316 -0.008536254418804807 0.014634574530386687 
1.045815205799066 0.0020054952931935067 0.004917990065882562 0.013008541907907291 0.020209031836345433 -0.0032748257855181122 -0.0001305924959909774 0.00202196871274866 -0.0045911113777997725 -0.00301974326834982 0.011411021625191753 0.014932671797434972 0.008001779712606391 0.0015545004140012375 0.003334863510628206 0.02113737659936035 0.007499530918286812 0.014095780035597801 -0.0007480720429289411 -0.012680033109270806 -0.020038849558625563 
1.0242396214713148 -0.006799001297393628 0.021677393513813818 -0.0026094634340050942 0.02459548601261194 -0.00766245989885483 -0.01914192892961215 0.005938321410238653 -0.0062787137834293925 0.00025422078054838226 0.005374086935390531 -0.0036507364855177344 -0.004769256714027787 -0.0035169077882387474 0.009818259459743918 -0.0033166931851053654 -0.008003326056345428 -0.010890244144569534 -0.0025024963842293236 0.0024229692335993613 0.0004862836176408282 
0.9573191719808032 0.0014403658579361306 0.012785539890315386 0.00601286297141527 0.01199799778379149 -0.0024406468860113705 0.0032679882681355956 -0.010203152624199376 -0.00961908622920283 0.0016510824187061202 -0.007452531278762421 0.00048136778802391437 -0.016741184029143805 -0.030155921334011394 0.0017079310900412492 0.013772802245398862 9.815945982835915e-05 -0.020656323103028586 -0.020835394263109656 -0.006120231318853138 0.019079650015875867 
0.9619832227620962 -0.005113065633156732 0.006661052548829977 -0.007151797094783334 -0.0015469611273015175 -0.004675332105912851 -0.004622145974116596 -0.006678366585573874 -0.017745177305069776 -0.016874386932417024 -0.010694336153124553 0.00992352653279714 -0.0033524930668727337 0.0015948316040779193 -0.003922881305633823 0.006374238786634167 -0.0008354494535124689 -0.015797738305228223 0.02297086566107977 -0.0020277569183496462 0.002437154758287762 
0.9439632134828968 0.005354502992371355 -0.009649418858811938 0.013883363058445437 -0.00848107968355876 -0.00562717834593594 -0.0036042302043950915 0.007127414674181602 -0.021145977742451774 0.007652474691296679 -0.008100075687280611 -0.014976557450046118 -0.0008595666865332653 0.007732590330597986 -0.017488921175296643 -0.0003387234070977593 -0.016539333642497787 0.007357062407138729 -0.006879865879735564 0.0076852250001874615 0.007675883583449772 
0.9978571948360687 0.017847793489934972 -0.003590348196286723 -0.010841880817179086 0.00493196925643326 -0.015138080317458657 0.0018057469064356128 -0.014156731081276774 0.00017588902898085925 0.024113332226957815 0.0059040998514225404 -0.003647543172059768 0.0013370851719789255 -0.007695024298975542 0.010095513947108468 0.018416098985497557 -0.002785109143140339 -0.016445564758850666 0.0006648516193765484 -0.004130986440160844 0.008194364434815702 
0.9828724573789449 0.005374648850445216 -0.00832133184716145 0.011547333553988116 -0.008421957848962238 0.008233743885395531 0.004429202888012356 0.016056508350714153 0.014736007827847716 -0.01657715862502027 -0.00666657111677603 -0.005165129330028062 -0.016527101655186054 -8.691733846034552e-05 -0.006609308499436818 -0.004195818078699533 -0.0007399033282525384 -0.0067671457602095225 -0.0006796870548990884 -0.005042935497169708 0.012516379469492162 
1.0029985982400453 -0.014752996243446899 0.0028580079250633077 -0.0008201328579361524 -0.01830857691676317 0.017172568237047065 0.0012135066108051092 0.005241617780106083 0.006766336031823183 -0.008552289881937715 -0.01105497573024783 0.009735408866806895 -0.007720423285832626 0.027292978756736353 0.0016668153110530278 -0.021255663307518904 -0.02380609775651524 -0.009513124753454519 0.0014092584481882576 0.012939749119207065 0.007387295679450655 
0.9991960510365646 -0.016240852075651294 0.006031026789677979 0.0007133807613259086 0.01834473471023705 0.022333311628761555 0.007989010905003013 0.010127117474396522 0.004455389573449069 -0.015218538182510764 0.009713158262446588 -0.014871046967059771 -0.0076410643183572845 -0.007671567595565752 0.0022475932333928263 0.009997313110173956 -0.021293708542594898 0.002231348547154238 0.012001457472895175 0.019109949477680525 0.0026538467733113274 
1.001396641680341 -0.004784192055658071 0.0014286195109811395 -0.0007411500371702759 -0.002672464990192597 0.011779408667169325 -0.010146395014244096 -0.007790599090193433 -0.002567901731346492 0.009466673511441773 -0.009668616541327611 0.01212908075618448 2.1794082596522383e-05 -0.0040910790254316135 0.021835697980051184 0.01594218278607105 0.012617565203716112 0.007625297931711919 -0.019729588818071693 0.0037229312847508658 -0.0015711364396597 
1.019536609176329 0.004429290783881019 -0.008047222392151688 -0.013384855278371063 -0.0031275415755291735 0.003641567294983478 -0.0062586214328051015 0.005116912433038675 0.0087146907670273 -0.008469046104617127 -0.004156676968887338 0.01722024099712299 0.030874928530607044 0.0004360853140408234 0.012761508008465275 -0.007064529489685761 -0.01225489183056378 -0.0068778914897587055 -0.014590531416461675 -0.008756901582621872 -0.023468037736488624 
1.0012208912499174 0.00014894850380133082 0.009008085493602807 0.005471850625496772 -0.00413245852698602 -0.0015706976897773154 -0.0026522091438600103 0.008766827554487893 -0.0014776022803210458 -0.010496505839740352 0.0018491879508071103 -0.0028771128431584626 -0.012477785127256566 0.0017796913835053693 0.000960417528067796 -0.0017401150937571175 -0.010893442793229718 -0.0013111420418169132 -0.005297475246539069 0.0036000847783270668 -0.0014319316275542935 
1.048330763262709 0.0013448075814761998 0.00684492982868284 -0.0007556735813548187 -0.007280248627528911 -0.012842128981140795 0.005798812720074264 -0.0013691805665665964 -0.002597572104149718 -0.014312995030845429 0.009397261189111368 0.009912997024641311 0.01425208741183934 0.002052889749402979 0.0029437714014409785 -0.006906842373249995 0.010854533237688624 0.005503922556388797 0.01699044055199428 0.0034565761964742937 0.009138081301196753 
0.971502702769587 -0.0018229637707803741 -0.022474990046010813 0.009978836684116945 -0.01158604917389243 0.012464648113061418 0.004488786554298683 0.005752461687284355 0.0012212041588619198 0.009891106215686243 0.007832081252360483 -0.0024352038472144444 0.0013960886173242045 -0.002452920724527822 0.0015291419237337942 -0.013142926130665257 0.01127332919860983 0.01328512915776864 -0.017156579706090365 0.014087050105832482 -0.006869104680206291 
0.9503133662795368 -0.009679425630435473 -0.010057056442139625 0.01955735796563993 -0.011328938394428875 0.008049472827803742 0.001119311290848712 0.00011130894403966788 0.0013745100880614887 0.0144054666650657 0.0034562841986499923 -0.0008968537725906046 -0.0032982317581255255 -0.0043800213958768725 -0.004084320435828339 -0.02000655595880314 0.01597211586228243 -0.0068839579622689715 0.00597753032889723 0.003032152576822219 -0.0042429210303885625 
0.994239366113627 -0.012213622292944542 0.005136162963249468 0.011312760943126408 -0.01695418239845405 -0.009971040272505212 0.004276174643842506 -0.013837854084539122 -0.00835413646355111 0.0012068339260610187 0.0045810271599722166 0.011440407772295134 -0.0036610420747951516 -0.0005031456460384997 0.006291722448658672 -0.009461979299925259 0.005361874916409932 0.001630234563694953 -0.01697941638292546 -0.0027033813399031104 0.005339437086073508 
0.9714208077200531 0.009031510144797476 -0.004235410572867995 0.008725040730793672 0.010587181781674062 -0.015183188989941735 -0.0046469544470848605 -0.005523895464792267 -0.00716342130360657 0.012235192412683582 -0.00900251565961741 -0.004870974029139462 -0.016963808554104086 0.008817954334972115 0.01555254984785159 0.011909387887531174 0.008309618689923874 0.0012750409931315927 -0.011149747835444068 -0.0030450191557204343 -0.004665616583014185 
1.0068126937132063 0.002288909624349483 -0.012370625421486377 0.004302387258987414 -0.0004124289309237407 0.012221561810619655 -0.008730643405731568 0.012886108327194367 -0.0024244579879319386 0.024757676667335953 0.004466882297189844 -0.012793851324718155 -0.005470927234041647 0.0043976314912664025 0.014111839840568892 -0.0037947493156950817 0.0028650172207088753 0.009541774866721925 -0.011406980901338236 -0.006441156982014254 0.007585186642936062 
0.99152220197696 -0.0012945089438281712 0.0036256703161388795 -0.011020441742136653 -0.007715838677104552 0.002776760295749094 -0.013614762032499233 -0.008854267665059569 0.0020757458366791734 0.007733749095760168 0.00912265478203681 0.014390610950963858 -0.001083250842994582 -0.0039651267988246135 -0.0008993798526244911 0.013015688012673048 0.017221671813469733 0.004009933605576608 0.004534477097387225 0.00039750931519588046 -0.021983946572588512 
0.9780060996087503 0.007336684753032794 0.0003672108163102188 0.011513451711475577 -0.0002473910561798462 0.004561548385524721 -0.007956037132053152 -0.002356944730470678 -0.007406682871486316 0.010809322414844806 -0.015826528605258853 -0.002413009021472697 0.003631002165345723 0.007780951201113075 -0.014024849504965027 -0.004730692085043185 0.0014704967563692625 -0.01123467037007131 -0.019390066755372592 0.007537875786621028 0.006697252499429151 
0.9482232660030276 -0.00689547690029447 -0.0034794827917668 -0.012438663009364543 0.007930607650068512 0.0016248782237827705 0.006688658642235032 -0.012333191482882113 -0.003835701073633729 -0.0039010663864205712 -0.008813965033916037 -0.008070271740185906 -0.007525989093375144 0.0022637129182945144 -0.011412282804656783 0.010314748271294418 -0.003204031394922811 -0.0030541138974103294 -0.0017396788144806194 0.007547672455546693 -0.013962783708911929 
0.9683485283831836 -0.006699146210314103 0.004178686224544194 -0.007882946237116734 0.007717957560740529 -0.0032146235572280747 -0.0014790403349625473 -0.003074053461495023 -0.0015234129484903458 0.008614944536170312 -0.01407387581087935 -0.00841851733086752 0.005147329887268657 -0.01614265116264346 -0.006577781718880804 0.008200789138671432 -0.002286703351077671 -0.0032746537717697343 0.005881820860117612 -0.0013289213367394938 0.012300219373817436 
1.041632204238956 0.013104120106087613 0.015290020452407614 -0.0018318182521077544 -0.006795010250345218 -5.044017326275586e-05 0.011706590338661343 0.008629200198508718 0.008638307521443627 -0.004650832133271478 -0.0034595239840503355 0.01832244497528017 -0.0012311730369879285 0.005108363585134441 -0.008731641354857217 -0.008348614662074358 0.013743276647176464 0.0059363346440738 0.010625403182857315 -0.008861517008935327 -0.013593012541014528 
1.0438157675714617 0.012243880813224778 -0.011678404981351906 -0.00908501321908974 0.015130966505070842 -0.01081796343904722 0.0033537103640896215 -0.006195651870454106 -0.004667971171073715 -0.016031255786189837 0.015158979135234273 0.0009682888982969083 0.007843931278339935 0.002326072623309946 -0.0026288269335184413 0.01607015813695202 -0.007623856699860155 0.013164507325531856 0.005063321673247198 0.007221630911991206 -0.009161627582578472 
0.9813599740479334 -0.0052226748044626094 0.01845161733072805 -0.00856346526750509 -0.004641388271015115 0.003918608037792999 0.0031137434114071045 -0.014230795974318339 -0.005137655884708132 -0.013246724036550105 -0.02215483525939695 0.011843591657493952 0.008245743086485461 -0.0054522528251953395 -0.01763122500571616 -0.003331434330670073 0.003203678758817744 -0.013739654447818673 -0.012181097346933376 0.0023767633157980765 0.008310367196536874 
0.9637408668509119 -0.0008119229935650289 -0.011691837648404868 -0.005833308995437725 -0.016117093836656406 0.002374016385605238 0.0017557662357773867 0.007057236481592158 9.695445732889533e-05 -0.0008166983401874273 -0.005408814138461386 -0.00290112556811958 -0.005304899986913572 -0.0014097471868841536 -0.0022289323178064356 0.013045540231851106 -0.02195382125273378 -0.007193588723290238 0.003710619942670917 0.020929131290045585 0.0023674921585511753 
0.9891479300597139 -0.003335349845175865 0.010057467330909542 0.0019958216802305343 -0.010538311876821756 -0.004167432721051619 -0.0017685132283587277 0.004154041806385102 0.004620123878017174 -0.005641565599767422 -0.008463027957418162 0.006223770217147354 -0.004070803127047642 -0.009647653451538878 -0.016308748599341578 -0.00909023132268594 0.004305207942504718 -0.010902032815011373 -0.005369425360900262 0.00038379610126875726 0.016864316329188955 
1.034297147460053 -0.002925860904259178 0.01610386931219315 -0.004940267145052058 -0.007887740395913796 -0.0023855473467786475 0.0011952841097998355 -0.007561870316951585 -0.003315135678976201 0.0036170194971420857 0.008153541211953578 0.008338972911546696 0.0022396790444807156 -0.004321550344098517 0.010743219421581478 0.011557849102570173 0.017019548850672465 0.014696093553774945 0.00244133342768252 0.009252697491825716 0.012225906827845079 
1.030765518570792 -0.0029409451614744253 0.0019788594371745612 -0.014597054752268992 -0.006393266499527788 0.006764929902004288 -0.0130738376876621 -0.011776639881179305 0.007537974845374693 -0.018046732731418526 -0.005860851280713144 0.011099540864846703 -7.963560537667274e-06 0.014915291784077482 -0.00620545567848924 -0.024736636324491298 0.003524382299182285 -0.01673246913993289 -0.009253611792403705 -0.0067707293090029435 0.015883555247435215 
0.9504411151203741 -0.021068206212148295 -0.004875670584726104 0.009188332978747974 0.0023680130377954213 0.0005040845091507163 -0.00771271661156031 -0.011849142222705672 0.007608843384869737 -0.016422052220128876 0.006878937753320149 -0.01994407440464939 -0.005541049883042568 -0.002597687058879379 -0.011529858699085042 -0.005764782802083039 -0.017510854127142064 -0.00601351095184486 0.010469109399660044 0.002029949179336806 0.0012973914293849874 
1.0255689670048767 0.020902637904002833 0.012830771645166677 -9.848810479361463e-05 0.007765642967548698 0.006345207720633609 -0.014557977167753445 0.008555698939214576 0.01465148595685996 0.007572851405194744 0.012931372181150902 0.0017560320378610431 -0.015090134622048744 -0.01718945761735725 -0.011854240445163318 0.004084550091496671 0.005081369069968299 0.005206529944831959 -0.014959147352075352 -0.008663724561345626 -0.008461604554004815 
0.9929455434372241 -0.005449002972916724 -0.017652927744923514 -0.006318969484923327 0.00400306721608129 -0.006082481904410086 -0.003929254799292551 0.003289089906671934 0.008144831521006441 0.016414456741141774 0.004348022013125659 -0.020805426856550777 -0.0006242302846353098 0.01284507964516894 -0.0005831553910352986 -0.0025572138510480285 0.014716633814659407 -0.002542901080021367 0.003347535926336527 -0.008931238118602677 0.003816906827364782 
1.049059286697807 0.012321076032629275 0.005913262073053789 0.004927770605473108 0.0038290240878643424 0.012128932585703776 0.0022780390464586576 0.012687052896638545 -0.002608817994239319 -0.011701926799583309 0.015079552920922402 0.009061557718332704 0.0005527507858904445 0.0044250873893199915 0.0016377588115235161 0.0029744984991316413 -0.03050576431962439 0.008091469159093267 -0.010736244145255982 0.0018555309570468565 0.0005888388090465429 
1.004882734438195 0.00038423985305339136 -0.00010313396524694348 -0.01878714887764949 0.0030662264952204376 0.007996207029917542 -0.0018008514762589928 0.0034983670118263685 -0.005127710552915048 -0.01556054344557344 0.013266227151372411 -0.0006356905843824653 0.0018537259168631536 0.006176897892077708 -0.0018677825463292983 0.005653816897145596 -0.009943687568498017 -0.0013432397227682745 -0.004598972961955699 0.003431629525379833 -0.01077766753615614 
1.0060060187260753 -0.0015607126685125495 -0.009282765427080574 0.003227187268313955 0.018381355084543062 -0.008336474878666941 0.004143626047424632 -0.008580901225185579 0.0013935954247923257 -0.004872598586530892 -0.0032867851980360407 0.020613466525361265 -0.009157239097877199 -0.004249868867679994 0.005298015910888072 -0.020580436957889782 -0.005041793973696075 0.004462479226172817 -0.0013527329658773355 -0.005356653704002492 -0.0026369946213469185 
1.0301830849200662 0.0005168571967192522 0.006156171167923562 -0.01604495872831639 0.010345814972991193 -0.002302999525620459 -0.008265368731775276 0.002655980103804399 0.013589252554072213 0.003166481317968105 -0.001135755115282799 0.00372356315821738 0.007672906193450804 0.0042475271369883955 0.009152588901287999 -0.002972761360258554 0.0009085575611331774 -0.010997717799270008 -0.005455494010654268 0.0033341343217571824 0.006897248874417451 
1.0666222355715134 0.015340188402290513 -0.004991148606343599 -0.014048330301724461 0.00443866951273499 0.004185106740264785 0.01675914550257861 0.0050540453885726 -0.0021432274360219106 0.005638318753946104 -0.008252380943780765 0.03153265061996349 0.015619719777131943 0.012913344348960085 -0.012880506683404378 0.009116568185212476 -0.001927887357349196 -0.00365430118292026 0.011553592954617975 0.01153632473009926 -0.0013245885644001354 
1.0527617379487035 0.007746941280218248 0.010512328800842683 0.004862942589394821 -0.0048465179231187315 -0.006036871049732254 -0.0003793627485361769 -0.0017309983002593997 -0.0001478645264622273 -0.016045186826860732 0.016214607517986163 -0.0025377863199271856 -0.004014635825634423 0.016406741243307852 -0.013898332589032468 -0.0008410132407672762 0.013061664108679929 0.006543863739753638 0.015577247333425215 0.005711302275918621 -0.008332491457952423 
0.992271345781561 -0.009560760736792654 0.018703060982291356 0.0010134822387807272 -0.015136154505037285 -0.013336725455566736 0.0020370926615494033 -0.0016720592643661065 0.009254033300277003 0.012147292481040826 -0.007772308577009659 0.0062764053906617405 0.002832959307501104 -0.002892648108492962 -0.001537330118871493 -0.005971364317137579 0.017630494435813344 -0.0013792061899248304 0.014916261386237795 -0.0034911004555692503 -0.006126012600849105 
0.9736868975056915 0.006138946742243594 -0.030628644418280452 0.003152472168794904 0.002539070795330728 0.001521153399618713 -0.0006636825948861615 -0.017424332032907983 -0.004922365258840585 0.022788809015193718 0.006511959151118606 0.014031273733048211 0.02024082750099705 -0.013709327440272477 -0.006272008794928236 0.00428671230655676 -0.017402562571176092 -0.026260101751264035 -0.0012251584402766876 -0.005908236315729813 -0.005201676383014893 
1.0095915700848532 0.014813252678998702 -0.0013254390949573491 0.004808436435970074 -0.0012701281362407404 0.013244891019678948 0.005449212377738282 0.001801047834496203 0.015722401629254697 0.0026840259401269217 0.006678389593336957 0.00021623530285502763 -0.0033191611136324317 0.012281196347828621 0.005460002305914612 0.0025188295642781322 0.022905342797619434 -0.011976563891041332 0.0010585517503547371 0.005490186378010556 -0.01389324810785141 
1.0336195747605865 0.005606814650043155 0.012036708032467145 -0.008281232061425347 -0.0021967731000579033 0.0012067342399257267 0.0035431056975465743 -0.003649331505864021 0.008502949031501476 0.00751287968182483 -0.005531693448140224 0.009676043678513668 0.0011755644805931816 0.02596810164220257 -0.0038830981111218714 0.011633600576723491 0.005779760410861999 -0.0028217712456585988 -0.002950306322412783 0.010394430468366451 -0.018715410203320085 
0.9562059166292978 -0.01524901848407521 -0.0014654166631563035 0.007749127076017699 0.007008382531523935 -0.01863517681971012 0.0008982637412727351 0.016749766365548063 -0.004900561967730768 0.004929605876308819 0.00018483156661618279 -0.011972960146563499 -0.0048763001538743205 -0.0029157974159779425 -0.022998256641819502 0.009580035538809635 -0.011485088035738708 0.0026143039169372008 -0.004773367421806628 -0.01748518252243301 -0.006689045430167042 
0.9562552636107644 -0.011102548651040113 -0.011371761011820842 -0.001837965267535075 0.003390954207328671 -0.004392264194543072 0.004635534241468731 0.005364145696496277 -0.00091167068233227 0.01655637591403456 -0.014137065287508552 -0.019089599133515912 0.012956939133474558 0.001208779016632621 0.008107209211344432 -0.00040408190294921375 -0.014911865491701363 -0.015175478242578788 0.0034067901218676104 0.01239249669817677 0.002367417038264031 
1.0566069989073 -0.0030335520018028206 0.00038616990460181035 -0.0027557644718735684 0.0029133685289709026 0.013564177070136787 0.003154948568856427 0.0052851505977981215 -0.0026354497997750433 0.006735745123701983 0.010048136287444309 0.008648017579705661 0.02078902685986772 0.01069243659998774 0.00772724746948945 0.011926526894408549 -0.002724122859770146 0.006225432498761926 0.006887646587496541 -0.0016043978200635082 -0.011335250932881916 
0.9995710052902095 0.003549644462079823 0.00414623695097192 0.005331991425467051 0.014557188361690593 0.0038946838609936335 -0.003974293702437739 -0.009393881756960949 0.011730111760040242 -0.003996142255537335 -0.01710776390257137 -0.009264806288045543 -0.0018006245438527719 0.005203001043961197 0.003037149750444621 0.0019808815927901562 -0.013410805779655014 -0.016522683728489636 0.0032788729328665873 -0.003090741013672571 0.0025743104016700807 
0.9812908616706827 -0.009455670384193662 -0.015439207298649211 0.0014081915991112455 0.0010651657707227205 0.006247803211367052 -0.013320496631464443 0.0025386695767512565 -0.004921564412655376 0.002946769105557411 0.0014686440861674608 0.010694983970190893 -0.002101109488820907 0.0011081055263805054 0.007089426364902472 0.0006633937397053419 -0.01034129463824898 -0.0007944934088439134 0.0006726811854768753 0.01623154062536364 0.005399289996710504 
0.9158073479485678 -0.0003331389698206401 -0.015195240839865674 0.004093768396049066 -0.011232913198546886 -0.01892164549194381 -0.010066176810459569 -0.008547397577532485 -0.00412738983564448 0.009047874854502485 -0.007671203774034905 -0.020791903390887684 0.0029915182041705918 -0.008094538929584857 -0.005595924161973659 -0.0012451269230129866 -0.010731362310734339 -0.011935339877428015 -0.0038519080588862455 0.007228646539684421 -0.011515878351179206 
1.0101933920652453 0.0036572853296677294 -0.007594083719246514 -0.008503092457966705 0.008377757585460438 0.00314324658567253 -0.00909846195261742 -0.0035262163902777333 0.006926599288995705 0.011528854379174702 0.005466680970737503 0.0031382820188159124 0.00913630719692824 -0.010638476694465873 -0.004983379748194912 -0.029126276483607733 0.01289673180955697 -0.00849425684663224 0.004130900857029619 -0.0016730173263270038 -0.005667154217993697 
1.0052525633611653 0.014472963052395827 -0.010465304841393101 -0.004208972196384381 -0.001107180439867559 -0.010283023963058031 -0.00976368397153261 -0.011841476662728355 -0.006909842539244989 -0.00641819443737538 0.00832852033855819 -0.01514713694737371 -0.0032989307839777493 -0.004057412332909878 0.0018079924135082305 -0.008462178030119654 0.002182319661517893 0.011332916477637069 0.002097256609937343 -0.006191819398143889 0.004275558153558169 
0.990772548416374 0.0014939163200726319 -0.0030848686156762675 -0.004343260335129247 -0.02093432527873015 -0.006797187112004007 0.004013153777592801 -0.000670576677938412 0.004520321818619914 0.0006783752025394596 0.022304569632392492 -0.002015906337589232 0.00884836280982881 -0.011139058142517142 -0.013476706122293567 -0.01341288477781012 -0.010086530808716394 0.0063950735236881365 -0.003100686293100344 0.0032934741725229966 -0.0068742484223118195 
1.0228418107750628 -0.00041583533522241084 0.008580820879298122 -0.007086454750408758 0.008583981601556202 0.0061864079470300695 0.011778003416989192 0.005706911425617097 0.024205561253474533 0.02289741151294357 -0.0018731236114423394 -0.0070474086769545495 -0.01053783126646843 -0.0022303261420318302 0.003900349111824396 -0.00450921205345225 0.007813670273640416 -0.003354962849916929 0.0024948694274522483 0.006517029503120171 -0.00036273443128523574 
0.9745137705324113 0.007429451835312612 -0.0013964794476407478 -0.0020963353662422413 -0.004871869052821057 0.009891429649175713 0.004627111054850885 -0.006040918701821792 -0.015560366053384811 0.014004041736398347 0.007152071504036837 0.001768857540720871 0.001292543081435261 -0.02433549912216472 -0.009287372571792083 -0.0070541644448805785 0.013528593244587002 -0.0017966751446165832 -0.01275476872263151 0.0029706007805976355 0.008872329732042257 
0.9729602110435048 0.005911914436736864 0.002612706135479957 -0.011794800352622292 -0.010847396399034216 0.006614767186756622 -0.012434833169809152 -0.0009469104284314225 0.0014476788527230183 -0.012382871219502383 -0.005583813383613408 0.003640085559493229 0.014613012028201538 -0.01689746409830689 0.005808454046438206 0.006685330142249106 0.0029333276468693366 -0.008826574127364699 0.0014873577560509672 -0.003112441610009451 -0.006723968898622147 
1.0204140206728822 0.004973467837215 0.011290479508433785 0.013325188221457155 0.01149607733485155 0.01251232573703796 0.0019607786319065985 0.012422246995831365 -0.018509403454928394 0.0031115608250159845 0.0027834130375930864 0.01985422107065448 -0.002423515284813622 -0.019841699014892814 0.004278569446786717 0.0013074454549802442 0.000491864563917653 0.008251405336670981 -0.010580192683541632 0.005629167102995309 -0.004104689287152649 
1.009167330340855 0.006371796468978575 -0.021234723067521645 0.0051624205855887164 -0.0005911490971459705 -0.0007027674320728502 -0.010082393760018403 -0.01553059273150415 0.0014031328007534575 0.0007886976520149958 0.029548045481143738 -0.0048606513692371995 0.0011675961368356443 0.00027144453616024237 0.00319050503308583 -0.0007974593670253752 -0.016397609904922263 0.003357120566649096 -0.0006218383173683368 0.0007674584893082235 0.004187610297561258 
1.004280260570888 0.008100787270606232 -0.010582007358634586 -0.008623205664765866 -0.008384740675457242 -0.006400484071750184 0.002570399971323283 -0.010884363031481666 0.014376770584941901 0.006076515835074546 0.007298005648372317 -0.0027440415247264242 0.005277400099015386 -0.005813337877468979 -0.005548653521969382 -0.0006844534709765214 -0.0023363931845658027 0.008517458771653549 0.013895265058754167 0.016762939882307468 0.0006859936807601261 
1.0262781761977076 -0.002432454491220344 0.0008730058615956339 0.009700843346130647 0.0032808101629113913 0.001748558440993792 0.0032972711061825485 0.01325268867741933 0.0031588672123887135 -0.005361406597709018 0.004450997491472324 0.002778578793875639 -0.007703221715397829 0.013963149280031261 0.015382067621526004 -0.017812912539616862 0.0013980400718726469 0.008796251214603605 -0.001772193006549698 0.01841641630203906 -0.016060061763882288 
1.0027083938121737 0.01694162036419781 -0.00043304096392513046 -0.028372280271394087 -0.007805055135169621 0.004152942708496289 0.024167805412907743 -0.0027984577271885757 -0.006800657148890535 0.007060815905714679 0.0042769119114308115 0.006931712714006992 0.001995647140758531 0.008243485878934167 0.00508136730907871 -8.093735204541985e-05 -0.001978364109944659 -0.01138198289375681 0.0015318058552231068 0.0024828723249689117 -0.013678100149733741 
0.9901763155174887 -0.007316000154493723 0.017355334707724223 -0.008936198597247315 -0.0021805148732884114 0.0018596912486315436 -0.018290835880385756 -0.008597558964269919 -0.012731773834824753 0.013971907778304331 -0.008868677154820256 0.000344644606407434 -0.008923565888196124 0.0048550765703524535 0.022967566533843208 -0.017716640075817257 0.012177012667323019 0.014115829930126379 0.015628384524976266 0.001446957960665161 0.0075670497418657365 
1.0379418039393422 0.0095689302701876 0.0124800668055114 -0.006108855051133668 0.0068934912917459346 0.004038987683846587 0.005046773602116924 0.012283720348925229 -0.01554175542378413 0.0043716771074148175 -0.001646967613229022 -0.019070907740915303 0.0229939866730746 0.011471718962321756 0.0002606794058106611 -0.015223363900734173 -0.0019894008114061364 0.0006353502317886551 0.0018653780897016242 0.000999095194557063 -0.003711956435593329 
0.984079905864319 -0.016041827282181197 -0.0017562186380995384 0.0026790041047640564 0.011539785046027862 0.0025734321158677443 0.003210698737765686 0.003790348912414328 -0.0073828408719822805 0.01601968455698265 -0.005660377557812603 -0.0024487559614244083 -0.007381618636913406 0.011149416353841337 -0.00752603282337317 0.002304124672015549 -0.01661660638344834 -0.0013323724447223792 0.01452254474838418 0.010737400757248647 -0.001300252598060555 
0.971524173303214 0.0030937566747921714 -0.0167308063267869 -0.017291578596319853 -0.006567475165920409 -0.0033585793279206013 0.0148688512291538 -0.007230178322542551 0.0021125741808132753 0.003999975724706255 -0.007535367146473807 -0.0009978317405355353 0.020792744844003914 -0.013382038483591114 0.009281287735927264 -0.02017432940187929 -0.0019074312826972868 0.00876944259389558 -0.010242098077798427 -0.0006071473425877835 -0.023096358738445982 
1.0529593082083 0.016997554535413732 -0.01287559051602434 -0.014242638093966215 0.010244517263126314 0.005555503417690075 -0.00046945835410679984 0.03407382811056697 0.006292666714827012 0.020748951559723602 0.008681030812755185 0.024652348368729697 -0.0065698439766587085 -0.009124887341333836 0.001101819846972026 -0.0008120016377232735 -0.010763553323891475 0.009671991658492403 -0.005726530800075272 -0.01599637838631644 0.008603555164766465 
1.0156197885802238 -0.014719756911661186 0.005589033265725763 0.0013700298101627978 0.013853767148727325 -0.008279873242067472 -0.014287225334492526 -0.0012024487759283156 -0.018135711788543247 0.0006177482449183962 -0.007656404126805136 5.539784027965881e-05 0.0016968245444066341 -0.0006389942474882986 0.013300552438305625 0.00694803490540356 -0.00986839381325369 0.004939502956718471 -0.024206960597789266 -0.0009866654902655101 0.012796766565562388 
1.008481546022954 -0.0015129077461765764 0.012780690904081361 -0.016629745055932805 0.013042529282977902 -0.0005609888881544262 -0.002542178752354683 0.008491516487502331 0.0016305242760780998 -0.005200795583563879 -0.006312813811688491 -0.007002384791742556 0.007860267548995072 -0.010768954934691353 -0.013498922061023622 4.733677379349599e-05 -0.004455289386808502 -0.012869168722993415 -0.020575192917956783 0.007704241917567004 0.0019486062224524456 
1.0414111783929088 0.008428763107927234 -0.011284252551841477 0.006753320229832926 0.004296115246894911 -0.024385421205196853 0.005438239323708671 0.003249350949402781 0.022694529126142022 0.005664836257444929 0.01150977221993176 -0.0029741161548948788 -0.011867565858723407 -0.01080949961452307 0.000721150584576787 0.0011940425690846435 0.0029840452885971543 0.008723205979610446 -0.006870601655704445 -0.00217924946914656 0.01698399343439775 
0.9521698738796415 -0.011970933810282844 -0.010791401310872533 -0.007723305537294238 -0.008028198072408432 -0.014713791816986817 0.009707687574802728 0.016977856080308527 -0.005851199371425265 0.006711453919800437 0.014238269146563771 0.010740473269968935 -0.0008083878658550862 -0.011465354679127638 -0.010048325306991346 0.003119550813780182 -0.005718550903321804 -0.015303416876193887 -0.005092611778485518 -0.006324499434086881 -0.013690615953924512 
1.0020109916650668 -0.013168908495441714 -0.012957124841114236 -0.012231656295240137 0.006597329889621722 0.006642857659390822 -0.002826548271803713 -0.009861789542761292 0.00055855296636023 -0.008898363110837389 0.01271439451939885 -0.014118603011401405 0.01594585493634817 0.007574172188457685 0.0010673323977259206 0.0025828119397554583 0.018547077338452293 0.008306643590190104 0.0045878537302632555 -0.00971141545538389 0.001211001011845685 
0.9486868530454993 -0.012960681395750445 0.007385135900944028 -0.011503808263472953 -0.022710401694453198 0.0030321505201741455 -0.012678327830903731 -0.004663053182523518 -0.005535796567205717 0.007061251474116226 -0.0034298000484093427 -0.03574573511436096 0.00011413578106975346 -0.00045772263770662056 -0.005305305187362279 -0.0006645376200334953 -0.013380558510473511 0.009170498401095071 0.007278608464607058 -0.01797879767769269 0.008851647100277556 
0.9975193409337435 -0.00441117599117038 -0.007365901308374777 0.02361927969105579 -0.014414240670719555 -0.003782128409339931 -0.0013875425814236992 0.0006977269357722678 -0.011977499833110465 -0.008825772483716724 0.0069369252913456 0.0022257118058030163 0.012046639795229016 0.008204067528550091 0.021481195734884276 0.014989148454806008 -0.0072801915579694 0.006647392665810453 -0.012418802364785072 -0.012549359099310629 0.000642524840472122 
0.9781139813275097 -0.002186975392711304 -0.006302823470971964 0.020571112019088355 -0.004659884509489549 -0.015794666969147383 0.005555198909790929 0.008486969472193105 -0.008618462104191472 -0.010082799245288725 -0.007594309218453348 -0.0012821667167015772 -0.011123957632151744 -0.011873134519195125 0.014087051760400354 0.003088412076849139 -0.008317630743910074 0.009913693030894918 0.0020381353841621938 0.005277999312323044 0.012996206922743914 
1.0181848732272534 -0.010205666811253154 0.00036090780573698716 0.012427714179791015 -0.0009857652992517868 0.006069942545330521 -0.008642771604540658 0.008312396259832476 0.005550140224909115 0.0028541231541259465 0.02494953148539393 -0.0018977195126392682 -0.012647630554553951 0.005515339323389287 -0.008744401715266288 0.0041912989492895545 -0.010162255321807555 0.0013144236569628733 0.005708829747410581 0.0027355605838889833 0.010803269977955046 
