column1 column2 column3 column4 column5 column6 column7 column8 column9 column10 column11 column12 column13 column14 column15 column16 column17 column18 column19 column20 column21 
0.9874886103681745 0.00494963049279866 0.010587361341882111 -0.007806975833145712 0.014709040827830118 -0.015824325434356867 0.001947897852523512 -0.013424018668267167 0.0023894498594472296 -0.0035936230998475944 0.009822491911180073 -0.007670624969474776 -0.00022893792540308909 0.0030216827217467808 0.0046246988958075705 0.0068212089745894305 -0.009205703116310606 -0.00828825703588503 0.006609313944468639 -0.010975849126777976 -0.006155683938410151 
0.9815732897048319 -0.00380523589181707 -0.022584946750047862 0.014801649835885085 0.006911973166284283 0.014274176358895036 0.0017388416833224675 -0.009751273083923541 -0.002342026266944968 0.00732143563160338 -0.005478076362526615 0.0010660966725877783 0.016592251033770433 0.004262131935111818 -0.014062580022875198 -0.02038159433103711 0.016297131620890005 -0.012221777010470357 0.002261068441241314 -0.010646877862216454 -0.006506431033786519 
1.02858556256776 -0.0017569043497373243 -0.0007733918759559696 -0.0013484805825439092 -0.006752113218869862 -0.00749939220208179 0.017705380697722477 0.003950149474398381 0.004070271380686077 0.008572156557729086 -0.0014841108094133327 0.02092867059588546 -0.008808646751103108 0.004162590917047629 0.011197186900245354 -0.012534029070682327 0.00833074692420968 -0.00041138661390722277 0.010555585354393701 -0.002493519998290678 -0.0029021855419041017 
0.9493837072276737 -0.010540421258573868 -0.006034044617719311 -0.003104350505464819 -0.001348379873869488 -0.003341220245946005 0.010038958565613878 -0.025844687366302452 0.0031997708194302647 -0.017989993673834668 0.007063983382483854 0.0049906906635376145 0.002401391196796853 0.021570226116207483 -0.015121203014952338 0.0026887959375836196 0.01261239347274334 0.002307671272792339 0.0034827704566984165 -0.006077102096717494 0.0011770559015638856 
0.9988871017626344 -0.0053118780688046745 -0.011635605776738372 -0.007294301818327793 0.010057832849733724 -0.008922618776713395 0.013856935599206343 0.004687010535205104 -0.000953267989633265 -0.0003654985182297161 -0.003917533867677269 0.007525716660706713 0.0010942978149394089 -0.012116369806871714 -0.009668972759154711 -0.005334735634675723 0.008192574141790464 -0.009962003509487838 0.006342173648445419 0.004597953481480926 -0.011861237190047896 
0.9746227537211014 0.004033333161318866 -0.0022070582453179925 0.02133748378843263 0.0077383224930685935 0.0024344562758280017 0.00266178494920521 -0.011430641158497575 0.002253423851815196 0.004224973118469253 0.0052403254936128135 -0.006841500471590059 0.006810587786090145 0.0023144451828577017 -0.0029940908355379032 -0.007790233580489169 -0.0030199093184727892 0.00242131836050469 -0.005639653570201975 0.0015083838193737731 -0.006945825815136601 
0.9986919084368411 -0.005179240402957661 0.017228336205705377 -0.0010950546217276095 -0.0020681115377462656 -0.005126703237139152 -0.007101148469263732 0.008708313637475755 -0.01337925435051179 0.007150546419213717 0.0019822452219080493 0.015251628991841609 0.009421652352796883 0.004600806279277331 0.028054573303594205 -0.007755623355701557 -0.012238435329707281 -0.013358035226781171 -0.017174952020596726 0.01850539499440078 -0.0005436610799365861 
0.9594954500170292 0.0034110389748236982 0.010202799219868287 -0.0047816467889166495 -0.008720867134209383 -0.009330520275543193 -0.006474223979655347 -0.01976442272918894 -0.0017111203403267583 0.003793150546459383 -0.008134048518497417 0.0005091737616666118 -0.0177694032938283 -0.003950284825691656 -0.017078953816852097 -0.012097902180410864 -0.007005766963647399 0.007460018387023435 -0.010503067500853929 0.0013257724191506012 -0.01872631041939448 
1.0199968528227243 -0.00551849621959289 0.0055969279823520545 0.009564990480555275 0.008638837320763674 0.00894393018397336 0.009443387674010982 -0.01117349254057173 -0.010942947542532758 -0.0014008606952943786 0.004083380933137862 -0.005856225111919245 -0.004486767284375837 0.009351020567464187 0.004940746513952239 0.011103906554578793 0.006834238948123301 0.007979719905756088 0.0050628522945316305 0.012872283416301065 -0.014928350572070885 
1.023917577760505 -0.0027584289175614134 0.009499832651803137 -0.006659242943829955 -0.0231398109254697 -0.010619928756878061 0.006395549622368751 -0.01773600722789875 -0.0031882305955397787 0.004761497235285537 0.021536663061875117 0.009612191124949748 -0.00256372869396878 0.0014963205223436147 0.01755353271560947 0.01058038474070303 0.0036965113009015684 0.020732408540415324 0.003488769513128909 -0.0002781378229714078 0.007551638599134724 
1.0633840948074107 0.0033121991235698857 0.009556210929562197 -0.0028915577625681812 0.002554324020222644 0.002341580136782719 0.013232454667091895 0.0070705953843211 -0.0035894369100100488 -0.0003008346298689687 -0.010383440927082304 0.0003391497744719525 -0.00567093052716439 0.004257573561067245 0.005264589050583227 0.013660628023593604 0.009471952174217885 0.004224986299102058 0.018258460466196388 -0.011990918458407421 0.011673311185317238 
0.9501350508639015 -0.0032370632078454692 0.005540844786481817 -0.0052637881664234325 0.008832406899501866 0.002724005001763904 -0.009745703029511837 -0.009918667314795144 0.010218797853747264 -0.007356328944134654 -0.0004044829688107981 -0.004346329994561338 -0.001508354910453908 -0.01381147653255321 -0.006120156410974063 -0.018000999683181897 -0.015904763813189348 0.013649348795006169 -0.005045958754229807 -0.003123717590419779 -0.020937107699791062 
1.029400641131681 -0.003627297559206082 8.83771077773774e-05 -0.008847393337547724 -0.0033438787003294158 0.008252500838454153 -0.007183104867918918 -0.008246576473101097 0.0003820587249128543 -0.0039049308810088657 -0.011634875342117813 0.004018134625667807 8.012857793680878e-05 -0.0009928012848335595 -0.003982629142780114 0.01582162148986751 0.007024148519103255 0.013087906417981049 0.00671012527870317 0.00047443525862315457 0.013721275183614219 
0.9964591526631318 0.02694729996294424 -0.00997327420050503 0.008110769749412178 0.006131987630934278 -0.008241737882432734 0.0023690274085157435 -0.005761893861267603 0.005382319823914711 -0.006620959235647605 -0.010006442166393677 -0.010479973995613335 -0.0012697319810069433 -0.003963982928789721 0.0009575957415349175 -0.01313649627870582 -0.004579440755994324 -0.00875129947967159 0.009625136514249377 -0.008785995052085115 0.0008879145780332191 
1.0467673053414315 0.005792031981024255 -0.006736299241654532 0.00222357481036153 -0.006842392063075412 0.02393433246189009 -0.01001301833458061 -0.004291813532205459 -0.010891636757303709 0.021824491533466377 -0.011450745068668047 0.001654691967162998 -0.006530692353515444 0.004596160464835765 0.013320560948616113 -0.013345268136773548 -0.005602247754038245 0.011919769257650736 0.019065894856811663 0.004468270570386895 -0.020410413910435535 
0.9315690401926112 0.002340597629046884 0.004628462930885358 -0.004791132927838586 -0.0008356315438161057 -0.01753651574925025 -0.026925556109444228 0.0014480317727800906 -0.002177863599765776 0.02035522361795464 -0.0029109625708873222 -0.01638091662537404 -0.011174385023115461 0.018195938790339018 -0.003939850090187782 0.005058770944287179 -0.02831223845302788 -0.019085852964675316 -0.004381362046204686 -0.020989373230711355 0.015022163929007687 
0.9727694522191598 0.005955979791749336 0.007467939650433502 0.017093170124577183 0.004676396844424725 0.0038725136582137823 0.0033286038154304465 -0.0027446152165360943 0.007955895932900353 -0.020267054290234243 0.0029287146202414587 -0.007968199797784032 0.010163617809556774 0.006128437436804613 -0.014845741615696559 -0.013403599912237685 0.016459251980951627 -0.00431987118028238 -0.008446608985254959 -0.005004998621920295 -0.020309805259908643 
0.9548149851069574 -0.008044954382393207 0.008223248985297586 -0.022344048653191347 0.0009521148187621825 -0.006118129581117956 -0.005014414967724582 0.005094667276952478 -0.004145966216656007 0.004609026410608714 -0.001698410077597001 -0.003173883008890134 0.0016750792507856775 -0.001395709498284704 -0.013395318283944357 0.002190668016683434 -0.007375219643958528 -0.02098098873425638 -0.008428895626512754 -0.0010210509370403864 0.006776785607909403 
0.9759410945642618 -0.008870762283212848 -0.004215962818038309 -0.009027867744169511 -0.017065460996722563 0.0014787399586080796 -0.013355440441067908 0.009962317298381977 0.019518492088666854 -0.008706439935086756 -0.014511516319890649 -0.0035175490783763905 -0.006980854074286704 0.009106107700999613 -0.006484523985758356 0.0031470186354623955 0.007650806978374307 0.007067458541845585 0.0040366873050855226 0.00010119128762724409 -0.005306256922376846 
1.0105961239668209 -0.00026300990469943524 -0.008925762674825045 -0.007606707301007022 -0.00693540041036123 0.0017695498190019377 0.0027366675944316223 0.0057819055504869914 0.014778942635521337 0.003463712784484344 0.014547740220009944 -0.0044037061460131584 0.0014323985189269174 0.010881331462610683 -0.004240849617922205 -0.001378963425833973 0.011357571706398043 0.008463916058136308 0.0026762713737171363 -0.007017171482617829 0.0034728859574152324 
0.9768533650364928 -0.0003511425433419968 -0.006086131728378747 0.0067817592216100455 -0.005803916609367156 0.010749102823674512 -0.00035112342073880686 0.006556020488253942 0.0011588456970867804 0.0070261051851623684 -0.011773512996422347 0.010548566343417944 0.007845090360308874 -0.0042860321386989095 -0.005500871553617246 -0.008921689266785613 -0.009147601341139582 -0.00034373331401691787 -0.0025493652389304016 -0.0016928660944755425 -0.0007016586581066072 
1.0169286184432889 -0.00044576891559731105 -0.01655062401583079 0.0036279769792965694 -0.007681213615102307 -0.004113909912190379 -0.03225897525171505 0.009903221276511633 -0.007048225267616947 0.0030214317107340855 -0.014122009522445161 0.005098621112635395 0.0001996752159819186 -0.023049102688584854 0.0024287697884404 0.004940934703429371 -0.011572726752465914 0.0030254171750985458 0.0003981391811056828 0.003501694130788514 0.005194414871006696 
1.0246954693023513 0.0025355352068558564 0.008273734599512486 0.008764033486105056 0.005432242433498767 -0.006281630468862345 0.0031490408869727037 0.004884850068579928 -0.0027827309204804273 0.0003080338838917775 0.016294639367422994 -0.001994195265479756 -0.011901722180889354 -0.00516109629189415 0.0004985864155776996 -0.007337907555308396 0.0017790911081898 0.009053941975150633 0.0027127001315534766 -0.004498153355610553 -0.009930005794977907 
1.0290593863944113 -0.012148469468206802 -0.006218168109309723 -0.009323387295255847 -0.008938136463092525 -0.0045024663019214255 0.021437321027028826 0.007554236965604199 0.005145864167254162 -0.004253271470632605 0.011945314354126931 0.003034679533449531 0.0054876385742299374 -0.001779364117652273 0.003395114068139845 0.006959066153120826 0.018614378515884284 0.01943759558754713 -0.002406505287043063 0.010821722917738181 0.009712751209328184 
1.0077179805639456 -0.010899287023156585 -0.00819595479980126 0.015871660248074074 -0.00203405689597929 -0.004526123027770977 0.0017247164027219834 0.008570007868742843 -0.009919493619692089 0.0027984690152550056 0.021118843221705128 -0.0008635462704043456 -0.004436623643949384 -0.00041729385151291536 0.010895312651884821 0.003415567544231327 -0.00991986477597734 -0.005392225651662965 0.0027318252134947494 0.004915886021766304 0.002730368663550164 
0.9921931166986621 -0.00742178418760797 -0.006706703885220986 0.005248976991596467 -0.01393982160142985 0.008461430179347003 0.0008879758385260186 -0.016370293385754436 -0.006126716432625403 -0.0038816561624027096 -0.014681366179305141 0.004664844800389971 -0.006326540380155489 -0.00994254856352506 0.0011931469193124844 0.019289880271510917 -0.0009391787883827315 -0.0009651077115083348 -0.008018208884851741 -0.013612043470278359 -0.0008605690698447035 
1.0325350711434507 -0.0017789947449946147 0.015105697960692603 -0.0019807062221881876 0.00235225889637131 -0.015734604336389277 0.009191222712246913 0.0015497181633637954 0.002184146751227647 0.014225418114273173 -0.00905421463651876 -0.0029872206813676273 0.01479675957970513 -0.009802189247205408 0.015152865416614286 -0.003310406433716313 -0.002542669519113288 0.0010480231761849162 0.01275393697501205 -0.010950456794993384 -0.0036580003217922493 
1.0153668706914594 -0.004801446606253495 0.011273053492724575 0.00982908642439282 -0.0073933448604182475 0.029013689361430645 0.008984641183777639 0.0012063388060818193 -0.0060037018784341815 -0.009849521207178837 -0.009572398030780032 0.025458801401345703 -0.003717034230096051 -0.0027715791935793493 -0.0029532135568034975 -0.005197432512268871 0.011902900531990121 0.0051162272193664505 0.006274011156541811 -0.0033097856383632325 -0.0030488655586424942 
1.0084411315385597 -0.005115166363351058 -0.005252157793223273 0.004721054779455804 0.006075621385872851 -0.013456738490459714 -0.014299092393736898 0.011363462966948701 0.00019872680088169802 -0.008129841752020089 -0.0009599547603209872 0.006386928016653117 -0.0031895616017215286 -0.0015440596656562439 -0.002415786891814255 -0.003157922995220887 -0.015744074613180933 0.01476705326842041 0.016740572616052926 0.0053723432686636615 0.014616203764982509 
0.9342819649509955 -0.013968942303236972 0.004115314752883208 -0.002391730065026608 -0.01574458834335014 -0.005086857869085403 -0.0019890546312719666 -0.00815191498011746 0.015954655766189575 -0.0035928845621861724 0.0067955696032690055 -0.013268602803154226 -0.007864519065591127 0.004186881453933725 -0.01575522095991529 -0.020636922035599 0.009632573536499496 0.0016004782029785357 0.009739359638112998 0.0001316495095224184 0.008077050623889548 
1.0586687415756222 0.00860763991991527 -0.0036937848678226825 -0.0025468092616458184 0.010442871335767143 -0.008314867788571783 0.006551703923689446 0.007920868341157215 0.006005960107492016 0.011993683089021193 0.002381835094796278 0.01571190497282445 -0.012645606985070069 -0.0014965202757407624 0.024893012812304046 0.014079930237994283 -0.008830739407557485 0.006258062003614374 -0.00786003529839399 -0.009358899065603497 -0.00332473780243815 
1.017816116961515 -0.004214212714854081 -0.0038230290853700673 -0.006576796498480093 -0.0010778708099574538 -0.00885413358894534 0.006938495256697479 0.004718682181113102 0.014600271220380313 -0.0098390782638591 0.007479848979983162 -0.003573666025678518 -0.0016068470998648885 -0.0104364569230341 0.009108669610235083 -0.005647012611541608 0.0033184427044505205 0.01427522990507478 0.006841878532236709 0.0027866994568663266 -0.007827208715772152 
0.952321868957667 0.0005476342011431532 0.009047942865069806 0.005697748361344393 -0.002957649646211511 0.01133568067169729 -0.0026821236931926697 -0.002256944090866739 0.0032125040867573345 -0.013192598367694675 -0.003027032412064824 -0.0010349357763194881 -0.018654477493413663 0.017374867752920246 -0.014589630840729333 -0.005030517895198401 -0.005670559970439229 -0.001884565788429599 -0.00883990803244142 0.015162753287126539 -0.004582780419831929 
0.9980680759641215 0.013704374960900075 -0.0007454732075704282 0.005403924430660013 -0.006470359955883155 0.004882497497149203 -0.003965761594989 -0.012753016259869646 0.0010391582347593494 -0.019004187983177556 -0.01049804880084765 0.005207199506790972 0.005711341238988499 0.0036019314961952304 0.008607216740296946 0.006376389205176765 -0.01468524031762142 0.008019678977296663 -0.00572300478991237 -0.01221960289500785 0.001265029886447426 
0.9849308283936593 -0.016622835583674177 0.005672433815930487 0.006759202553376424 0.012841625675072276 0.02306182175411332 0.020445402350935657 -0.00021795354914638725 0.00772632909517792 0.004155854151416392 0.010937749678981052 0.012283992061944873 -0.002395298684790566 0.0013970624767614564 -0.0067133503430160104 0.007776901386135142 -0.020273859914939633 -0.001958957620585314 0.008262489166687316 -0.012744684168668084 -0.0016607076402056524 
1.0361407338341007 2.7811076014033282e-05 -0.026758826072018065 -0.008024647167104156 0.006416419895925474 0.001190961137763365 -0.0034907997130601133 0.012418684592926837 -0.005267628567562703 0.014930793432192674 -0.0037562168580885457 0.0019599003573418103 0.004995939141128434 -0.006691992049584126 0.003741482729881441 -0.0076934689784608715 0.00025440139001049473 -0.008400862206568212 0.018554712879993666 -0.013889222912873252 -0.007860069478645771 
1.0175198156051606 -0.002952203367346505 0.010907385526413554 0.005165286918393761 0.01616889534289398 -0.0015513789243116747 0.004616279215022443 -0.014773884229508488 -0.019763608924215453 0.023293714963857026 -0.006483687368858474 -0.013268968417552303 -0.003928721002701965 -0.006755551971708363 0.004332982345716989 -0.02200332885075842 0.004504809110367736 0.015457345526688879 0.0035993372512662953 0.00016165394808169393 -0.011198289686107935 
0.9831466539570355 -0.0036802924600030924 0.00037335193745830067 0.002201630229882839 0.010190480428672637 0.0008576106986956227 0.0008035279252665989 -0.011899412052659977 -0.0019800785388025006 0.0031295164032000833 0.006510191375570529 -0.016602914766560728 0.0054737141696602175 -0.004432698800125938 0.00042914977234257887 0.007085228623873153 -0.005114862850263854 -0.006752904748509553 0.002229891862902278 -0.00077895132469254 -0.013860165261184637 
0.9943937362627735 0.009390540402128882 -0.008600446377322482 -0.009153969467601537 -0.005595522848984826 0.01968929939330315 -0.012797952666421976 0.0028509646241789205 -0.00543972334859719 -0.007868055031774367 0.005918707275565053 0.0027220591798938327 0.005231094259783488 0.0034863294958277285 -0.005691396532194047 0.00750302717040227 -0.007960345139337285 0.00021721407664179612 -0.005451901658477144 -0.006242233395842215 0.007974890184465224 
1.0122535335976843 0.00839465746005443 -0.012392815891213514 -0.0026728048644340864 0.00819029719689366 -0.005768993048633344 0.0025393258616116794 -0.0032850543902973386 0.003330572831502801 0.007355881699645155 -0.007413166800276362 -0.012576580653025025 0.013339356751035295 0.006716435172432005 0.010003967269550013 0.010755911479165903 -0.0013870173669521587 0.0031728455751855954 -0.0006240472958088515 -0.01944828911985692 0.011412116680879488 
1.0222536676828429 -0.009399193124663452 0.0026890099036386487 -0.003984045274612717 3.741407094698605e-05 -0.003726331525150789 -0.003217837747977693 0.0018215749250446482 0.007814359789067991 0.0017513131512124707 0.008782709660850622 0.00842871467403432 0.006094131262221355 -0.0017018968422846206 -0.00911402050458095 0.012510429843235055 0.0020275137523162955 -0.0102426331431053 0.004418841518191662 0.00707773358070838 0.009092143457486202 
1.0023572670751117 0.012667903660786704 0.012769338063976095 0.0027960826749822173 0.0005830816152337778 -0.019988392058923943 0.011248613250509229 0.011861394594692353 0.012586629926432589 -0.0004594994996413261 0.019521507025684694 -0.011775036736819655 0.009670803960206182 -0.0003813842219800338 0.003700832133861364 0.020717328115917415 -0.01951609259369563 -0.007470344858146187 0.005772923096253325 0.015967581075911376 0.0035818556783538407 
1.0351327611312056 -0.00566369311177866 -0.002467005244409616 0.00807836221088267 0.015351415553896063 0.007980569792703653 -0.014007320857687931 -0.003055117097161699 0.002499287544642008 0.007229182352669751 -0.0008004787963285292 0.000392743070361257 0.009869488419868701 -0.003905702818440637 0.007675702442683302 0.009081604840833944 0.011283751469189099 0.0027948017549934666 0.0053500882178498 0.0017086096095364108 0.004446497976262288 
1.016277493480046 0.010111207910358608 -0.01501960755966335 0.00865975334062014 0.003019920897546257 0.004483542790618644 0.014217762276914814 -0.0017924668176152896 -0.014276385717475627 0.014368204567173538 0.0028481460407020977 -0.010863544824358664 0.0026743549087152956 0.02013224850663133 0.0005534780137237322 0.0077016780477701455 0.009075670470118787 -0.01305911286838185 -0.0007258924830140242 0.0026597560737828545 0.0036008433933909464 
0.9818371748177522 -0.004481474054823347 0.0002632655075002013 0.03808848501238134 0.0020834125783016455 0.009915573738909849 0.014969497158438323 -0.0025349231186426787 9.67497574411829e-06 -0.011157320109677703 0.014096142062419176 0.0075695613276320775 -0.012985305900384372 0.002429704686886449 -0.009867577745349337 0.007134823576386992 0.002538529662679206 0.019578906084670892 -0.016906478069481198 -0.005184073865076217 -0.008596689952605166 
0.9330488728515244 0.008706676173643848 0.0057698884296332196 -0.01215303503449537 -0.00645022215878854 0.016479786356391104 0.0034961029207097247 -0.0142599865499825 -0.01176820239211148 -0.00046038269005483837 0.0001966268390118458 -0.01062023142683192 0.016937593660744783 0.005989226713809584 -0.011720288972258077 0.0022788059944150946 -0.007040283646416132 -0.0031111529740070532 -0.006302102382593073 0.004791572405446829 -0.01174072741939355 
0.9817840898423202 0.002487541204751985 0.019368086276236398 -0.008408761549632843 -0.01023220122285325 0.002407541801446463 -0.005462466728472335 -0.005829112767658528 -0.0027232320571508395 0.007763938587743103 0.0060273052483314 0.010142759757251952 -0.0009850346729908415 -0.012774126610498267 0.00151150092047575 0.0006546007417571123 -0.02147960965842876 0.0040337623584476975 -0.014178730918730354 0.016864741729599834 0.012149221737467153 
0.9554303300029011 0.0023270098289803723 -0.0012119819708380027 0.00022219480652711513 -0.0016922389917262519 -0.012638818292243859 -0.0017246593074490162 -0.019311122911149614 -0.0145608498757199 -0.007649552999311025 -0.007539053955974193 0.00019724703965565677 0.0031133520867678635 -0.002906494593649663 -0.013086221976765677 -0.008501776685236037 0.001106859121096568 -0.006942142437826859 -4.0415654201712874e-05 0.00014879699287697592 -0.007858643607614983 
1.0203469744023779 0.0030740007872137693 0.015638629108927802 0.016942217065266024 0.0091774704721328 -0.005520365945665694 -0.015046250262713003 0.00061196856263541 -0.005647545055424461 -0.0009696417431511788 -0.0008519624931124171 -0.030411477413493145 0.018778893554065236 0.014074259084666807 0.010389068097812142 -0.0021940565663936045 0.016347684034940035 0.012362911192415069 0.008038559233861618 0.0018776624925774116 -0.00032243635236521475 
0.9625558233450346 0.007429512781613779 -0.0012268800324598368 0.004663364828460572 -0.003349853376897659 0.002536859854232758 -0.012115177878520598 -0.02247047704156203 0.020138394995075713 -0.007086261895204483 0.009197523541617876 -0.006319963776383983 0.007501153180151352 0.0025799643114857457 -0.0026762940049484796 0.013531528583882227 0.005541224382753235 -0.00501113834611573 -0.01241691823573162 0.012328620547728396 0.008577132704657825 
0.9668659989810398 -0.008700386437482593 -0.011666960204764707 -0.015213838810293675 0.00852235428272694 -0.0011833986311223811 -0.012088297566850046 -0.012403832546952678 0.0036337404375930992 -0.0157432511384513 0.005535066745557295 0.016343734564573706 -0.01724347363753157 -0.005589260084120701 7.63533215222304e-05 -0.0008328413803532131 -0.008360492088535168 -0.003767859426954594 -0.011836371981314691 0.009992707864841048 0.007890247319703152 
0.942709875874183 0.003052336280274171 0.0034845709675320265 0.005048713145930818 -0.00138027005027642 0.0013069975344013516 -0.008700278142963933 0.010972802285639866 -0.005504282811175539 -0.009261223202244748 -0.004493598701385632 0.00036344690930302346 -0.02549696967150708 0.018524741905222276 -0.017441378223249385 -0.021013873914763403 0.00738165294010536 0.0003903801045824726 -0.01863769078719853 0.021495489732059708 -0.003377282563875762 
0.9649490583007051 -0.0059915497651152495 0.009025798638581044 -0.009056358435638978 -0.003465513126353212 0.006319748475206317 0.0032993620290301695 -0.006883516037680292 -0.0010976313119735203 -0.005024386434541074 0.014196879233160464 -0.003999012113987574 0.002213791392671102 -0.004231426862802057 -0.002397532294068113 -0.004111155079717541 0.004734237259663949 0.0016690910609772761 -0.01018601714741777 -0.002886716785878179 0.004942289862240988 
0.9139459809755082 -0.020209889538043764 0.015064284874860554 -0.010354621428065421 0.009417530380438292 0.005887744741779476 -0.017590388346564633 -0.009621298447589507 -0.0015535529245448271 -0.0005325355452872962 0.014531333614073617 -0.00686312148456802 -0.0004205008787462402 -0.022948189172174595 -0.011151334231889201 -0.006149818792277367 -0.01370024162057823 -0.0019738131843572725 -0.012152993256646037 -0.013007188353980709 0.013401692907408731 
1.0278310310976502 0.0016096139022370305 -0.01225454948346488 -0.005961842428470021 0.0034984211340753535 0.005374992316030064 -0.000525336504975296 0.006952516528066071 0.009928437224269024 -0.010032300814315843 -0.013335751637594649 -0.004934751077300124 0.0014155985896143939 0.004672032066354757 0.0022672854746434855 -0.011226175297467745 0.007373051396433695 0.0019199968527691725 0.013209061627686773 0.006058775507185797 0.0018144019160349794 
0.967035678589107 0.0005329006162918076 0.014969146802643742 0.006851678143639271 -0.006038625694640836 0.002687174242941298 0.006207690692962491 -0.0052822761468106424 0.0003180137248753591 0.01109817638658354 0.004948183180713079 -0.0033266074016863635 -0.008612316659310006 0.010242037467941634 0.011901602777263282 0.01492518826912453 -0.015494236895477988 -0.004856019587278692 -0.006429189139499101 -0.011125732474508819 -0.020297866612312254 
0.9841079381710932 -0.006027312663725362 -0.01495876520886419 -0.01390435173872944 -0.019835694522715212 0.012365116594510566 -0.009708872924251597 0.0063048558528667155 -0.017528698280902272 0.013328493262040999 0.00933038471435257 -0.004054743463009193 -0.001549005961460808 0.005339029884110076 0.00027108169275084063 -0.002353416657639797 0.00014982590607306252 0.0037377882516813625 -0.0030315464134620697 0.008297672347325835 -0.021432166169177976 
1.0307126620260796 -0.0018709953771787458 -0.002859328274462286 0.006249918591390948 0.014546053478205104 -0.016854802317211374 -0.007651555119726097 0.00015806652298358426 0.007375737947133818 0.006513361270407866 0.02658253240278468 -0.004263299024525353 0.008912217256233167 0.0009474484017258541 0.00336801441377652 -0.0035528896533403493 0.01942634914913521 0.004850610947215601 -0.0026989443238196703 -0.006251728525687375 0.00015612795272003694 
1.0062163960254558 0.004806043976044414 0.0023948602531800216 -0.0037857293646333346 0.0074506678943089735 -0.005277796908088226 0.0055349119297650054 0.011702541430277753 -0.012011832915140115 -0.008747406313637204 0.008756458117753359 -0.00022532934981472737 -0.008033738641443921 0.007333765074500267 -0.015634821658239744 -0.0008875593771924294 -0.004915274014449541 -0.009300234477181991 0.006526099327136336 -0.010369141466485567 -0.0034191456087878758 
1.0012224380078592 -0.002060880154975391 -0.008744924077492309 -0.006310329534861251 -0.008955431671347632 0.018525609840939938 0.006147291992257363 0.0066613332863339125 -0.0053477900651020885 -0.014148758862042816 0.009519766732442045 -0.0007739927537824348 -0.016973569133418402 -0.003563425325871279 0.0010700122552647043 -0.007286162806279829 -0.003018880064919398 0.013411958221090998 -0.001285841686758869 -0.009044606064048687 0.00374689446249443 
0.9304241416566355 0.004209500463820814 0.010931257692587563 0.0038655423676135104 -0.011606411149508264 0.012998623542605359 0.004783792354159756 -0.007547460373382266 0.00326994023517586 0.006148350631759592 0.007356443669124295 -0.03345154696277169 -0.007898344751122643 -0.009411709899082117 0.0031929050224792812 -0.008890676818241756 -0.007174909221198785 -0.008599794698658968 -0.00018790811218345985 -0.004362999380468411 -0.0024540239719896112 
1.0481305145387758 -0.004085697600240373 -0.010438148803342415 0.018760010704778087 0.003644412227349884 0.00848519241329179 0.002929502067084571 -0.010265173495218296 -0.0038651551647600826 0.00038789578352384045 -0.007612643548425271 0.016564939142577634 0.01989139524968272 -0.013737793305498932 -0.009428068917914638 0.0019014951398885667 0.015969537379297002 0.010731199906239499 0.01973066738180094 -0.001689725932661374 -0.011342189273151794 
1.007802360658157 -0.017918870362950378 -0.0014090394884670053 0.008859840578626548 0.00606608753027673 0.010544939120453145 0.0030596119235152155 -0.025981483700719177 -0.004950129734392839 0.005212520908833261 0.0173996772584687 0.016250640056922946 -0.003491793071111742 -0.00733573356353689 0.006509964849347494 0.003296215718515899 0.0031086061715438424 0.000596720057676363 0.0023299341637727615 -0.004650040183622964 0.0008002119819555282 
0.984433862954815 -0.0035603007437450696 0.0026414035746722265 -0.004613244696565756 0.005412737829422202 0.007759520820997225 -0.006874865054599191 -0.020911134433970715 -0.0007676277355199792 -0.005272026464667841 0.00529185531319175 0.00168564129450318 0.012294505886990721 0.004745150733875754 -0.010657223270726634 0.003752632466588629 0.010740099924490234 -0.009635259349727875 0.0016947563831444217 -0.010393688771112157 -0.009012245801212047 
0.9658343219683674 0.008892173074755054 0.0026556259610726837 -0.020708667316632425 0.01615852605464702 -0.0012958660196789047 0.012000634269944686 -0.020152014053270842 0.002815959809539246 -0.019115632358027858 0.004384987815953389 -0.0013933390899153481 -0.00067501098767865 -0.00786515177592137 -0.011146684879118076 -0.0012367013207547446 0.017576791257671313 0.002330259483701707 -0.008635569410525788 0.009137404043252473 0.01510356804542212 
1.0255150726835918 0.01115329317495828 -0.0029829424044822135 -0.003880310353958957 -0.005514708293206356 0.0003295015696147481 0.0025312543577852916 0.007955538040220738 -0.009000314169962172 0.008849508717206354 0.005657312956010011 0.00033180897982735397 -0.015588239773449069 -0.01123485031314862 -0.007461612568318834 0.0027403835059707964 0.008305387592988225 0.0033436273895469317 0.0009564316041751495 -0.0014074672461082734 -0.0022313108906746103 
1.0092010820461363 -0.004040763815010582 0.0052012417895369156 0.012890561823726361 -0.005243041898284205 0.0054574856267553765 0.01946174326052524 0.0190846459516817 -0.009856523010792066 -0.0023630815246371947 -0.01038495715871174 -0.013971437383148195 0.00024738469268141143 0.0006540288086928741 0.004820666814824693 0.014092099300736962 -0.0031352637516076733 0.004918794908825759 -0.005720460630680259 0.004780012337809313 0.00022440311605025808 
0.9819222646194762 0.017151706874392315 -0.013507342773411913 -0.009115682348351053 -0.022972558614971474 -0.0009529310469441808 -0.014236824744800359 -0.014101818710159093 0.007620840169858299 -0.0026689851858459753 -0.0006211818462252578 -0.0027197337993489753 -0.015670867122254517 0.0045950708781479855 0.023720643187724506 -0.006166660655254122 -0.0097522969764402 -0.007588304738945121 0.010684653978988443 0.00018099529170046707 0.0015423515341703412 
0.9941376640134473 -0.0065530600275797045 -0.00924585228509093 0.00792551667813048 0.011106976508532982 0.004827463941423377 -0.010755512684478934 0.006361545298548037 0.0033319618905620274 0.007876711779590127 -0.016558674973112 -0.013068819507385001 0.015782326003101997 -0.004976675847838014 0.0050090081179520445 -0.013012253341411414 0.003051842295333274 -0.006384918056294073 0.00732573788851721 -0.003503786182321498 0.01123468085959811 
0.9954057098018537 0.0018350176162276297 -0.006267586683549854 0.0018110715544595864 -0.009755960864557442 -0.006960417530666626 0.004650162198512399 -0.01693074110066484 0.006302847363495929 0.008510866466541095 -0.0034490636385896708 -0.0037560658413063348 -0.0020740633876736624 0.019175115003351517 0.004843929971130973 -0.0004798779279151576 -0.005883199332850801 0.011706925774247262 0.003975626398700367 0.007583832049776746 -0.0026128109699813805 
1.0241435690873606 -0.0051895370971852695 0.0017339333729242579 0.013620477175166422 -0.0011677530115231124 -0.011368815710286742 0.00523615890004713 0.008365819443927575 -0.019695617834503396 7.816603819643311e-05 -0.013041779830009287 0.008236282251291291 0.006197784603038036 -0.003642293923921257 0.007075717336394775 -0.005788109429235541 -0.007593553667296124 0.010298386472890561 -0.0017238300110746516 -0.001147846563354742 -0.009658241264471942 
0.9766958374106762 0.010155135647788908 -0.013750902546847896 0.0050686296310916805 -0.012795208584211015 -0.019679360629677383 0.009701125210039546 0.009680762585337866 -0.006071850003854806 0.0014287476548460799 0.018239475074085663 -0.0061426855513956715 0.0051524470770874025 0.004170308630197361 0.005349861625880568 0.007596874162066128 -0.008605791473665234 -0.02249391520181161 0.0027711698214886327 -0.020757207767577803 0.0038430687510748155 
0.9834264433144312 -0.011773887860589949 -0.012594158952425097 -0.018421001697045948 0.0037675351834224593 -0.007194090401978495 0.003892353298179729 -0.007798230288136704 -0.010563343439090066 0.0028333649625830555 0.016667378306874668 -0.004513879022182372 0.007569359831979037 0.011308452175794818 -0.0014497123478682517 -0.0025893857363204443 0.004252158684863458 0.00470702249869379 0.00031291313156319676 0.0010637395534198037 0.00994692099641681 
0.9980995864361417 -0.014015592927544465 -0.014300583301823997 -0.012204566892011838 0.00028100999304238647 0.0004443135437597485 -0.02015355230910593 -0.01362245667748764 0.0016456144628076977 0.0042620471556425715 -0.009025817244833438 -0.0031005158452069243 -0.015282220177140187 -0.00479348714411826 -0.0012420024546079213 0.0168614474537189 -0.0108432836089077 -0.0049200067517381416 0.027581593961360524 0.02296124811401453 0.0027395904031190105 
0.94098406806838 -0.007387017760785446 -0.010839657497522111 0.0024889936270326403 -0.011263906541983244 -0.01880629837846706 0.009172931482218045 0.0020253980507460682 -0.0075102962437324965 0.005912422732385335 0.0021613592503715896 -0.02590657663347419 -0.00022482535668648084 -0.0016584088401241223 -0.0006834070817024118 -0.003066295496658425 -0.0035966934209657594 -0.0051399071931734 -0.004179129205986716 0.008178605040762083 0.0018147845697187798 
1.0079013335639855 0.011990676207249416 -0.002423780763321731 -0.032768337415320176 0.005769601950879055 0.011796371790178901 0.020248616107897334 0.0013455158679825424 0.005034988127134912 -0.00017506480383580565 0.011215552842133346 0.013245811228801297 -0.007329844814019317 0.016422548739377485 -0.016076191817289993 0.00015080463380188648 -0.00653993298147702 -0.010764842540827428 -0.003419797288757336 -0.014687401367840183 -0.0025380023680163528 
0.9973368363073231 -0.0021498130411045442 0.0031456996844591747 0.00635821065214289 -0.0171445784054933 -0.008227381868646601 0.005790787412578121 -0.0016867570688897536 0.007007295128451963 0.005096812891895327 -0.0024992342402298633 -0.010957888838993323 -0.0031921542957737093 -0.01422182718358922 -0.0005291055419853961 0.011934676123628161 0.010122982869257528 -0.003636648646815016 0.008571728159859075 -0.003194716925060969 0.004879211162397458 
0.9334032164470739 -0.005222197930054421 0.010642971330406282 -0.0051817957037792895 -0.002591949404191558 0.0021904525943605554 0.005583349176454774 -0.0063266942627088416 0.007659199815479375 -0.019262868920536233 0.00820381549953374 -0.0012930360965938603 -0.0016684041921452655 -0.004719778620343585 -0.005915109246620387 -0.00552084514802337 0.005921292001079559 -0.004394202889337011 -0.015602425574861696 0.006970297808263921 -0.012325577786753342 
1.0425426837601177 0.0017994643576727358 -0.010939527031387453 -0.016879373957451597 0.014008151855860842 0.01268934195582803 0.009490877808988146 -0.010991659849995622 0.006840359964614064 -0.012609602388162371 -0.006063521339232809 0.015449114182567178 -0.007067403632694043 0.0023156462842924266 0.010823015546178325 -0.0004725485185910021 0.009653413634951131 0.01546454692158973 -0.009167447948493479 0.012904421062655736 0.00036015224375016315 
1.009790421505165 0.005412493859442773 0.0007618234002391338 0.006482142999496211 -0.008956186721694254 -0.011609646057374932 -0.007338493507419236 -0.0040903263838961345 0.009179143588310982 -0.00914099459162424 0.016896536117870155 0.0074891062456285615 0.01876287053684973 -0.0036543316130165887 -0.011413043438109158 0.016789880486569573 -0.0013016098095891596 0.008760889557982402 0.0014053639244068041 0.007091063304259236 -0.003972671556337048 
0.9589023976291972 -0.017472276742076256 -0.011428220655128779 0.016041466989479 0.0022601149845730053 -0.013562905262572023 0.0033978433905076295 -0.015744688162874977 -0.0036977471376387827 -0.017115442622029183 -0.003260964311937877 -0.023769742928077174 0.018282322699150234 -0.005917053398855747 0.0022110449807152357 0.011309513841978825 0.004995990282268009 0.010106457562804046 0.006272871719075942 0.014896854880450724 0.012061425602967617 
1.0062667924177453 0.0027325791149831196 -0.0010859008337765206 -0.005449289362450309 -0.00528426746149695 0.0018041363165013237 0.016199271866519892 0.008254778628802719 -0.007912354900927718 -0.005742728534090806 -0.00017664672834909325 0.01853408347499018 -0.006064326108263761 0.01157365738300355 -0.00907060948057494 -0.011392601230425233 -0.01009969020691858 0.007104682376988067 0.00953476031866109 0.006066894762199983 -0.003624560791067363 
1.0038797832160322 0.007124563312237918 -0.013579248747830033 0.0027530100585357415 0.005107059037835072 -0.011635287438496256 0.021376377105930273 -0.0031824762796205325 -8.83781316884619e-05 -0.0024966005536221528 -0.003938275057342526 0.008525908484419857 -0.008098116801922193 -0.011978965620832116 -0.006329389949029574 -0.0008227571661830441 0.007964835240331489 -0.0015123264045754467 -0.0010804055775885373 0.01706838269845913 -0.023329891632165378 
1.0182236150108965 -0.003068621028179406 -0.009129716907522255 -0.00393107714282946 0.010851252747191018 0.004909625112002039 -0.003974348318408342 0.0004313020190691981 0.0006464630670149966 0.001977551256549223 -0.004900013491264044 -0.021335415980617375 -4.340492198251567e-05 -0.0003372150786040784 0.007562796994110747 0.006278927945456106 0.0014959550142930737 0.010759523297978036 -0.0013090180757711206 0.005038234588962826 -0.03807613061995332 
0.9486298671235249 0.005073185100658572 0.010837400376348385 0.00512303212229946 -0.020518985990731792 0.008143411426483454 0.009961217627956783 -0.006841793841958972 -0.000743239998011682 0.0025226402870643155 -0.0004456215788492799 0.007643473278670325 -0.002904294112250907 0.002971511004991186 -0.012605857377292456 -0.0031356786254045366 -0.019668898492016446 -0.006178276945981463 0.002890178823137521 -0.010026000107216413 -0.0072939991139069306 
0.9678461196997398 -0.00810058511867211 0.014054176149206794 -0.0006191698330907634 -0.008009803820974706 0.004918991787076997 0.00485527845990523 -0.005943546239610701 0.004220987727258787 -0.004301738430995406 -0.005334743149988954 0.001253851340069198 0.013377728258179343 0.014545674494488186 -0.0013264992458369496 -0.024359412607314203 0.01199829957997877 0.0008390377091455189 -0.009947135260757288 -0.007101541878918965 -0.006492648202960631 
0.96706791843883 0.0004377460664608286 0.015872046052418015 -0.002018510222905799 -0.009748696631576077 0.0006927771055623028 -0.007598492893957096 -0.018247750622383395 -0.016464775627344354 -0.0024552457764802802 -0.010229871318661559 -0.0006821945940592948 0.016409554003437746 -0.0023962152672776607 -0.008453552142961911 -0.0029005070224422283 0.0012264739004243597 0.022736279401636566 -0.009955144270254533 -0.0005378004522816732 -0.013581793951049257 
1.0167230763238893 0.00043643772795458563 -0.0021478808572694182 0.013071464009705484 0.009388329895867525 0.00010517621796400403 0.02457446810709437 0.016270454262813927 0.006090514699221991 0.014918558788638405 -0.012450063117470676 -0.014477570977804029 0.008212374220423936 -6.983423008962546e-05 0.005464522636677447 -0.011253454457519978 0.005241678098363273 0.0022711120840442976 -0.0021478960230827127 -0.0010548286344854514 0.015458498302127689 
1.0246021064038606 0.014684131528350146 -0.012576246578698254 0.014310027984147385 0.009334905313538117 0.004212229063674747 0.00498976001924652 -0.012529435417755436 0.00933508188893018 0.007191814640588045 -0.003599953187425211 0.0034271998396864984 -0.014426507959708438 0.0066580573174407276 -0.01325724574420764 0.006720483387933499 -0.004810553539147258 0.0010012662899538604 0.004170235504813068 -0.009068658575278209 -0.014087907979996874 
0.972609252756142 -0.0049281938927668335 -0.004227326176291935 -0.011523673558096829 -0.017564563205500254 -0.0006199495280919613 0.009992243757699778 -0.0023478276267205594 0.009200028956429575 -0.009463781416690279 -0.00913479660378059 -0.010006216751051338 0.00721317163609516 -0.003490901257251021 -0.0011808289809978974 0.02102967446282335 0.0003907652483961518 -0.005317175318555545 0.00764849148440494 0.012104671519497203 -0.01088383098341914 
0.9970094176554624 -0.003785302380665524 -0.008762479509418098 -0.009082307867026226 -0.00347187837904749 0.01206787440378598 -0.01405882732861658 -0.002174631793838361 0.016269204576858754 -0.0015439175432043991 -0.00874556244721435 -0.010378854703846759 0.001444110582387214 0.007564676331854986 0.012855789740893447 0.021259090445846975 -0.008449294498955486 0.009740905173598631 0.002581049323959338 -0.0006911415115441656 0.0012364304768266786 
1.0063125735023792 0.015106946370293724 0.004186011725106235 -0.0035685440496156197 -0.010385261599355136 -0.005201614026291758 -0.002719598753224119 -0.00983038708140986 -0.007588930789877071 0.01197657734915176 -0.0022744899536628026 0.006319333159362385 -0.0010777606843882322 0.005283322629123627 0.007118289969749779 -0.008656010005046615 0.005872782459415945 -0.008237432997637097 0.012942463450223284 -0.014094444927253914 -0.0026739223628867164 
0.9421180803501705 -0.007704106500620457 -0.006474322311328567 0.00542237310097391 -0.014460475841485203 0.01775429855120999 -0.001363163868950568 -0.0064501145156663255 -0.01476731675332146 -0.007972971833127809 0.0028691664685907485 -0.0011386993906192537 -0.0021492112932472683 -0.0005565155977599496 0.005063539698153327 0.024917764517690216 -0.008382562471367417 -0.012302081922471177 -0.004583016779012461 0.002445130238054532 0.005659363268408667 
1.0190309646611568 -0.0012284876801655826 -0.0026744664403070962 0.006162127510690425 -0.011701894997072238 -0.0031452735538922876 0.020758885751860037 0.002264110351141094 -0.002506165399694205 0.007182750807585717 -0.009917546600687005 0.0019486760179834909 -0.007563842087578487 0.0024584520334213888 0.005490888386254372 -0.009630967932462067 0.003590185226535751 0.015100145506351546 0.007847010255417659 0.011591763427663184 0.00923046915704291 
1.0267125692529566 0.009079528213103833 0.0060664725824671 0.0011194989026267791 0.005440112610501923 -0.0016532859237371079 0.017013845003311778 -0.0025976910630238093 0.011578405834375218 0.002107652457553267 -0.010601545712701606 0.004549938711432279 -0.0027223070352809108 0.005281526486805473 -0.00727323537407037 0.006897489368617468 -0.00462165107676434 0.0029979419535678736 0.007749413455709769 -0.004095264553561043 -0.000670343028045262 
1.0075819309450613 -0.015113377828517578 -0.00410399852590693 0.011331930234562134 0.011334837452645128 0.007827701614016474 -0.012382761224535362 0.016103540906936862 -0.004218268989277401 0.006162525422025347 -0.008834846841204233 0.0034801315547687 -0.005046687523348514 0.0035547975415332594 -0.016132545162074952 -0.0069606612919887526 -0.0032629773627805107 -0.006966583525583959 -0.0011136134386800106 0.005265692110831167 -6.612713357393343e-05 
0.9554594423174231 -0.014871811746039028 -0.001187422762932033 -0.006866199698428725 -0.01134383443645822 0.0096710774782421 0.0015670022184768521 0.004077204823732437 0.02056091068856252 -0.010967919892801672 0.0017597456376078297 0.015573991323347016 -0.011084407359162532 -0.026046187383881425 -0.023275554599004364 0.001572124196419592 0.00034526234580928896 -0.007728138526024569 -0.0032593689612330913 -0.0004743384768623052 0.006594210771589001 
0.9855185783413563 0.005871610011011138 0.0014302679355141174 0.007355674699310155 0.006105723480912099 0.0023519074095663954 0.002327263289519674 -0.009088903049421648 0.025577216380928136 -0.0042163883178412 -0.006376975383908631 -0.004170964884622643 0.0049773439532703675 -0.004237214677568333 0.014389625174034564 -0.0002885184355434794 -0.014131678828672976 -0.004593003372731677 0.006429980191558297 -0.00800321796520062 0.007453940437577661 
0.9705127975518224 -0.005873231688380027 0.020513326920861143 0.009781266415960086 0.006255175970287712 -0.0045279607565826205 -0.002216928600686784 0.009912667131995559 -0.005174689727255052 -0.014051129344209514 -0.010622616137877407 -0.02470010168949231 0.0004907425138320979 -0.002980286077023711 0.018148695895208372 0.0016772978434067792 -0.010433833169200173 -0.008879458909440956 0.00014455478052944078 0.01561543805570664 0.0018828438991922087 
0.9343324281952927 -0.0022373069235327578 -0.005257464947016539 0.0012942644442741208 0.0024268760604962128 -0.003871530054282814 -0.01210856225829851 -0.0009159202258517345 0.012396607576589181 -0.007401333161701905 0.008984237714491262 -0.0219863425133448 -0.005294091280888909 0.029344685827038305 0.0009044979239187374 -0.015518062829601189 -0.0032481934115117356 -0.011346118529798402 -0.016793496898093428 -0.019785193079270263 0.017084013640963906 
