"V1" "V2" "V3" "V4" "V5" "V6" "V7" "V8" "V9" "V10" "V11"
1.08135017254712 0.00577853225541791 0.0127462202794811 -0.00123491316296651 0.00144298994441007 -0.00695685273334832 -0.00768172650189603 0.00844694621879403 -0.0124270491909796 -0.00432111621603363 0.00905792315219171
1.030328691418 -0.00112706217068524 0.00294678379184536 0.00774003270832136 -0.0104843035702049 3.78239320747301e-05 -0.00716190144068079 -0.0263238447202859 0.00107193775002427 -0.0110865100430664 0.0124333048976806
0.930018253586743 0.0118575876868715 0.0187730014274043 -0.00272369268493776 0.0063735792614949 -0.0344508383616877 0.00170245584067916 0.0136875819810423 0.000462922133337132 0.00722398594246832 0.0103432043904112
1.069793327608 2.79341687674624e-05 -0.00649458776499138 0.00788780490955716 0.0205313441799582 0.00823513370861241 0.00237749848874388 0.0137529604089194 0.0119186754441226 -0.00340244257513264 0.00371066947420629
0.964774342605517 -0.00564790764781298 -0.00299433771556901 -0.00790308717106754 0.00209535164001633 -0.0134744309930654 -0.0270897362916841 0.020726846746903 0.0105961244376327 0.00622077325725476 0.00505283711335964
0.98701036552347 0.00386887148246989 0.00543132473150278 -0.00635235340240882 0.00701867373330903 0.00548393344269808 0.00419600823993764 -0.01347452735482 -0.00507898555036414 0.000617987358873713 -0.00603337281181571
0.992156967771844 -0.000223941867890492 0.0172940230504679 0.00391243869352257 0.00775465298361085 0.00853679956264204 -0.00558625684096972 0.000950954712955116 -0.0127027000222551 0.00683976071233239 -0.00782731608873461
0.977807370347562 -0.00177780421446649 -0.0122289413578135 -0.00597189334538002 0.00730080660825892 0.0020141393953569 -0.00948578980882095 0.00619245551603878 0.0174441258758644 -0.00296001613276882 -0.00909084169278273
0.998072519641213 0.0128628863058907 -8.54931330001588e-05 -0.00941292240771066 0.00855258692251261 -0.00311488070710453 -9.07212078851801e-05 -0.00339834908991909 -0.0108488119782681 0.00859574241468703 0.00954918325252727
1.17971827453685 0.0122358391801728 0.0122555299055181 0.00482599308229012 0.00280876519976158 0.00840174201062009 0.00349874466848792 -0.0053542976264153 0.00520255102250552 0.00923738678532407 0.0078053083814618
0.960444430998081 0.00308073587297255 -0.000525933594138302 -0.00907848903366433 0.00186807808484849 -0.018512285393187 -0.01007213003698 -0.00230151392324423 0.00919672439713996 -0.0172961038681049 0.000498029921494369
1.01002155737175 0.00528302668319462 0.0057294021556192 -0.00823121279924916 0.000678028324691454 0.00734553387609927 0.003219567148197 -0.00163798147590409 -0.00189066285520662 -0.00918408126992429 0.00165416050447137
0.932565400287309 -0.00388370627968392 0.000779729591751577 -0.00455294906346551 -0.0102620652001799 -0.0113468388396144 0.0198930685057422 0.0149332435783754 -0.00163124993672979 0.00323162392063593 -0.00144441000781798
1.01753498465853 -0.00406060731601061 0.00518985540799493 0.00561044027870254 0.00179485240842533 -0.00737479319414548 -0.00180900386186708 -0.0215068174821966 -0.000400492306834929 0.0149104092543724 -0.0143282195206612
1.06598837052795 -0.0149077995304663 0.00234380868811506 0.00299404866014272 0.00501453733740032 -0.00923962587873372 -0.00939714771559656 -0.00503315940924522 0.0200183706038866 0.0139980466656612 -0.00745360089062599
1.04472360300351 -0.0126839061637654 -0.00243490694837092 -0.00287909027621804 0.00957725221066527 0.0270428714598858 0.011596714354128 0.00289769675504593 0.0138215785662358 0.0136814414367 -0.00159110924256047
1.10318040439448 -0.00591760281497351 0.00797979574689142 0.00674532781362916 0.0200683483044114 -0.00959075316806429 0.00404317392541281 0.0188370822679796 -0.0188546749736391 -0.00339718932497109 -0.00375583720850442
1.02566654234623 -0.00747402214829467 -0.000886512239782894 0.00613456191347452 0.003155985799721 0.00273973995112752 -0.00417001447211003 -0.00471756377597153 -0.00925081706663704 0.00569998727409899 -0.00656232375639234
0.974973191125977 0.0014738255436722 -0.0118262156695595 -0.0218092805242343 -0.00838081637922853 -0.0117189266590255 -0.0144689470967098 -0.0127932583892095 0.00728137484559476 -0.00834694138202896 0.00224690519594386
0.945576666003128 0.00537051708778232 -0.00666844023975527 -0.00957810456226275 0.00721288373459049 -0.00264619785895443 0.0325561770400439 0.00105414887085837 -0.000859307311411181 0.00826235759501962 -0.00521685198524032
0.997164903224586 -0.0154278961029146 0.00574334290036714 -0.0126641025074555 -0.00262330808707088 0.0114550766143949 0.00142352688490843 -0.00772231716354081 -0.00955331896483149 0.000624840095887815 -0.00159617131971958
1.03549022495519 0.00189433173345591 -0.00511744048132672 -0.0137148298094375 -0.0322760127784764 0.00881546820205279 0.0242210461610466 0.00208914122781045 0.00793140477771469 -0.00750912243680514 -0.00403339925509261
1.0224195514052 0.00334932396323557 0.00720072631469759 0.002294738961941 0.0118202177126031 -0.00208932430743715 -0.00522817793908196 0.0037032452986199 -0.00815330113699912 -0.00599793984955867 0.00128505851732246
1.06051834398741 -0.0069439866151004 0.00141677190310993 0.0240814283383221 -0.0185150358341359 0.0139725824889633 0.00344055079602092 0.0239162677380366 0.0116752806667889 -0.00882157849988281 0.00391714909733333
0.894004787007256 -0.0137076259612052 0.0323569269678276 -0.0083593360698589 0.013295178643276 0.00102406535317149 0.0160612420177723 -0.00583680582511055 0.000517498096390246 0.0176379333977292 -0.0134758063167057
1.04597111078374 -0.00779580562669254 0.0005790224005338 0.0165414992473185 0.00635494541337544 -0.0158355900479268 0.015671647792324 0.0108639367768244 -0.000311029564512352 0.029257083441156 0.00489336872611933
1.01733108620088 -0.00368003009186739 0.00473781035500773 -0.00531898331303588 -0.0108272482042473 0.0216504143984145 -0.00505682754848326 0.01697380226004 0.00689174264854046 0.00105280662041226 0.00496741584865653
0.947341393917899 -0.0167896284482728 0.00876610576087843 0.0031435707817056 -0.00107100126201689 -0.00902340564916115 0.00582439017948514 -0.0248682549981296 0.000545082589032478 0.00280315783501109 -0.00436859786349544
0.977721563244499 0.00564170820685285 -0.00430904242543903 0.00297879734672036 -0.010593526786182 -4.66420214852535e-05 0.0104907979784136 -0.00916592309953775 -0.000972082727873912 -0.0263952535090629 0.00837496542582231
1.00571197470261 0.00299881874806604 -0.00156148092690345 7.52617068394822e-05 -0.00154093316121004 0.00103710593005698 -0.00176835892103772 -0.00402064323831374 -0.0167425603136929 -0.000188663860783174 -0.00123665764417167
0.983352754808766 0.0137412284237527 0.00866665673571688 0.0215975243630997 0.00524954606901566 -0.0205099277268182 -0.012146740557551 0.00864438972221544 -0.00216167750385469 0.00418103012637262 -0.0079059794226172
0.973594260836421 -0.00200599324764682 0.0088737291513389 0.0126098313680306 0.0116404622286337 0.00466358795273889 0.000184669369621522 -0.00726347428571796 -0.0102142244300508 -0.0045469624544782 0.00881292687027419
1.08470717246026 -0.00375129267261041 0.0121644106877478 0.00336533482775986 0.00635934158371356 0.00851853788337038 0.020351622297504 -0.00507372107698049 0.00854856491973551 0.00210396693263205 0.00176711704838326
1.05097627215404 0.00975126794949598 -0.00616875421940276 0.00577517835058105 -0.00213015294037257 0.00142733416052517 -0.00751183647098048 -0.00198141483265415 0.0176268782887049 0.000398474173008059 0.00601683147348186
0.955498521313173 0.0174689623966953 0.016903281780471 0.00503589839635373 0.00646871127005495 -0.0141613835689603 -0.0160997857111703 0.0100802061485053 -0.00594971089766992 -0.00098390686690066 -0.00639588770363399
0.982570067763452 0.00917778497724084 0.021496395223091 -0.00253751277029901 0.0139744602731869 0.000967126716824708 0.0040527874381785 0.000591397371619116 0.00077516338925297 -0.00655811222524171 0.00108102419723291
1.06667596445823 0.0167720604680918 0.00307145215134938 0.00243041562129196 0.0124298763647537 -0.0109587323363003 -0.0345079628239723 0.00963890297354708 0.00508686668731023 -0.00903590449751264 0.0164235461711759
0.928982525722207 -0.0118644958653492 -0.0122947087405427 -0.0089758000929363 -0.00767167228512156 -0.00589478147785934 -0.0064630337090267 -0.00399957838028658 0.00958760285317509 -0.00730887101727912 0.00222755321038616
0.888330318548875 -0.00857739876479218 0.00181595505381836 -0.00508805775560091 0.00157028762654916 -0.0177657711980304 0.00294292435991134 -0.000351157169247833 -0.0189379828890279 0.0100020793577308 -0.0100244087158462
1.02675807038827 0.00429566172243255 0.0126171209555866 -0.0115349789628099 0.0130787373345333 -0.0106232688218267 -0.014086603629934 -0.00469603709823943 0.00319545494623178 0.00108139531250916 -0.00228034803654678
0.930135680059671 0.00144122854890981 0.00978665368842383 -0.00011814487691693 -0.0043735245693799 -0.00391315035371646 -0.0159616334167814 -0.0308480917608916 0.00545320417734114 0.00957595345604986 -0.0234168053245846
0.930939884837625 -0.00157678137459626 0.0030842879548041 0.00683937733547892 -0.0109746947761923 -0.00393135848434837 0.00725960883201195 0.0159477707706491 -0.00817909645643298 0.00826958298708903 0.0151702568976715
1.01305891479686 -0.00100280445597848 0.000972364120492812 0.00399684695062941 0.00315210665161965 -0.0187444615673178 -0.017704479154968 -0.00642628483527609 0.00836633126640766 -0.00168772035475151 -0.011894555872524
1.01582115148334 0.002641471132361 0.000191215435544313 -0.00890888322180353 -0.00844465095898296 -0.00489984686329518 -0.00158450083213232 0.00289498350058399 -0.00217154063996652 0.0103078180892309 0.0144253437179278
0.982830667365532 -0.0043372956123684 0.00964700762557449 0.010215112636251 0.0102430353013776 0.0214552257783457 -0.0153380247138534 -0.00379581530463053 -0.00870794625456635 0.00923919124817743 0.0168660944112239
0.98684657787308 0.010008212394464 0.00486259745092647 -0.00865171831782414 0.0041457883985419 0.00861455792502646 -0.00264958413082726 0.00503377704449605 0.0005983709751205 0.00911136324959832 0.0247340711666014
0.962813415905719 0.00588374419669508 -0.00196982521868644 -0.00450987524658205 -0.00960917282352825 -0.00872907248589608 0.00162379194983851 -0.00757712155670857 0.00245722669513527 8.2262743590352e-05 0.0153276979992918
1.03153645984718 0.00376495676596596 0.00707908404804137 -0.00520255260500333 -0.00135448961827114 -0.00304359700153287 0.0140531545370493 0.0085079392810293 0.00159493907016907 -0.00652009334514552 0.0190398176108428
1.04224631466243 0.00315418733281853 -0.0155065456627319 -0.00819287868102431 -0.011742413854454 0.0129673230491086 0.00481792590036203 0.00536855014188408 0.0027769459439921 -0.00666329681610785 -0.00151833070732508
1.09810687272031 0.0166095804356287 0.00144975350114156 -0.0023158375311113 0.000802358728432187 -0.0261916158437661 -0.00338963542385368 0.0113551021905967 -0.00352737399411156 -0.00856850498004481 0.00218857949402415
