column1 column2 column3 column4 column5 column6 column7 column8 column9 column10 column11 column12 column13 column14 column15 column16 column17 column18 column19 column20 column21 
1.0225902639822715 0.00634361393889931 0.00304459235753643 -0.007456527803885917 0.004131901442295426 0.0016807607217790106 -0.006425116299293954 0.011429109680096201 0.009654130586320897 0.004505429615897532 -0.006377986649304726 -0.004881254095558044 0.00037722255041284673 0.004472323127801004 -0.0036262319289245854 0.012607988168716196 0.0070972168961233525 -0.007717419378123654 0.013405095251522349 0.010329274184004311 0.0009679747822794331 
1.0379050921283515 0.004309331231737571 0.008448346762046538 0.003607856100060981 0.004226810135846438 0.013320631160003997 -0.011491814278150441 0.0013359711557181086 -0.01524719915199423 0.01395761412864567 -0.0015196105216960987 -0.002003844625549414 0.005455504049608841 -0.004907066484754012 -2.415238303160385e-05 0.0015633064980400998 -0.005823599868216928 -0.005891457919137873 -0.0023384619644777034 0.01483050591633348 0.008976286473817222 
0.9351376319998952 -0.010472110431696786 -0.003561877655473517 -0.013264087147612843 -0.016951354845063184 -0.005375399164370084 -0.00436844265059171 0.004585823649680343 -0.008129313017797886 -0.006605102682383521 0.0016179930585149718 -0.007043452215087493 -0.022431646534114932 -0.009194334762418247 0.011917503370020755 -0.011149146165617753 0.013583386775329661 -0.005718822654022912 0.014895408678699458 0.017275596958451798 0.016054740883144018 
1.022469764116988 0.006994140864720542 -0.021849855096470958 0.015513042942303077 0.00400066036042286 -0.001373728330605264 0.0051863493674235575 0.0038327105848977383 -0.004306068835148978 0.011922372681637636 0.011504986648670081 -0.011376216212169568 0.012115373980393425 -0.011458399852833626 0.020407917640015705 -0.015006729398153828 -0.005385600118783153 -0.0004928509688287267 0.004055921298820931 -0.03162424702911378 -0.011641460431733633 
0.9991968227619592 0.015935844607413444 0.011168595718905465 -0.0006931962231430855 -0.004188944819305487 -0.002866475135249506 0.0064623196641098715 0.009956873044713524 0.007597728966171081 -0.008569470942303313 0.009330071206206034 -0.001878225147523202 0.005750765068446604 0.019154548098312272 -0.005676154417357634 -0.0014374030057233151 0.00029863065769590835 -0.0088483625003074 0.012873628536478103 0.005611421466567576 -0.0016672083217625742 
0.987838051217355 0.009389449768831973 -0.0033595799529584952 0.017197466680672586 0.00378530227359681 0.003302198595554578 -0.0063021609668472214 0.0036445946241880555 0.0035442322573717147 -0.002254842927033342 0.0018583286770188032 -0.005547001464982897 0.01981886637750007 0.008974853049876769 -0.03144898893847581 0.010873654793072427 0.0002868702346038317 0.0009782775563912573 -0.02176009963852121 0.02228356363041899 -0.005682441182069683 
0.9995844312750082 -0.001240355625679149 0.009844539505683923 -0.0012250215734082599 0.0037068852308413712 -5.5429995215224895e-05 0.008714941707781837 -0.01168693525092338 -0.005691045778746984 -0.0010593862636781761 -0.002282048948425097 0.0081284248081234 0.0016991006039449642 0.0033409281167297005 -0.004452558821249588 -0.027480676361089782 -0.0009059633693445015 0.005177592163393433 0.0026516620221758162 -0.015033719728544488 -0.0010203905001849288 
0.9599815834485751 0.008477925717410288 -0.00026429019184534146 0.007351293224501687 0.0009140230618882796 0.008761457600541629 -0.0021572084915433476 -0.009722383538862947 -0.003867439656041126 -0.010991365470981302 -0.0032065080915078706 -0.018844822528010077 0.007035886202728723 0.009564858885650318 -0.01789613653245216 0.013041085395428385 0.0018239336849060475 0.010050822982404603 -0.010906524563541891 0.01477996985243677 -0.00446416253429346 
0.9927801520765316 -0.02963824508775767 -0.00556672650508911 0.00444411010706468 0.008854970576410898 -0.00506621622238151 -0.008361281561093762 0.0011237457880503934 0.004603882593411867 0.0009156494974055092 0.0034543258463063204 -0.008647231406803355 -0.017301254680651953 -0.00021983101195304769 0.003912620532141033 -0.0037097259424657947 -0.003924218701827459 0.015516327150651392 0.003329452214394493 -0.0013619854182344612 0.0009581882792485531 
1.0150258599720021 -0.013803352958848599 0.002778022820846931 0.003109275518236755 0.0009518547384244167 -0.003425144438393808 -0.0031448229876454236 0.012170098293750337 0.0006577621363546885 0.009759607063630427 -0.009057159148194646 0.016684950365634246 -0.005201874464832393 -0.005678453856618433 0.012365462257910029 -0.007728030236016075 -0.005005160960239683 0.009097665835346505 0.004458285458652599 0.014079004377587237 8.790087327527137e-05 
1.0285701053487755 0.013030835257166602 0.01632401264631342 0.013915076566241571 -0.0009089833141522444 -0.014290096040060516 -0.0019277608567120003 0.016434214811397747 0.002497983252665299 -0.0020122036867682392 -0.006745690630766317 0.004329450094167713 0.014809818113642587 -0.004113984307916448 0.010563721999162771 -0.00863224217280879 -0.009434684008649712 0.005261424909863868 -0.005189107725508652 0.015203762581735083 0.020073407990597498 
0.9805548760108845 0.01815281653379524 0.008238634119689269 0.0005861033347985259 -0.007826864352758303 -0.0041140727892662625 -0.012670566573648512 0.007366760913362803 -0.0025229958365098892 -0.012609513677658057 0.011213512578117391 -0.013912140911132562 -0.002476859303239063 -0.013808924973510621 -0.008064725326252124 -0.012399371833255906 0.010363731332277082 0.004005809961828196 0.006207236898671706 -0.0035446475431413715 -0.007887632508726065 
1.0385872036302886 0.007244369978020435 -0.010081479162300682 -0.0015758536879047502 -0.007166334271358196 -0.0016350126357770607 -0.009630393316863647 -0.011527566832970884 -0.014869275363880736 -0.0069545105748768975 0.004394621148283902 0.0028033359813867714 0.01535021543609618 -0.008816047833455022 0.02376321329366041 -0.004511976197333903 -0.018964840088623598 0.0039121747438554365 0.0025235342183061865 -0.017505213164003056 -0.002885664875998394 
1.0064472224990448 -0.016179153770819424 -0.0007414668248151037 0.006008780248185355 0.006083023282966092 -0.011062466504635524 0.006558543728401933 -0.001092483631476626 -0.0010870149169606993 0.006721693371056756 0.005856694518612211 -0.011936777934935746 0.007584330337267293 0.010057246645333423 0.009535605849420396 -0.005702194299684996 0.002868907272172714 -0.020343038737497317 -0.010855282569337822 -0.005207194906657462 -0.001200289716789876 
0.9811342257582533 -0.002520347258128338 0.011019280414766375 -0.0037282568528761296 -0.0014414008686632815 -0.009350887658179756 -0.009757291456771608 0.002940652789332444 -0.0011887966088420221 -0.012212009391725134 -0.008189010053416072 -0.0030219569777409794 -0.01872229604966066 0.0020773264737680834 -0.0012269568542478426 0.020097707347846806 -0.0032894812452080586 0.0008139990355232615 0.0044645170606396325 -0.008646395437771385 -0.008677506361301133 
1.0088396463211862 -0.011169503925019364 -0.007070804540407052 0.016986519816384348 -0.012455026172268369 0.003408435876205832 0.025394567676477433 -0.002445187847165658 -0.0008211836569200467 -0.0015569839657287262 -0.0025745991790395613 -0.00036627479026358275 0.005106888497128878 0.007947175948787103 -0.016541535793508606 0.01621528618926882 0.00046547116280486656 0.009816875250954678 0.01133157261920051 0.015725480514307767 0.019746556714075804 
0.9508657061340454 0.000740477220044211 -0.011248913774360537 -0.009892562767181942 -0.014666545343045968 0.0057651529126608375 0.009181388345704772 -0.0040376701676310064 0.004861093809639832 0.0007015769186437857 -0.00015742842786351172 -0.0015894682100099388 0.007400850508515702 -0.002735034766389713 0.006054100980705663 -0.010622179275456512 0.0009687278627616278 -9.356669008480387e-05 -0.006020330754077434 -0.004313035981840529 -0.019160258602310305 
0.993108800434045 0.003952434333183624 -0.011181114192012958 -0.009351540793384173 -0.0067758614869976586 -0.007895878599924966 0.011888808290425566 -0.009842577763816432 -0.012125473133262451 0.0008988341213770475 0.01582025291991026 -0.01551728961982481 0.008768412465584605 -0.0035402322823798126 -0.0025815725118922663 -0.003794431706531967 0.000724395915606714 -0.0032305483552865335 0.0064738823815758675 0.010340408031756995 0.00020170345851487656 
0.9905719935637608 -0.013932031905720982 0.009808175333696668 -0.006260280122841139 0.002983115239049566 -0.010471801428087311 0.0019308805581630937 0.008275449897513313 -0.008652902294589248 -0.004417957733316795 -0.012227745453980417 0.0015207868301006274 0.02978987935473562 0.013100358953385518 -0.00254869952728348 -0.006031587243674225 -0.0004439299329944207 -0.019492381669210735 -0.01492378663577308 0.023503951309325966 0.003261493133426238 
1.0168479090969 0.008040659187378398 0.005990639501295736 0.011765656762463144 0.002645870535948725 0.0067572370658737415 0.006085068388695631 -0.01375286837843162 -0.012631182710644008 0.0019421654981420032 -0.009966430855602292 0.006987066788643497 -0.008621669575071145 -0.015156398477696714 -0.0062966006252807225 -0.0020094498314868906 0.00022703117276610043 0.016600069316956616 0.018893123990652523 -0.009914579500868973 -0.01978656109287453 
0.9950368263382187 -0.006672014617522267 -0.013545914960150523 0.0006226108630072241 -0.0018335422855937245 -0.006319687161163496 0.0003031484806156522 -0.007546765881458234 -0.0006463173898773898 -0.008398065510723415 -0.00452081446850012 0.001803553739804602 -0.0057585412852902565 -0.0038304603662304686 0.0012364153914741932 0.01622095386250673 0.006782405006075068 0.007624648385243188 0.0012389535687696103 -0.0030907772325788913 0.003797088266037688 
1.007667955502863 -0.00205929498803625 -0.011565168547698401 -0.002260069357925007 0.0011068759844798197 -0.011766933325282348 -0.0030911452082540516 -0.0037835568447268583 0.015241739420502677 0.013510849612808101 -0.01330811141647168 0.0019346925956722888 0.005834272143537068 0.003756400992837975 -0.00988275743940629 -0.009346925951674441 -0.007869337699903068 0.013145609524241202 0.015316967279001364 0.007020912881987157 0.01859076112135413 
1.0140747179894707 -0.00302754686458167 -0.0003943614755614725 -0.01878896941112293 -0.010333059634145025 0.00329462165066433 -0.02641693104710244 0.008239654805904025 -0.0065081705438234105 0.0053762846075174975 0.004520049929411391 -0.0020472464940379676 0.011265254844124146 0.0015181929979608943 0.004151244213713717 0.00020533171727192076 -0.009345110237409407 0.0025701070544488403 0.019497308147324127 -0.010939497562212826 0.003137997276929882 
0.9654583635264666 0.005636278705166592 0.003548798584104727 -0.01978155285815432 -0.012478687874430999 0.010854589180502545 0.018155779292947868 -0.003035683911312818 0.0023889598629497017 -0.011120951725238264 -0.005352466925872935 -0.0005780880026540969 0.005028964163136365 0.003062046171266269 -0.005891181766834358 0.010389047466970147 -0.00013312523695231207 -0.012232418748672825 -0.010444130915726702 0.004803715244919906 0.013324268679660252 
1.0004178804564507 -0.003467764990412025 0.002104932123888019 0.0015102909302950297 -0.008795950043261723 0.020632871965956395 0.010322222458269852 0.022981845743592532 0.0144150661014608 0.000417800621534546 0.009566945069343632 -0.01822641613528626 0.0073122944300070755 -0.0166756305524594 -0.0012508516409755598 0.006592508169672181 -0.006360590563947137 0.007641084174271313 0.006830174947097568 0.0008355328638495241 0.0004994313414291507 
0.9977551639686143 -0.02278164579831321 -0.005982659846094306 0.015542099870992584 -0.0020094766095632376 0.004481196066487656 0.0028494335469693 0.014413733432310422 -0.013577652875040718 0.0043447324925828595 -0.007181634947516342 -0.010336017854545763 -0.023396319261603914 0.02466867344290719 0.0009778194136820888 0.020665176253489227 0.007438047734624467 -0.002532521408997345 0.006551264458090906 -0.00730672323002306 -0.004772091082392913 
0.9431831097327328 -0.00665941813115748 -0.0002421885998530181 -0.010631606526142368 0.006560738963737002 -0.0032173299335473793 -0.010277828530359611 0.022374151122405497 0.003818454885902915 -0.008881138103659538 -0.0037356788503187083 -0.007168629654151647 -0.008769750096558854 0.008397759096991612 -0.007218288189245953 0.0017864633620170247 0.0055317998925352475 -0.004604360192819012 -0.005119470062469753 -0.01003593227188238 0.010125678468605908 
0.9696637438080953 -0.013375667247296845 -0.005348223477817283 -0.007121737311484569 -0.02243693789223281 0.006937433064583914 0.001965124327009293 0.0033415318005532765 -0.0013608617516989005 -0.019492944784945003 0.014484044259171824 -0.00019364239682834495 -0.012836352729473515 -0.019153202635577786 0.005345020625800634 0.00835418221183317 0.009972822029875044 -0.001757237425527677 0.008038917672684354 0.014730732311325143 -0.005656287325414188 
1.0475265385839898 0.00020865830825726798 0.01495405844189966 0.001145718120786783 0.018748461906568665 0.011357892260608243 -0.022026742079826248 -0.003656510662600035 -0.004777587541593533 0.00895670795816276 0.010163946045987225 0.01913336959578758 0.002325199902224934 -0.02024550389023613 -0.0021933280796834547 -0.009690698092418579 0.010779926728714495 -0.001463754764491593 0.002294098453703148 -0.006051974652580206 -0.0026501945587523125 
1.0014981093329367 0.01939787391005252 0.0017585481800656943 0.00847319037188234 0.008580664259046765 0.00560387342133185 0.004146304101337442 0.008057416843386638 0.018814376346021528 -0.019207557501178994 -0.00897874868425488 0.01009547932912901 -0.007110057383905148 -0.007551311076173018 -0.013955495495124261 0.015755136026179582 0.0014379034205229055 0.007109802851152673 0.0032897914282843327 0.016536422730707524 0.004016944523483633 
0.9447404978659992 0.011141695009519345 -0.009073326669308624 -0.022098910945877223 -0.009294626321037157 -0.007134419160071553 0.0036531082581874818 -0.002484893844974545 -0.014010510876222904 -0.009082638814969063 -0.00859549651669132 0.004974117295802752 -0.0005003621997283987 -0.0013145866791598089 -0.012072522124683962 0.02202176360800062 0.0018875447271793119 -0.0044871533125728095 -0.015740922034075375 0.018102355231254048 0.006110553621150432 
1.0285138643304215 0.0043133774624272555 0.007976059397522365 0.00772746360335373 0.011248835664452131 0.01959905190034038 -0.007945530276500853 -0.011293948918880237 0.003322043478011057 -0.011778360555689312 0.014399178685688971 -0.01317645742601281 0.0006970847913658713 -0.006735468232982079 0.0036966449068741563 -0.002189448378966819 0.0069318768811407186 0.002562475707596642 -0.0035041846553119215 -0.006002154852546038 -0.003705229007373792 
1.0637986229271768 -0.009984893056784249 0.015583225254705966 0.007175976004401392 -0.0010118913561323775 -0.013355490105016356 -0.006755036358627465 0.014721885228480967 -0.003427581735330446 -0.009786981417665246 0.01408103801952047 0.03058903515118196 -0.01788219405761315 0.0023330460793236007 -0.0033254611537337276 0.010876358009448776 -0.006959039134081623 0.022551475516503286 0.016412565248114585 0.002450022159396064 -0.00511168821293177 
0.983441202581332 0.002922687394563972 -0.0050381344373119745 0.01582561827606669 -0.0017856309816732814 -0.013696461656812408 -0.006601892286680466 0.0055106251499651895 0.00840544037325545 -0.004962807468523795 -0.024737246666697583 0.007575795508069713 0.01295961325333335 -0.003163206443142925 0.0029682194060260338 -0.013658666612580073 0.007827411619556204 0.013013755749020237 -0.001495787089775241 -0.011400618586234097 -0.020330688874939006 
0.9723317373062318 0.009350287970822194 0.005518073349266021 0.00575877412018277 -0.0020064846830280146 0.0022274362953015724 0.0038248748033060187 -0.003003233797242869 -0.002347088368597496 -0.007548700898873243 -0.011016510128725487 -0.007610352960467473 0.000511587537445395 -0.0015361194751549768 -0.0038060666103914404 -0.0001068241947835591 0.01638615896548922 -0.017229665635828794 0.003401619535913275 -0.008059949132996428 0.005966303146281976 
0.9548221266737702 -0.007480198488011568 0.000783365425068649 0.023336127440557464 -0.003359189512241733 0.000927047621301006 -0.012988038252231673 -0.007868864363046981 0.007874685321972228 -0.0036079742187647606 -0.02533365833384357 -0.000687274391676899 0.002725150856059878 -0.003425530754301354 -0.010036348503887729 -0.0063455698362834025 -0.005787497536304543 -0.004211747367244804 -0.009874354611108456 -0.004016984070534648 0.0027054181540115546 
0.9904859721568936 -0.0007243476964021465 0.002602784342371043 -0.00526578534918437 -0.0060261700801400855 -0.009256715644178612 -0.0011738511651117607 -0.004849443451865927 0.006251432854226128 -0.006390571496469098 0.022168812125195704 0.0027797874714209853 0.009037594525649407 -0.0017658063424144032 -0.025360771383176006 -0.003132200643047987 0.0016666198403718691 -0.0010469495867093143 0.006401037040243957 -0.015553858935513505 -0.0024366328673089614 
1.0281813041183208 0.01017260525259497 -0.0009021706827971028 -0.018171828556591697 -0.005762677537236799 -0.0005069687575904114 0.006906069286402253 -0.006028523681243907 4.084024913571218e-06 0.010183725447209585 0.014905434404641923 0.010355313039336202 -0.0059498520845529335 0.016760506057573083 0.014973250784445304 -0.0007731224970028085 0.007704566479746677 -0.0031686628211238486 0.0011970563941644508 0.0011332038375053174 -0.003709983312237783 
1.009763068549758 0.006051007649140459 0.0064576869544698936 0.01262524699927138 0.010913170926776825 -0.005173285089884553 0.011163406922403692 0.006505226856391241 0.0021315520006577127 -0.0021368076247681436 -0.0013830502253336402 -0.009835233515407358 -0.005655301495264442 -0.00614467348064697 0.0006500299063764785 -0.0009467659924293475 -1.184270946938639e-05 -0.0038789491513952557 -0.005113288598788655 0.01644362924731863 -0.00480881444282128 
0.9988229974240573 -0.002209184446273164 0.00809206711596093 -0.0072769040376772075 0.011953944859068418 0.002837858319227854 0.02852833402447926 -0.0007468736399367817 0.0008705077102549808 -0.011538541585984177 -0.002613018113192406 0.0055192427810347566 0.01094058150551794 -0.012345194389536992 0.0035287420168719687 -0.021368968771748 -0.006642722523371365 0.0010021800303939257 0.0006677676350323446 -0.021395586850287144 -0.007988606063875647 
1.0173655750688315 0.0017734974390707292 0.023629113719057872 -0.0016231074533915191 -0.010632446320362055 0.005866281804993731 -0.004246708777745499 0.007488598008105888 0.014932512820858473 -0.004899341114295676 0.007795761493197614 -0.00016308093725613568 -0.012090602848426469 0.0016190783082035353 0.01516418921022212 0.011270899461125505 0.0006826793020609089 -0.009363625900380841 -0.013256139628036585 0.00010282754678290729 0.0017319624956775618 
1.0353681687152998 -0.006835321182998269 0.0013231356946766964 0.019129513662955504 0.01748883098181169 -0.006880087200815986 0.0012369927921533127 0.006225831131354322 0.0006950653100053157 -0.009296133944380955 0.009847612614382916 -0.002896813258182219 -0.000592349598193711 -0.010812006272656785 0.002902818026079436 -0.0073720411970774604 -0.0029895653790039858 0.01698509813782071 0.01007843565978155 0.011210848549509577 0.0033245237469512706 
0.9993960409407906 -0.0033096239463538037 -0.00944241391325936 0.005660464091514217 0.015060680527661541 0.014055922567558667 -0.002215191878011097 0.003946701384800473 -0.013642772662267232 -0.00845817431878513 -0.0023252026185851156 -0.0007042616411458707 0.0025106486784523554 0.0009347215794226426 0.0010810099571673395 -0.009334394756537572 0.0010228711762526363 -0.006739755832009603 0.009088166383316115 -0.010267366253455904 0.012321219339181663 
1.0137806777272091 -0.0002796084744489012 -0.005699567895476667 0.023300571167501075 -0.0005625813744764874 0.003767710667004078 -0.003324317615516363 0.010355216682897872 0.0018094311483347772 -0.010837589377578997 -0.015352933237277553 0.007130203349084009 0.00994159314621519 0.010146376965771706 0.010396636357552232 -0.005700152530168661 0.009442389510759942 -0.0009351920286868196 -0.008152906547214346 0.0011983729108671621 -0.009367469223246857 
1.0190283433337661 0.0026435405644985744 0.001972066149448223 0.006298505802284501 -0.008789883754424192 0.003265905013085692 0.003029582462869225 0.007067137683527159 0.0002555256546683238 -0.006226714529645345 -0.02230394290928824 0.010896806146167157 0.02420006194987351 -0.00623336593513285 -0.0014719766209712176 0.013120570275754638 -0.017824994753413072 -0.00441657181966331 0.011698700113236864 -0.00294565317108383 0.0006866326165593492 
1.0101989789179264 0.012790377863399737 0.009170106371254042 -0.011117929540636583 -0.00032026344544387064 0.007861867780736047 -0.012611930700110068 -0.010040006106581699 -0.01767773814708909 0.01744196257976915 -0.0031325071654607134 0.016908202276095134 0.002217804535891935 0.002324586066616249 -0.010077952926050905 -0.010125392615244371 0.00520685323296911 0.00667087548289913 -0.01011159244297167 -0.00045924742277644865 0.004940062297892967 
0.9886772883646991 -0.004594965621804635 -0.010130295980810191 -0.01524105098508287 -0.012503055229019927 0.009665547586195325 0.004403502630755834 -0.0034553154003310782 -0.009299763382352626 0.01347747086355161 0.0037284540510136195 0.002025017954025891 0.000472294433252153 -0.0014939793559340794 0.023545323082801006 -0.0054377389370476245 0.0015401644398659708 0.008460270373270844 -0.016731698382196215 0.004711832653795948 0.008045456483287656 
0.9195725746818504 0.007108086982913637 -0.01606907387253207 -0.011786075363087989 -0.006058983112858411 -0.006759271995001821 0.008378565353599264 -0.01355516669109917 -0.0007577731663475927 0.005739429263125604 0.0017652169511313787 -0.007208540000120736 -0.005304923048388334 0.008400773940370565 -0.009414072377535386 -0.004220439423737159 0.011120425917073488 -0.005916652208674018 -0.03199296195125291 -0.007872373503753347 0.0012668236246730742 
1.0100718594860865 0.00433935384396469 -0.0003903788132414472 0.005089371631299035 0.007442576745297878 -0.006558436487202013 -0.011987489281112896 0.0003396749522716797 0.012123686545566397 -0.0036157456314348715 0.002435772416704948 -0.0076698141140479235 0.0009814202585423093 -0.005479662391522652 0.009528330250926111 0.0025431782107078055 -0.002036991611675497 -0.0013462014065768499 0.006477053299764074 0.009973595263378987 0.030122274617161993 
0.9723185847023045 0.0159937227268348 0.010433959356067054 -0.01501895424119245 0.000742589706193208 -0.000586872560160987 -0.005807091807064219 0.005549340185587975 -0.0020616652382622618 -0.008575981316953843 -0.00918098208127502 0.015934539237203373 0.0002815567072774984 0.01604377989919432 0.00027446129785101044 -0.0008422553377888662 0.01030160973112982 0.005606597837195213 0.0032919772813556625 0.011339342773569863 0.002683563742658377 
1.0004306242381074 -0.00025225535521097733 -0.006460803111812664 0.007205933038226416 0.010644633141681108 -0.008753265942929992 -0.006254505902612819 -0.01897651162925299 0.009117260443060935 -0.009526274228679289 -0.006092405440128609 0.006914710702330227 -0.0029770718385906366 0.01475726489487661 -0.020470981749105485 0.017464318878145466 0.007546458793058065 0.01152770906831114 0.009766065729732966 0.00204868007820696 -0.002567469099629386 
0.9771390567838961 0.004495726701895328 -0.008079951745153358 -0.0013840696782092751 0.001439516104969411 -0.011112748653594831 0.005537832491124439 -0.0038807155777245274 -0.007846681346373808 -0.020932998153842912 -0.0012901055911995899 0.009210960363375445 -0.0035419519077743654 0.01592766643481357 -0.008956995544042001 -0.009339497214929443 0.0015379785258803219 -0.008782349473818469 0.011618836735798607 -0.013498481048632214 0.010905663512667172 
0.9697436020286315 0.009992630955761996 0.0071879281319760435 -0.006494373630130826 0.0047266437775340085 -0.0029856761240753377 -0.0046013433856049585 0.003528449816006432 -0.014575732182242227 -0.01286640396414932 -0.006813537232589338 -0.0032743795775032705 -0.0143999888836263 -0.004784301382689853 -0.00752381969405898 0.01704362783872372 0.0002722617460152915 -0.011594296473305916 -0.0119147208059335 0.005360981886507798 0.0076092823157197075 
0.9878418428743015 -0.018032138026184523 0.008665060401152322 0.012309278480730101 -0.0013449417570620108 -0.0049991946956698076 0.012397756905677227 -0.0026860505699342853 0.004017921851297186 -0.010618848231930772 -0.014593572369345671 0.019913253106482322 -0.016320333442923524 -0.009355456837580316 -0.010546880986314698 -0.014561975857205851 0.00382474013526714 -0.0033622772224770566 0.01059882392233655 0.0152260924116118 0.027347854299041845 
0.9562276287224765 -0.005959088691133563 -0.0178488430356957 -0.013835747999353313 -0.0019759220330969034 0.01216708615738501 -0.0010456212173206587 0.0002922927154598845 0.019222363876839524 -0.0021674096394893178 -0.001678576771532003 -0.0027140159139251332 -0.004095387730698117 0.001389758890518866 0.007278001847471939 -0.0017061463631849075 0.0025601012185849066 0.0070606368342505865 -0.005380916991007277 -0.0015490237175362458 -0.005619797023413867 
0.9856179374805518 0.0005274342550826026 0.0012627385714780019 -0.013361947105313776 0.009668585685261298 -0.013915954386915834 0.00564983914237167 -0.006997216112437897 0.021160171915704212 0.0020203764783743865 -0.001891932632158864 -0.02148185278900315 -0.0010621502336231306 0.0032607220456816626 0.006807378094501537 0.0006296737790300907 0.01705694818772891 0.003250327699403788 0.003183142614584563 -0.00029669804387803697 0.004642390461888375 
1.0073833298488706 0.0010668205420604402 0.00815128281846058 0.009744144382188999 0.004825540543337841 -0.004137200418667882 0.007401789091426774 -0.0038929742498562485 -0.011438204140361721 -0.015943099896391946 -0.011491488807644347 -0.00040565147113457367 0.005388373699621926 0.006373904218296715 -0.00020190529153741327 -0.005860338969887963 0.01716072241688483 -0.02582693128027739 0.0066265817849721345 -0.008375119247400682 0.012354382547490812 
0.9679230900461779 0.009307488666126282 0.014073744701243805 0.0004994452784076246 -0.0006741372759406667 -0.000503340223931636 -0.003021693255779283 0.004942531204546761 -0.013369538109538457 -0.023394792518906686 -0.002932189612150946 -0.0012988722930794385 -0.02003126503685049 0.0028909895016283305 -0.011737625965524127 -6.538987171763158e-05 -0.01225574752343887 -0.020796939716338544 0.013011722610653371 0.012559156101324638 0.003391521136299271 
1.0334241481207784 0.012774868842175545 0.007798156710377328 0.005677040163784361 -0.009194480864858464 -0.006015614006347706 -0.016744225037710912 0.0010890788403539868 -0.002343023519941019 0.002535135266132204 0.011023444915541459 0.005437080830924127 -0.0004589298089398479 0.008146862382723474 0.003022594963843419 0.0011751487501963406 0.012187524475604379 -0.01591161269907307 0.008892946704024116 -0.0029013068250759917 -0.003153262127504142 
1.0259136540377158 0.006272580484584773 -0.014420733986340263 -0.0031571133467654835 0.00737792125416828 -0.0118128969605229 0.0002046583310251965 -0.0006533002375115085 0.005075568192553784 0.000818169969457216 -0.0023008849112102336 -0.00285576985424231 0.019395214164964984 -0.0025460670731368134 0.0031635851150359435 0.008174061582611115 0.01588331819734961 0.006510302393859169 0.016708577876662363 -0.006148058558335368 0.013067716359905817 
0.9993888066450229 0.00934802140579551 -0.00785196655976298 -0.0023438569500119615 0.00804017679231404 -0.007403825462055986 -0.010223196189611577 0.009258559565745356 0.00987688930023232 -0.00420932968068028 -0.00010491863551980941 0.011190314062816271 -0.004460186174042479 0.006189703470924656 -0.010058345200928676 0.0040791968248060405 -0.0002772732126849735 -0.016935671639974784 0.0219039761089542 0.01024296372540031 -0.006969139931344702 
1.0000233410635282 0.006220113924898427 -0.009481088329756224 0.004847497154049193 -0.012623611925050309 -0.007205348784715512 -0.0003260215785357275 -0.001023092661832852 0.00945509523338968 0.004153895679191123 -0.008932857963912239 0.017618365535603645 0.00534025557693535 0.006595708922353603 0.007486583668085839 -0.0023313997045941617 0.01460949599205466 0.005354966806818188 0.004543408474867347 -0.0029351928659918005 0.009465968145670337 
0.9700038757014099 -0.011782736489287638 -0.009604026850144639 -0.026541774151744413 0.003692130492216662 -0.015139331698299651 -0.010375592851383689 -0.012124641810966275 0.008945867826320168 0.017422052761452575 0.012750134770438633 -0.01950750480450011 -0.00205288162285675 0.01676571231671436 -0.004296125242917529 0.004555904462284526 -0.003452372110334337 0.00860111898247297 -0.007688720674349328 -0.024358520624640247 0.019510987854735533 
1.0205515533940128 0.003151635647738444 -0.007495195498110582 0.003940958639421576 -0.00027818809035358357 0.0027590363076845344 -0.01262664507226973 -0.003772150421603609 -0.017382104584727342 -0.009405315922646014 0.008721280899806153 1.3626680306296405e-05 -0.00574977660287548 0.0018797407179139325 0.01180772874767856 0.006147223924164185 -0.008235656415723056 -0.014154504617674923 0.009783573048244534 -0.008987204295029255 0.009100919727772747 
1.0193090268075269 -0.0050013525357270406 -0.009478493521680748 0.008752977399514719 0.004417462568161123 0.006388636443798924 0.007448124461875664 0.009548930664164288 0.00030620653491079567 -0.002715479203514731 0.0020155876793173967 0.0020851200977071863 0.0035436073348389754 0.008053362955097737 -0.0077386980253147065 0.010033496485946898 0.006898593378582776 0.00011586658172000203 0.019297083763442923 0.0024139645132388865 -0.0166864627610649 
1.0242082345182981 0.009092462504903502 -0.004409012031825994 -0.0014514122616666226 -0.00023980841275287408 0.015628662760047558 -0.02663933779912481 0.019160313717145865 -0.012789780238009528 -0.009326439998470895 0.0018009314589759332 0.009160596682623949 0.004167971748227127 0.0034924069779932645 -0.0003876964643909623 0.007815127762910106 -0.00380477498505595 -0.015559124155796177 0.016597724154641034 -0.004962013207711677 0.001645719509221926 
0.9607189432545955 0.009766764751255147 0.006679639052186125 -0.004944502595327326 -0.003879712005473886 0.004162001991095239 -0.011647501918083471 0.011435122966388774 -0.0016807907632828169 -0.004521591143766775 -0.0029607702410054722 -0.018255921617662495 0.0015958344631336796 -0.011539291563774166 -0.005974852589494602 -0.009683938752090277 0.020276750788931576 -0.003349070336779656 -0.0054580501669236415 0.013121982233724573 0.01999612155846125 
1.0248089771034488 0.026514034440322888 0.006194524243348044 0.012406228273082154 0.0006853278382377044 0.0037660191297732284 -0.0020230298172933016 0.003187979403249703 0.0012038539432042165 0.008876714368303675 -0.017282633708103668 0.005472094093640209 -0.01924539286117636 0.015381091971668868 0.00617382541074559 0.014673974853501075 0.0015722928015737634 -0.009550897135331356 0.00030170826249679007 -0.0028704720411946065 0.005849171717146086 
0.9586222370478084 -4.910182804493107e-05 0.0012996787390118808 0.010790772840515953 -0.004972856936017442 -0.006242389800929298 0.0024058294231415213 0.0015576118599975677 0.0025684844942818062 -0.00944709945621386 -0.00795381559831581 -0.00116006338301033 -0.00714265324010969 -0.005867966857578905 -0.020949202286623416 0.006246755540504514 0.005120558971188235 0.003342259004107287 -0.006085809813903429 -0.003694825230338179 0.010801502361221578 
1.0197711336144855 0.0038851084246483425 -0.012419083709242931 -0.009884800772267211 0.00040831757710350653 -0.005752654676967529 -0.0015212063751628225 -0.0046588556543262875 -0.006129753990414415 0.010411001020409273 0.00023430160677057946 0.010149356292014015 0.009832970312476768 0.004109484191463391 0.010903931769303599 0.002515733341179942 0.015508983192482765 0.000621581229567832 -0.016192997045938306 0.0020137393859191387 -0.004540694974797691 
0.9375608397201923 -0.011616188306428703 0.013673207237712355 -0.01170803624032676 -0.013295510665282551 0.02017701595586965 -0.0073829910064255756 0.008905635895091055 0.015742959269038882 0.002893299352895429 -0.008033115571600752 -0.0002469032773598879 -0.001132579954738576 -0.00434251607120471 -0.002696062861622282 -0.00995899849150819 -0.006415352740852861 0.00685110205728645 -0.024810441401279176 -0.0073364260716289355 0.006525183796256927 
1.0179328608199456 0.012923952680100333 0.0048895778893847976 0.006916912062342845 -0.0061965758646332445 0.008028203526240622 0.004557301101254155 0.006519329050326467 -0.017002192063688863 0.0012910968345007632 -0.00032819190356964145 0.006840077264362123 0.006491244404984386 0.0038284489864463364 0.0068036333981999035 -0.011651009222073851 0.004128431408516887 0.006343556227398552 -0.010181668901611445 -0.0034594343849012462 0.0010201773950468478 
1.0017658769851487 -0.006035142485577552 -0.0010268341186406562 0.0025351298258238807 0.008563487005996715 -0.0019705938437267734 -0.012174000655590177 0.0033933070275054362 0.011687656655419177 -0.018938737290436214 0.014296157411633257 -0.010403841398965639 0.01136667824320159 -0.01845639422182208 -0.014828555679024066 0.0044168769680784665 -0.009005037454653569 0.00531801433783975 0.006918258402360207 0.01250399393136302 -0.001996676552639676 
1.0076170744897783 0.007184521806473574 0.004886765749539096 -0.004255359923553606 -0.007681861952957098 0.004569607783963146 0.004985641495091808 0.009224126765576579 0.0046406866166645525 0.005015444913790696 0.011905012255285436 -0.00789232980912395 -0.010062475752899072 -0.017318925123643938 0.00014144466680543163 -0.0003749221791807089 -0.008767521037325858 -0.02153723328562172 0.006109465854048567 0.006706202450220588 0.009200710078581949 
1.05708064855476 0.002471631102020447 0.003667387164330126 -0.005043139347595266 0.01573997832294814 -0.002511675830570991 -0.008410724430240588 0.00684796469369764 0.003169373078813726 0.016053234504956104 -0.0031370051893774204 0.0022942883947787577 0.0052865791754758504 0.004606587878171904 0.015110397285485742 0.012075641765682453 -0.009392048697348426 -0.01008095489353292 -0.01854323429460271 0.00746673547076912 0.025759927002618435 
1.0074834117270615 -0.0019489349303506676 0.01761555429433837 -0.008488043339959995 -0.001959267069080708 0.005677067604780685 -0.011107290896709913 -0.007545224906114405 0.01835820782929655 0.015993060548918515 -0.0010255653552418925 -0.006835628003423581 0.006586841331358959 0.010662887657072365 0.0012745507378912847 -0.005334314357594935 0.002951025581100612 0.0006847220033278907 -0.010119645438356426 0.002322914181015493 0.017053261167531537 
1.005611172262598 -0.0039776941780833245 0.006268292173107394 0.0027675285327189913 -0.0019574195092112367 -0.0017965456293159094 0.0005319984603772125 -0.0033420466458184183 0.0031523808798082824 -0.003764936810403233 0.012773355401546393 -0.0063770296621263566 -0.009239416431645484 0.010855084535933328 0.004962355653866171 -0.021329245687681388 -0.005456715881592911 -0.013399681841090924 0.005238425345360262 -0.001149010612219187 -0.002205295266465976 
0.9494910845796865 0.002905903680374069 -0.007191732497419743 -0.01837262506086508 -0.006115643806867251 0.007522742083690825 -0.008899819705626689 0.006348166819816426 -0.01153674223861762 -0.005444337238141489 -0.012216599542762812 -0.00475921501875499 0.005657758845849319 0.007484707334886412 0.011355515457993223 -0.01277074403943304 0.005107970845644338 0.009711575956897612 -0.007328058767808195 0.024523786139824283 0.008145804573108631 
1.0345649651662454 -0.008200223505190398 0.010967375018313519 0.0031786915115377024 -0.007444258876723492 -0.0009442420588871104 -0.006138268591222842 0.004571354876178493 -0.0019260646179118993 0.015051497635507304 0.005179728152221568 0.0019261192172570437 0.005060524447390868 -0.004182868076570036 -0.006266079868826253 -0.010931109108814778 -6.9189016356975935e-06 0.01622641999579712 0.009006210895289626 -0.01309054255466014 0.011288935390316793 
1.0268659045481239 0.0077746514989625575 0.0007563722070129858 0.003057422709742531 0.009341983744500184 -0.01570653247385774 0.011634537704131863 0.006606891117885161 -0.0010751630918212035 0.006161793792566343 -0.01190457585435506 0.010565974425227711 0.01727266972917804 0.014393372116821897 0.009822326737728737 -0.010288103812883616 0.006655999752453919 -0.004624129278329113 -0.012798829175984475 -0.019744206759354815 -0.011632478910018187 
0.9706628364199937 0.002078054170558972 0.00040643957126607034 -0.0036153996879795458 -0.01021892112662675 0.0033706809024198485 -0.031495740795485436 -0.012610312323741959 -0.0083710910434327 0.006547639377467827 -0.01322335803129131 -0.003459875261773486 0.008002287839381284 0.008858445082023339 -0.0027619473795890744 -0.016685158003771454 -0.008651744464323988 0.00200369151683254 -0.010233577308306032 -0.002065448722037135 -0.0033353422042466615 
0.9703942805653418 0.004323423339903212 0.003236819175587378 0.003877780346957773 -0.0010449964359399101 0.01289934918347244 -0.005855298271950601 0.007954461700439966 -0.011963759899889029 -0.015343392034930016 -0.008629908814517124 0.012707366775299697 -0.0016410159665863208 0.00358212952323773 -0.004853774570235909 -0.008103622645744027 0.01316768718538763 -0.01761291424096179 -0.0024330826801152016 0.0031707113168298507 0.0023876065538831425 
0.953578462917508 -0.013735971131378841 -0.016880098614417475 0.008976718199587853 0.010942414154616045 -0.0028356251296595973 -0.0007708177468965773 0.006448256758111673 0.0015146145191785672 0.0005193202737719765 -0.015488784742282647 -0.008798662059102682 -0.014219198737741516 -0.0014592480557848626 0.00410490514418004 -0.0015353592844400655 0.002495024425067239 0.017326135402754402 -0.00842054604267532 0.014172024963507007 0.01005073049146758 
1.021828680124173 -0.0014814188911310682 0.011222904981623606 -9.192857970276635e-05 0.015115389240871946 0.011618019352990753 -0.005075089283696546 0.01556758890181238 -0.005306848175107957 -0.008853526888703977 0.012482980434247764 -0.013610948301247636 0.005433433833584538 0.0052858919927771565 0.007180929424620133 -0.004872025505760562 -0.0051925793619758 0.0045979308560451975 0.006614402128330456 -0.009508554568497574 -0.00832118680456057 
1.0145204577837126 -0.00025272481678419314 -0.01081602159145716 0.003889845599941798 -0.0004269069965240224 -0.0014776897832333407 0.0045831537700208305 -0.012404117609173551 -0.005251346262770429 0.006024966494220296 0.010443743155288223 0.0013675394262847365 0.002598934540779142 0.010531182804347497 0.0034518848795363783 -0.0005324695729887825 0.011235523942910696 0.0070063825280208695 -0.0058152997325455055 -0.007360942796974655 0.004019573987903649 
1.0046757036191665 0.008464688898826109 0.0029796829062025327 -0.0054432896587101745 0.012482630721143417 -0.0007451450806733978 0.004797037045892221 -0.002271057409689678 0.013735326511124309 -0.03323003168003377 -0.0031503362519945065 -0.008681017228904025 0.019008362710381334 0.01276343815523385 0.003350317486080247 -0.014351556549383731 0.007191449685459039 -9.53920044089539e-05 0.011226046596078999 -0.0011337478877537046 -0.008973972233588666 
1.0541958552800839 0.016293555885760473 0.008180472729776586 -0.002193724971794968 0.013000445003192971 0.01037177271720918 -0.015659781952595243 -0.010676536506511887 -0.0031184192119056682 0.008123755234970024 0.0007155756289799093 0.008287227315278558 -0.007676185923924786 0.002597587156694017 0.0008308163202264713 0.0027241484260787747 0.009173350264750128 0.006014401669003339 0.005227647619741927 0.003163858855689859 -0.007852938339494176 
0.9415968090549661 -0.0036706692694754147 -0.013097287145163058 -0.009914590157724563 0.009361730752420153 0.007869203968271924 -0.0038957307850655083 -0.00891568840507604 0.02366259429129715 -0.02694107119220564 0.002476264676457156 -0.0118052332928478 -0.0020315130698291026 -0.0016666272838039523 -0.0157943013575651 0.00344993355008536 -0.0025164887739587533 0.002104164845001732 -0.0016809676975269986 0.010430758713444257 -0.005092073154596117 
0.9870190420590684 0.012583327326943197 -0.0031664067761380693 0.01224728048891295 -0.01540350733693714 -0.014436989738574376 -0.0026410507656953377 0.0044243437775285475 0.0025213741116803198 0.011749394647858338 0.001096050320741328 0.004356398899745178 -0.001120425783711921 0.009694096511739438 -0.0020497788999868185 -0.005029261946980563 -0.01957348757229088 -0.004603196629864046 -0.005569038288206441 -0.01091504960902353 0.0010634853929407486 
1.0056436660432442 0.00829128062689194 -0.011983722364177881 0.007536120007560868 -0.001469591970877642 0.010098014859560538 -0.0058859972249915215 0.006872663023874551 -0.01598599477661835 -0.0020825608709409867 -0.00976525507565628 -0.005037732222576129 0.0009165481939603193 0.002419857986537636 0.013532923940912177 0.011093433258205828 -0.005250681796348978 -0.002279611023097868 0.00266766799692885 -0.0028086719885016148 -0.008755748096516431 
0.9993076246316728 0.003786033321488366 -0.002982407996472535 -0.0035954028063476364 -0.01073437014186363 -0.01576282388342279 0.01056664419873163 -0.005499297616040785 0.013297235537988483 0.0029869125611024705 -0.002950488192380678 0.007132888038980734 0.0035981304916135604 0.0018477330184414138 -0.011295112604586972 -0.0008271743727845049 -0.015229406386437093 -0.006772544225347294 0.00696319377146363 -0.001678746102967866 0.0101244261587474 
1.0308682128753122 0.02177226221313163 0.003831210172149398 -0.01100499635201044 0.004621273842567404 0.000986571421398457 0.005038473032698494 0.015963167075163043 0.007657104297386021 0.012357340385508031 -0.0025198351157474873 0.00527934947667152 -0.000718832475998849 0.009163384013268052 0.0039737920604094035 -0.00535173324251102 -0.023291548416941598 0.007802852961281262 0.004393440051803354 -0.0016559001037959147 -0.0025268349039193738 
0.998202134252261 -0.004819170413832954 0.0015023278706036446 0.0042881860446728 -0.004876196469633279 -0.017323996125715592 0.010811693945486919 -0.0010460470805586485 0.017992690372931133 -0.0012812477518986147 0.007630044172785217 -0.00394807117035613 -0.01084639057499377 -0.0026853912093686627 -0.009853664182406912 -0.011253762364118054 -0.0036216290367574477 -0.006327541958109576 0.006777537651533394 0.002457189314022293 0.003391322547053829 
0.9560149801408359 0.003283159999126681 -0.0032190733461119688 -0.004960959110256224 -0.00975481470173548 0.01260493508350035 0.012646456870324743 0.015409091832198012 0.00906492545287892 0.00034668887579469203 -0.003955713454381588 -0.02408960125938256 -0.006779363040338724 -0.002999256075563959 -0.007040156920009432 -0.0036164938269869933 0.008464716315195466 0.010925310498211818 0.012017110987303379 0.015002993076248246 -0.01353794544729337 
1.0243064983944583 0.010896078967156355 -0.010109419210251411 -0.008410029000360317 0.011585855268728474 0.005902025345334243 -0.0099823111712066 -0.0006779657432230825 0.00131676511797072 -0.006585302473584033 0.01678199107912966 0.01065657938150739 -0.00996192248519766 -0.00902972138002555 0.0041340367094408895 0.0016707378555675478 -0.00480283085472544 -0.01923232260479607 0.017115723473255837 0.010196937433182991 -0.01894960808351166 
1.0339715690894775 0.010927657344259312 0.008531926379301051 -0.002594187585698926 -0.0038599404348055163 -0.01414762520918132 0.005387660103970353 0.012697695940467062 -0.016985582146737403 -0.024770219809701455 0.014222251682617742 -0.0017999453555556588 -0.008839503777137834 -0.012840356849391433 0.020889249684827506 0.018462341788261297 -0.024622408291313375 0.005918271470733355 0.014360876025683773 -0.007623252330500537 0.0015368709655457313 
1.0087140831126984 -0.011480650050118895 0.01718207139794858 0.0032056773366954186 0.005211439192747492 0.012770173849994293 -0.018897699905196165 0.005977139428742359 -0.009957685136196732 0.00347935202057423 0.016615528810118886 0.0033813804290279293 -0.013887452744231473 -0.002429337200575178 0.010272928398406078 -0.009093639576561159 -0.0011047935745842482 -0.01466738056636377 -0.012117601210150309 -0.0019867209498512957 -0.005157919501409555 
1.0175027240976526 -0.014850135634536165 0.002908578130419113 -0.016871562271524813 0.008919116592867543 -0.0026115939961983414 -0.008758925825813672 -0.015533003247220043 0.011568469461970075 0.012944100309095109 0.004560573396521489 -0.007631363846150585 -0.011996351470838176 -0.0005315810867887226 -0.0008833853232684947 0.019357601487529776 -0.017695349003996438 -0.007023399778972105 0.007245230724716582 0.0027650054749509666 -0.00302303724069093 
1.040605257348223 0.016180540740936035 0.015009352787422848 0.013136782976754533 0.0015310704457685976 -0.018872950221135006 -0.016948646083263963 -0.0005811689449054012 0.0024223962175895846 0.004610275711462051 0.004007452555711449 0.006374732207447774 0.0002692890545756376 0.00714468622756323 0.000122849710522706 -0.012563483301536324 0.0002082880125678843 0.004569272574392207 -0.0010575455642427552 -0.008796673537032944 -0.004272492009648804 
0.9743615006538614 0.0034623598390061145 -0.007019849958298737 -0.0026365406314748695 0.014441155110259254 0.0022976710511995054 0.006692771220461263 -0.0027966157428196566 -0.0019937872592771743 -0.013765952365539695 0.003350166189419258 -0.010590778508044496 0.0002093872129857716 0.014821673397462952 0.010362597766571216 -0.009891168900098014 0.007554607818104926 0.01657054880225694 -0.0026921834938758225 0.003726140122533716 0.0019560168990253642 
