"V1" "V2" "V3" "V4" "V5" "V6" "V7" "V8" "V9" "V10" "V11"
1.09157959580641 0.00125124413511246 0.00509640448530985 0.0141148349265325 -0.00227492826518848 0.0142174626039275 -0.0053772881596054 -0.00219648785308795 0.01620169844292 -0.00311895810823701 -0.00621311160320314
1.02354086082986 -0.00479669877044653 0.0158019341545584 0.0019922493930935 0.00221939925822225 -0.00814952076055151 0.00466768199162539 0.0088430151248353 -0.00184795682981617 0.00829174002881714 -0.0262611236184916
1.07986249869909 -0.000656844280291203 0.0104405042713807 0.0111952228483024 -0.00681652451247977 0.00037928296125278 -0.0101762572267092 0.00884154154068599 0.0194372489826031 0.000387589515912364 0.00285339496934866
1.03450791451896 -0.0116705190498147 0.00339703029222341 -0.00650446456579172 0.0160779317492542 0.00857862045687266 0.00338407359997572 0.000390019323206143 -0.00272903788032031 0.00358610534696341 -0.0190455965284419
0.947865120802774 -0.0104836648454846 -0.00568892394286067 0.00108891927378929 -0.00753932436448484 -0.00737049812538609 -0.00339836238592614 0.00121877095226751 0.00947445823490876 0.00554901991997006 0.00409585949825141
1.04807955810375 0.0107291437412244 0.00183226024453844 -0.00352211971082774 0.00421317424271651 -0.00224058590676884 -0.00106386085000584 -0.00708281623020906 0.00100975769386265 -0.000308536513935712 -0.00656815240457086
1.01081070443678 -0.00495302074887338 0.00492124080169537 0.0186319340413658 -6.24840235415258e-05 0.00545644069432934 0.00435676811884953 -0.0153765303794425 0.018075595177747 0.00540907668556889 0.0068570960341887
1.07741212682189 -0.0191450780290778 0.00357257901260053 -0.0100780990690157 0.0109898007984615 0.00570742632485517 -0.00606300009338668 -0.00630607320441065 0.0128618014105844 0.0105229537814499 0.00528758291999791
0.906593142931521 -0.0149821975811496 -0.00753001507318829 -0.00858605938084084 -0.00750439418415108 0.00896090648727145 -0.00650415432163456 -0.00552480792359607 0.0152211436845104 0.0112010970173041 0.00780586726524065
0.929160280982945 0.00865722588766379 -0.000992681839638956 0.00720751790243077 -0.00998227573877383 0.0164813894642881 0.00847365581937937 0.000363302267397827 -0.0185015654075262 -0.00375928578538941 -0.00607781421726373
1.09704043183294 0.00217102099971497 0.00635755499530396 0.0092248453311705 -0.0135257308046284 0.000237308496636674 -0.00185298283601506 -0.00185280966705436 0.00387112683239828 0.0253481835471218 -0.0145602538015699
1.04826068479028 -0.00155172519800061 -0.00028259558231525 -0.000118597069048753 -0.0124783089589739 -0.0118336157378856 -0.00236182055650718 -0.00814668568701044 -0.0128045269597381 0.00179712083641531 -0.00696344041617482
1.00565538271002 0.00626963966412138 -0.00168536453244975 0.000717469889982681 0.0102290260973688 0.00513263382617197 0.000418121418016927 0.00539994564083935 -0.00390564651813669 0.00195105729104128 0.000571024871069037
1.03069101407297 -0.0101435448908466 -0.00721376576950026 0.0222196901940224 0.00982973321047879 0.00521918738919695 -0.0113551495091355 -0.00165006800708777 0.0101812862134075 0.000647961500727069 0.0231993887588106
1.03316171596969 0.0159644501635658 0.0195110849619926 0.000614608648449083 0.00967280900187961 0.00256037119061589 -0.00569147412897524 -0.00274046440177481 0.0201716905307368 0.0109048644889248 0.00453079451665107
0.960740319875482 -0.00221071711179382 0.00105870635822385 0.00521663809567332 0.00312842084355896 0.0188810345000268 0.00787519431500807 0.0148045222448527 0.00350095976926219 0.011296699593618 0.00332688038988918
1.08502180117271 0.0174389329572024 0.0168232605831327 0.0120660743409385 -0.00263165340889248 0.00608209675558245 -0.00725443076135171 -0.00496796339099585 -0.00477802157714504 -0.0112741786947825 -0.0232793174385136
0.843406793640678 -0.0142174672403488 -0.00818098603027667 -0.0163930429107345 0.00484137074416979 0.0052542904550573 -0.0138900619118654 0.0158620399312988 -0.0064706317304761 0.00353606606173347 -0.000477583323323838
0.943120840198536 0.00202149473895965 -0.000672025660507083 0.00984254908929354 -0.00310208350588828 0.00190072486258241 0.00442137875426762 -0.0155960023344344 -0.0135244737247896 0.017214549631246 0.00827586357081939
1.04496386631106 0.00581688174528808 -0.0127781291851291 -0.00883654108594614 0.0213653121795939 0.0046376313555724 0.00169656661997663 -0.00610042564974574 -0.0112624010803744 0.00905649064541187 0.0139012902289479
0.933102412940033 0.00567232757722565 -0.00333710538395194 -0.000637131294857323 -0.0157976312910792 -0.0110072481237625 -0.00728745969534012 0.011594967065564 0.00120288245313898 -0.010847281308667 0.0108039208071135
1.01998508401993 -0.0106030389094514 0.000578213984243791 0.007162593891781 -0.012017176803367 -8.12224004773494e-05 -0.0176711686962428 -0.00134803810055604 -0.00418210692215098 0.000617374874015185 -0.00475729889421543
0.933845880831733 0.000113807862348632 0.00446704340902611 0.00455925551897065 0.0159412784536366 -0.000370020499539383 -0.00567415922611127 -0.00583905629471367 -0.00994755566000345 -0.00257323163484708 0.00435482741721558
1.02209386371608 -0.00277397744400507 -0.00034630029281539 -0.0038294776172634 0.0136320673305746 0.00627735931691436 -0.0123419727054272 -0.000594077520061219 -0.00397588320668052 0.0122853819740321 0.00863087255074936
1.02082242370867 0.00710991340362598 0.0124281206845463 0.00959497229020405 -0.0045446654412458 0.00630236251437947 -0.0150979568725194 0.00777249946558306 -0.00627621747966255 0.00227299841971287 -0.00900206343594307
1.07089388713158 -0.00596107048743454 0.0192696913532775 0.00401714602526854 -0.0122720222306493 -0.00312188901294006 0.0166618712637195 -0.00791387925836371 -0.00439992345377097 -0.00279631816325155 -0.00849152768904732
0.966286715751523 0.00647756146274789 -0.0026984171259499 -0.00158667125426234 -0.00284226546880952 0.0179553404090388 0.00738334273631116 -0.0162615253464625 -0.000429298811307065 0.0224332254050751 0.0139263868199096
0.898037522656396 -0.0157890811601027 0.00660254671355357 -0.00122255292279195 -0.00897658400612301 0.00782571613593437 -0.000595132266200199 -0.00270505613212817 0.00370453237567513 -0.00497449467191429 -0.0157346075436169
0.999143991478851 -0.00507509633286261 -0.0225756752067238 0.0184287960393587 0.00926669658892441 0.0136542111304712 -0.00382385986346321 -0.00244571141526814 0.0149268662282405 -0.0112211485495539 -0.0100335685601787
0.988226853304384 0.00943579646909515 0.00365053248809351 0.0146077336546346 0.0065773462039343 0.0111043232744262 0.0139235903163662 0.00206505734812522 -0.00561388804614222 -0.00174630824426549 0.014183016645284
1.06303949582274 -0.0100178413127645 0.00199946162371778 -0.00280207718761175 -0.0157342551399256 -0.000949920020886577 0.012211565839699 -0.00278665520007433 -0.00189771245134855 -0.00363751666374084 -0.00438900440835019
1.01144409236647 -0.0169669959120999 0.00503165410598101 -0.0026119543018671 -0.00471806947712503 -0.000549575967447237 -0.0047220027452552 -0.000215689012087719 -0.00695318683635054 -0.00428722117618378 0.00261835439706174
0.981889734390394 -0.0151935839234146 -0.0109474979515723 0.0077497174064364 -0.00689613750165453 -0.0074299507900681 9.22645398601881e-05 0.00261084097849426 -0.000930925184914386 0.0169084621464547 0.00967664632654825
0.986552131494588 0.000962999188359446 0.00899914554117184 -0.00755287848371642 -0.000876719662847482 0.0150482146701159 0.0113556292108039 0.00418732877660595 -0.00598643855632797 0.00371545551610354 -0.00807723185425715
1.01471011056857 -0.0162728621344512 -4.98639477175518e-05 0.00152000797321827 0.021385893451293 0.00199655139821087 0.00711209968453142 -0.00166019461732669 0.0116551020618214 0.00025117784928082 -0.000624790872212753
0.957633923162911 -0.0176527687916685 -0.00128631335174623 -0.000723944620969297 -0.00624485771197008 0.00327378900162111 -0.00940911724464415 0.0215426086906386 -0.00352481382036085 -0.0148141332232708 -0.0116003097507323
1.02810609183352 -0.00436896837711477 0.00303004014030392 0.00668137064260974 0.0137124960156953 -0.00353255230837885 -0.00022670232461171 -0.00121322223802087 0.00817934647797403 -0.00939962591508054 0.0141677487692878
0.945535026788261 -0.00602016341458067 -0.0167734636708344 0.00254213613148731 0.0033657798691382 -0.000750783509402613 -0.000455732265770437 0.000671604845824324 0.011994087450504 -0.00907181617717675 0.0127081478703231
0.907861026479315 0.00221622972199334 -0.00843753747633731 0.00280205566430792 -0.0126416688318029 -0.0107957748917519 -0.00983479420499199 0.00988007248823595 -0.00243426575212988 -0.0126979696046838 -0.00755926989779807
0.957851014182862 0.00576709609965681 0.00480871598103395 -0.0176268699870284 -0.0160879294624581 0.0124748610346881 -0.0232595284854778 -0.00982916984623769 -0.0188184569326643 -0.012890257364304 -0.0108774271620302
0.8424071677861 0.0125980902059513 -0.0109021585110662 0.000164638435726023 -0.0176165844671501 -0.0149762053144363 -0.00769259973655999 0.0100873375858113 -0.0233686687460681 -0.00648944017003654 0.0146174622333701
0.945032372643817 0.0205669043884881 -0.000242976365870337 -0.00648974062941595 -0.00562629049545451 0.00311147065690834 -0.0175993230518227 0.0138361843274676 -0.00328845869990486 -0.000817544611017765 0.00968114826294983
1.07729193606565 0.011178400846322 0.00663336634057427 0.0116090826754484 0.0113247119262571 -0.0153336713044474 -0.00388591751929943 0.0104539868588374 0.0130569325846215 0.0201369498850929 -0.0136682146973122
0.923003804508757 -0.00974040240952203 -0.00516665631957531 0.000359890649936657 0.00286940309993905 -0.00935818622934718 0.00197489005808468 0.000124666406295289 -0.00624346350192207 0.00550983096748475 0.00146086391743738
0.99973669119283 0.00394716312450797 -0.00745812906507402 -0.00247845353305968 0.0188836621646916 0.00934292731536236 0.0163470918765723 0.00534228828569614 -0.0159911494788072 -5.67039032446327e-05 0.00149753669005844
1.05347778195875 0.0123706855450588 -0.00486044780177451 -0.00159317039347443 -0.011831733482183 -6.24306643706902e-05 0.00818148246173708 0.00785190717477718 -0.00556469131935801 -0.0119086599833932 0.0035463245077212
1.05363110913935 -0.00426985134886867 -0.00499704804681745 0.010404892069995 0.0103334707965625 0.00490219325996018 0.0104359238861469 0.0135976747401067 0.00298250381808726 0.005765010730839 0.00671400805689825
1.05961512047978 -0.0019373095471229 0.00277510975973165 0.0105707208428361 0.0159711060301084 -0.0119645479508932 -0.0102182007377715 -0.000573752062602677 -0.00995930871785203 0.00981955165752571 -0.00533216481048317
1.02190378713293 -0.00830838876333423 0.00550013071586363 0.0100114407466827 -0.000442426161850064 0.0045137898281255 0.0202492738645495 0.0373898861641112 -0.00164038589288076 -0.0001701161037817 0.00494014260353165
1.04795450914529 0.000297996203950481 -0.00395775680488426 -0.00543486950663977 -0.000575491175151694 -0.018371469893249 -0.012909248547113 -0.00449792625237108 -0.00248143208816098 0.00362780815926509 -0.0211058436580179
