"V1" "V2" "V3" "V4" "V5" "V6" "V7" "V8" "V9" "V10" "V11"
1.03124945018405 -0.00208753936018437 -0.0118333374845907 0.00593847101502416 0.0156477222411812 -0.0134119344353871 -0.0153231682191275 0.0128429364929361 -0.00726286766317081 0.00233794827573796 0.00208627267392094
0.941561969378681 -0.000794767611838898 0.0137223040229396 0.00800402555554251 0.00275660567329542 -0.00747341969514279 -0.006821619128114 -0.0154242665076654 -0.00390662032090223 0.0103423750397832 -0.00969404867388947
0.995944428787894 0.00122823237414116 -0.000335385167617478 -0.00852987401220499 -0.00647503315751048 0.015318216360358 0.0146265538492446 -0.0101768727944682 0.00290130759808988 -0.00197980955506453 -0.00897375564106634
1.09036075209747 -0.00122670728639091 -0.00349997356635673 -0.00358463402248128 0.0125712552697749 -0.00597698732227324 0.00325095497452097 -0.00638496438358364 0.00139197166243535 -0.00531706946746837 -0.0128988721213568
0.96643922029001 -0.0051509011768838 0.00110521881930967 -0.0180540382173122 -0.0054886480047385 0.00393494413525078 -0.00512118675042886 -0.00144718182446881 -0.000899721292130486 0.0123832356405962 0.00581583156519062
1.06077007188591 -0.0149761703570668 0.0129166905091161 -0.00786516083899915 0.0208365168610224 -0.00864121993260783 0.00831558274002204 -0.00885094765178393 0.012728258280719 0.00813476752197581 0.0169968848202997
1.07275908681626 -0.0216731855286299 -0.0165931490916519 0.000147651235452032 -0.0135402531569483 -0.00333163878853039 0.0159520404308665 0.0127526934898506 0.00495481027410903 0.00152295336196138 0.00890589658315471
1.13656707995991 0.011438946489424 -0.0142515277573463 -0.00412614827897319 0.00977759991969727 0.0112039493441054 0.000529200134938154 -0.0022029862310116 0.00139083924767538 0.00894342348353746 -0.00848788229064926
1.0382216006558 0.00478521589021004 -0.00684846322444202 0.00394195948053163 -0.0146389913457664 0.00634252082985687 -0.00395328368905918 0.0129240098881743 -0.00475448286731971 0.0122792279754608 -0.00917515433399697
0.935048346811181 -0.0131553419305153 -0.00907163419917014 0.0028835874056838 0.00236955201524873 0.0124264847472986 0.00351092515829264 -0.00170861095452497 0.00158730815679067 -0.00876466042513847 0.00461056522688463
0.951131993368847 -0.0134752174837774 -0.0122582580989163 0.00177478713792484 -0.0038845743672011 -0.00351186446602012 0.00184806721768189 -0.00797711014395052 -0.00873864076093131 -0.0154645429555665 -0.0077285174900075
0.91760743957258 -0.0161577746763714 0.0118222625220514 0.0176102864083575 -0.00737824948236657 -0.00232011803363498 -0.0162095216096821 -0.0124145754798277 -0.00799370000992412 -0.0160378030097755 -0.00777915699053341
0.976998610221517 -0.0099418266014936 0.00266367876136267 -0.000777537580825182 -0.0049661367642677 -0.0197082248941898 -0.00339517556657465 0.000573812782480591 -0.0117477015116368 -0.018923097153988 0.00511656007776805
0.977893244719865 0.0158375552345703 -0.00465917022445216 -0.0020222977606118 0.00522754420168184 0.0121850179890217 -0.00779745780434246 0.00710763694625961 0.00656942058421893 0.0104569333050649 0.0221676516930763
1.05890309528584 0.0216529568486254 0.0138669950081831 -0.0146947281194575 0.010093130553156 0.00803870641056101 -0.0082388925393488 -0.000141518389948593 -0.0190160207015785 0.00212230285172659 -0.0172982617314072
0.933016951609741 -0.00243744678905635 0.000443094032018159 0.006347642616116 0.0074991605997648 0.00799713157866146 -0.00736206367207538 0.0053490576367391 -0.0136348880108385 0.00411219129955233 -0.0146924863935114
1.0544086354788 0.00889026541436966 -0.0171889422813408 -0.00142161736780727 0.00151614625532479 0.0113447104647801 -0.00294877185945248 0.0181839116596024 0.0150552820804195 -0.000944490375487773 0.0132372311848237
0.979014343836293 0.0205026701000912 0.0071110851850073 -0.0168333813277087 0.00710280995815123 -0.00376706888990724 0.000633150209061146 -0.00351800885672315 0.00652606392401496 0.00695394551222933 -0.00690975905887185
0.941684570429594 -0.0195842279131633 -0.00229241801713299 0.00675074572695147 -0.00971713897043592 0.00408741150316844 0.00733629730369663 -0.0038257142449454 -0.00106197965140364 -0.019980415627486 -0.0114575577613681
0.990394009782235 0.0175675444738776 0.00267707497980016 -0.00657972674774331 0.0112681379491636 -0.00728094285135763 -0.00470434499852918 0.012481974166487 -0.00837393954772267 0.00172069189767406 -0.00127087209303222
0.936263368550092 0.015886945261127 -0.00723764485392726 0.00526916773020055 -0.00571381951200783 0.00438369033632119 0.00555287337647369 -0.00196875284654821 0.00386287857607308 0.00439043525687154 -0.00181460049043893
1.0555892581965 -0.0019734564915068 0.00950004956044735 -0.0145896913941765 0.0103961770983171 0.0147939813130325 0.0016407793084556 0.0146180137691213 0.00859745765179719 -0.00506004348346764 0.0105535316067038
1.07211909685165 0.000701217327985833 -0.00692226658510055 -0.00304142050953252 -0.00442813282925606 -0.00357107437449577 0.0204230243658999 -0.00284374367975142 0.0112296381768795 -4.13195056967485e-05 -0.00597983888488966
1.01019025177126 -0.00083248333489721 0.0125652206372797 0.011841684370294 0.0197206875658767 0.0100056536371984 -0.00603452062163929 -0.00572128601060617 0.0159749226448288 0.00359312398390875 -0.0172933974402765
1.04977835596658 -0.00319632009756919 -0.00474344764227017 -0.00893383989565467 0.00316354557826768 0.00770668569698867 -0.00825579502007888 -0.0126261098840242 -0.00735703269874058 -0.00101004377930322 0.00515667761217779
1.08800663258715 0.00794345060344129 0.0121604298448228 0.00553483930626773 0.0101988403268052 -0.00138267445937414 -0.00299209213957971 0.00115478746900332 -0.00495983664303764 0.00829716394174752 0.0142607102829123
0.972518726991961 0.0111278164960642 0.00143158474065154 -0.0123088526176223 0.00633083754132689 0.000403154067316692 0.000319644931909299 0.00728282074841329 0.00382220827676259 0.00548018004390855 0.0114088712085916
0.930318086988872 -0.0211148756498885 0.00180195908908948 0.000736145374954468 0.0123423976023778 0.00809583202350256 0.000492526906032725 -0.00304200032804383 -0.0116083320393042 -0.00182782747145579 -0.00433308622653502
1.05522482692576 -0.00206696382669728 0.00199952424431154 -0.0145060011006201 -0.00486586998847541 0.00415110212798662 0.0316339553052225 0.00632131785793617 0.00725839325158206 -0.0110440948039268 -0.00136822336967861
0.975381209292839 0.00515249076171497 -0.00733066899007003 -0.0254413648013181 0.00734415613580985 -0.0102431590957379 -0.00823313023998946 0.00273459138434564 0.000947858681042345 0.0067631248805651 0.00172459818063377
0.992713602646309 -0.00974165969734494 -0.0183856974161766 -0.00843630514641572 -0.00105602744557567 -0.0181922167985848 -0.00661889806134349 0.00117192120411423 0.0185007725087293 0.00412722834856124 -0.00109255698886892
1.01313107553405 -0.00514680399515246 -0.00412957433054984 -0.00507314570299232 0.0121010159546114 0.0193698419279612 0.00200683515487581 0.00276438432412085 -0.00748509248153996 0.00276033149605977 -0.00494775704250112
1.02506929755465 0.00707777791168922 -0.0055253617490677 0.0193278818082039 -0.000990278172950998 0.00440000583276535 0.0173382912147962 0.00935042007776134 0.0152080810807266 0.0181228456100357 -0.00929554362734468
1.0557623293742 -0.00918722142451424 -0.000465536670523989 0.0054687612222223 -0.00595372452009737 0.00573028049541088 -0.00915357934706809 -0.00235374087121261 -0.0163987887632703 -0.0102186525926173 0.00940456301657203
0.867059088037791 0.000956595565259725 -0.00910587471105111 0.000737193350572673 0.00518614221108387 -0.00462420892402547 0.011247288216098 0.0182999857588565 -0.00398508287015857 0.00383601681952403 0.00221158921207648
0.949864800223624 0.0155734908070055 0.00918424250694385 -0.00164934567068441 -0.00220540589862459 -0.0190694723620166 -0.0136956948807817 -0.00188507681221009 -0.00916907968590994 -0.00689592984439415 -0.00519108711747072
1.06790809067456 0.00998175185926271 -0.00748885353190329 -0.00972671205952444 0.00436250008180081 -0.00219118070969956 0.0093974082241915 0.0124962949980087 0.00927654995604186 -0.0142294306209878 -0.000413156465734824
1.07655251990853 -0.0105002157930804 0.0144570145291857 -0.0162806395164654 0.0110626816561553 0.0206366026648333 -0.0123164202129357 0.00941327166879768 0.0212886066615028 0.0199148996544464 -0.0130341460344288
1.06675834384066 0.00438969924995405 -0.00349298305368149 0.00150075089996012 -0.00223159378880283 -0.00147900303074562 0.0151902920179909 0.00131380121925453 -0.0139089843305984 0.00245129353161202 -0.0106526746073787
1.0254953409468 0.00337386693264219 0.0100402431812366 -0.0158586987026881 -0.00640783685162872 -6.55416235018794e-05 0.00643375613320848 0.00666938328198584 0.000609952367303581 0.0166090114670265 0.00346029291524919
0.972287720631473 -0.0260988879031693 -0.00024149759918141 -0.0181894134726924 -0.0120869673071193 -0.0122534998168586 0.00118300228463278 0.00474849795107514 -0.00352796259821583 0.0146730668083014 -0.00227380648541025
0.970370065448071 -0.0035623255158675 0.00708091638331038 -0.00875195847252989 0.00289398374667661 -0.0064609061329926 0.0224041131539479 -0.00784464015230213 0.00436087142894014 0.00055696474509767 0.00568680705333913
1.0505183578397 -0.00253957235516683 -0.00970975513798916 -0.00381685501142057 -0.00751917940357999 -0.0180551468821516 -0.000264568867772927 -0.0197805957053267 -0.0108841905699144 0.0104444953135388 -0.0166036179061537
0.953226745763625 0.00202363535443593 0.0192185060657244 -0.0120804414253318 -0.0144230472062797 0.00225178266986178 0.000591304790790001 0.00169129916444117 0.00390046505273098 0.00294411809021033 -0.0109664624486094
1.13800404231675 0.00176107924193725 -0.00307155739480483 0.0086933855672736 0.0236644710332637 -0.0099949160544734 0.00598672170897109 -0.0162342600675663 -0.00203777904661689 -0.0126456900598108 -0.00607527459134022
1.00213839094338 -0.00542208116147911 -0.0075680040868088 0.00178596179814254 0.0161749211556929 0.0020467001446439 -0.00963071816148393 -0.00453647688297971 0.00132657513066856 -0.0147418703277748 0.0217379777831065
1.03002551280767 -0.011557666385224 0.00462917530692528 -0.00326226903402925 0.00649607619644636 0.00358736633943847 -0.00933015472054754 0.0172876971681448 -0.011202257537567 -5.54345728597704e-05 -0.00851188278019178
0.995575498307011 0.01037640669249 0.0102269021970717 0.019003837024419 -0.0192603606078535 -0.000347004467026797 0.00213544300556655 0.00254219445764386 -0.00887379712152264 0.00212637082876133 -0.000443413173375521
1.08793758387755 -0.00982424840969985 0.00650387640195054 0.00687685435710176 0.0103769439357563 -0.0134704219500657 0.0242818970391848 -0.0111512622636525 0.00610188896899942 0.0117507289925659 0.00542747952828723
1.00301687892266 -0.0224742981393701 -0.00280744172287818 0.00234433407967662 0.00764726097345184 -0.0176317127410948 -0.0092269966080112 0.0163682383731833 -0.00696731535407702 -0.00657501246635486 -0.00591838632881476
