column1 column2 column3 column4 column5 column6 column7 column8 column9 column10 column11 column12 column13 column14 column15 column16 column17 column18 column19 column20 column21 
0.9862893174204724 0.008729126528006462 -0.0010347096042080668 -0.010283022603466582 0.017410299503435606 -0.004397273234858295 0.005904085188528687 -0.005493587191187299 -0.007041169595878492 0.008466583700476926 0.0007254765519963237 0.011714124169238834 -0.006896995740874303 0.0011741858456616292 0.008277088042190898 0.004981678860347716 -0.008721887484851556 -0.0046688430366729145 -0.012989454074870316 -0.01207887910115293 0.005422995786727915 
0.9574614153752368 -0.017750958935568488 0.014635690141327394 0.002353572486745019 -0.012787472989595325 -0.0007168052536581094 0.008359422554520086 0.0009904403375523465 0.018428132091977974 0.0038135312302631213 -0.013706517292247493 0.004182164569708843 0.003640880742653817 -0.005600702515596046 -0.0169185026453095 -0.011569536845237444 0.0030080282630024803 -0.022902735296415275 -0.00503141488127664 0.002952794201352054 -0.0020620551706611806 
0.985340614977373 0.00504966223851887 -0.008177858132685905 0.019070201016841287 -0.011211738283651115 -0.010235831562812204 0.004452556193482047 0.011149799227902353 0.011673433459932922 0.0032718988968106965 -0.004409383606501851 -0.003988556330162999 -0.006608342912524873 0.0003682485224360977 -0.00865342410373028 -0.005894116919927171 -0.0020145842201494315 -0.008340425065286105 0.013741427045657211 -0.0067565791417718134 -0.006620153601078951 
0.9655857347465869 -0.01877461027075026 0.003337086580797465 0.015315742969778452 0.0071592881805339886 -0.014472871570677948 -0.0019598411552308763 -0.009166311852401993 -0.0013890113114852708 -0.003190392753020489 -0.010846926230302392 0.025175385217021697 -0.004345116260737498 -0.011443983814582863 -0.003227219115481405 -0.011782505347594365 -0.013807325073363389 -0.00136180048132549 -0.0008959985890932551 -0.0031668386744106614 0.009528041637854515 
1.0184211599690107 0.00018990326849816885 0.004683280738184992 -0.009235296902348181 -0.005991855266950535 0.002031199151795782 0.010811788421305384 0.009006036466707694 0.004681350098189387 -0.006579346778961806 -0.006194312637894247 -0.01890325348904255 0.002776134626078163 0.016140164926743247 -0.0068950323086097035 -0.015133059355948284 0.003947542238949867 -0.016556496736108414 0.032666433162966635 -0.009950461512507463 0.019399547640169247 
0.9490224936437686 0.0014031665967071533 -0.013329453677711012 -0.0034072357075288807 -0.015773176115296307 0.006422114632086726 0.005946787017361081 -0.0032019272631494643 0.009191011324155134 0.0013805419534537392 -0.002952852466041732 -0.0024369022417233504 -0.023908235256604432 0.01335452270119641 -0.003232398661564438 -0.003415372329594028 -0.01431194300140193 0.005217020106596786 -0.02063291319813692 0.0024908017548225746 0.01066746541812722 
1.032468520336043 0.010430116797939563 0.0035426034346032003 0.004813988576111763 0.003528698272018335 0.0033615891285876404 0.01075407988062988 0.015508587357944238 -0.0030378160609451713 -0.0048920170582934675 -0.009291504002886001 0.011631475538195131 -0.011295446065460108 0.0031582099296000965 0.0077981926746894335 -0.003805948100119741 -0.0073445652336917725 0.005037127043001345 -0.0026407328582799153 0.007485830547951611 0.004589075947144413 
1.0121508311323502 -0.0024467100202536945 0.009779948155598392 0.007660655239607326 0.005263030995441172 -0.00010545175486453461 0.023366683460615604 -0.017490585594778917 0.0067021317053146765 0.00011344657279965319 0.002374423259480513 -0.0032638477152018607 0.002782639930833093 0.009281216530089053 -0.002751177878230581 -0.00725874894427265 0.0068697653774966085 -0.0020157529880818867 0.001983562170828111 0.0003483515947924335 0.005099253922808209 
1.014973584853605 0.006494546517132612 0.0014739170568154702 0.004197231664481071 0.009224736266969102 0.0030454393762831488 -0.001122905529154629 0.0008748611572548556 0.0013939564782025535 -0.01184127981025604 -0.009472430351671314 -0.0035476845972891723 -0.003202458560737305 0.014419682446273877 -0.002830470865658637 0.0008522155345191343 -0.009227792619313023 0.002373885732544243 0.0019144046235679295 0.011389279570157165 0.0030200932935293256 
1.0385267590652318 0.01551424723579115 -0.002183961001968016 -0.01048461239144063 0.013494439973688595 0.013997363571837243 -0.005370634010390891 -0.008431946672024392 -0.013351356384225719 0.009382901417805916 -0.0001364077279899212 -0.009527542289819611 -0.0035431198393850206 -0.005328137731701177 -0.005974268495175607 0.005213021939045693 0.0008554046727888476 0.0019447508589806402 -0.0020888467776393246 0.004157912439530015 -0.003453746505934413 
1.1044571274377912 0.009913661466686598 -0.004272381835854092 -0.01427429427435187 0.010878445639220238 0.012433848212790054 0.006108667932995858 0.019996571863156915 -0.007042744097919307 -0.0042256644261387 0.010178750781613018 0.005011061032830474 -0.0023492197558344138 0.01717473797251524 0.007594910879229718 0.009095751447597987 -0.0017628707574346265 0.026497198209508688 0.011893379416005385 0.00822394142035232 -0.031117481746303556 
1.0503277351785287 0.011071627364229772 0.0068986644919165705 0.009114834004560207 -0.002781721564289093 0.0036759206417228698 0.011372900480793882 0.011949157879936355 0.02543792488695096 0.004109298660117343 0.002988527477577688 0.007103526716287996 0.028959668456050514 0.006224998586764516 0.005840189104712689 0.0030954606894968944 0.002327593272777728 -0.013774627241453499 0.0010868838158268458 0.00692897354789757 -0.0242808536501995 
0.9546061117560898 0.009031065696877252 0.005415170414217795 -0.0020083512370977457 -0.002673131488032147 -0.004934460422579965 -0.010837091525838059 -0.015148165001269758 -0.005751451605884851 -0.004471575595350812 0.006303094823969646 0.0006254064610177411 0.0011597400054468871 -0.00904130756990321 -0.01582709860857113 -0.005628993356167491 0.01011638829064998 -0.012579200637248225 0.004272415887408284 -0.00343346802583621 0.0017464624819576939 
0.9770185311760091 0.004582480628747614 -0.008730394182416333 -0.01558528294652661 -0.006856681551023693 -0.010726319263128637 -0.017311634533520377 -0.010594620955560524 -0.011095657066459548 -0.004519392305707993 -0.00494708582155587 0.007519774054794362 0.006893467697767742 0.003569064548966637 0.01936720814550196 -0.013529356585692579 0.0003425142462885021 0.011163491968583177 0.013228187219015095 -0.006620524399140018 -0.011734156099787398 
1.0027773407477711 -0.003301508520762297 0.015546231666101187 -0.014059935294736288 -0.006030456383155535 0.012818938754121633 0.0002629198241893352 -0.008568175030567183 0.0020972942500620036 -0.012207527399034137 -0.0023846176362550507 -0.001956891896047192 -0.007551898087678025 0.022536110230770765 0.012641140342891627 -0.013969752868541028 0.0012137717589713352 -0.004365162966627872 0.0029706403241823442 0.025876720813433424 -0.0035137301318796817 
0.9674010503176411 0.0052993572717094095 0.0006496883329425553 -0.005530053584406925 -0.011091715581692682 -0.017126336073237103 -0.004296752323073954 -0.004617895668114591 -0.0062910458505623925 -0.00593259740193282 0.003098304031159399 0.013757284545809101 0.003028565143116062 -0.017704262156338517 -0.015623267772407358 -0.0014618243161935844 -0.001459851401782646 0.0017650479620957853 0.005766489069215275 0.01709386160339151 -0.014406559653538969 
1.0106448128395418 0.0016881678690634481 -0.004323852173078816 0.0004258678126442127 -0.010621658363327038 7.87522171051147e-05 0.007608989233371747 0.011955708595200691 -0.002107476588849826 -0.004584577998019184 0.004697029886623035 0.011220108648994245 -0.002417835321404239 0.004759458974863252 0.0070452893462963715 -0.002277416080024927 -0.0006011810415507486 0.0014122049004738164 0.000985474574774233 0.004108050744457311 0.011075168532633264 
1.0692177002383734 0.007249945068231745 0.005455405604388019 -1.4872975351261464e-05 0.02619989185125112 0.01115139982008633 -0.0017307408469946018 0.011881887637251724 0.009918907033838164 0.00016116970598504824 0.004287688202381382 -0.004116396120385305 0.005229612994017515 -0.00044741626056552853 0.006119905320037511 0.010926357463125909 0.007709848257254003 -0.002998342209955113 -0.002850976785929245 -0.00705197899329933 -0.009293074769976822 
0.9637905722489658 -0.005623085268670195 0.001341623598679065 0.00532475780695304 -0.00160098585057365 0.006181273533048696 -0.003368615487212019 0.006296120263431523 0.008167873298215502 -0.01862889427776738 0.010861287502567334 0.002891414976493323 1.9132326892858366e-05 -0.0026926899842503265 -0.013649325768311443 -0.009800698570549821 -0.011472663682992233 -0.012071001145931957 -0.015106040346669989 -0.0101047510571282 -0.006412738699359119 
1.024920456494697 0.01057873315626916 0.012828905022045742 0.008861982117219919 -0.011810708473682903 -0.00016745842243851155 0.013563655656952913 -0.0020058577244532138 0.00881660955902951 -0.00258636220484559 0.002611005607623038 -0.01799230264923807 0.007397708145730086 -0.004355198827813926 0.01395848019530572 -0.0037797404110361823 0.01942890099258747 0.009855786745994556 0.0017622618396883841 0.006858791769896062 -0.01619939467847191 
1.008995458954344 0.0044817187920720685 0.009175480095895973 -0.002555631443427751 -0.00646203976967052 -0.018747226079812298 0.00564274493243992 0.000580185855624384 -0.011063777200225569 0.006524577090485473 0.004992345917210782 -0.0008032249673838879 -0.01189807852615255 0.015681616443698195 -0.007815510926207993 -0.014145932377921238 -0.0018003898601491259 0.008469925700464518 0.028237211992663675 -0.003044457489900897 -0.0015568452333189634 
1.0458240983307452 -0.009663184371552315 0.004911523990486442 0.0023166846869920998 0.013482033104423809 0.016146386248091667 0.016958810099499688 0.0012084929296041255 -0.006840425516052414 -0.002524465037380481 -0.004935895821361318 -0.01019046058289348 0.022807282890324222 0.005991282337088809 0.0017478136328228993 0.0006846657202958275 -0.005176589096877214 -0.0030352206040352853 -0.013357626533881471 0.009377777954855619 -0.004099974670989816 
0.9237427057946087 0.008089514509475603 0.006955502917770349 0.00815565515160894 -0.006945292230591358 -0.0013695446733736206 -0.008722035252112976 -0.02334661396058489 -8.618833878238329e-05 0.010035732173285366 -0.014680667315770198 0.0024511790340474592 0.004848081064211683 -0.001590193186660514 -0.0018312184755132723 -0.007281002633538531 -0.01367382187482413 -0.02814321434909166 -0.007155929729694648 -0.001835637520862936 -0.006585331178999855 
1.025252546029273 0.013198807666217328 -0.0001501547793426432 -0.00022877516865561065 -0.001261288711547206 0.01716265110061357 -0.00341499761385642 -0.01042992720680217 0.001388470692795961 -0.015317472245223106 -0.001198182637791994 -0.0046650788716851655 0.00170954005569226 -0.01313299785560812 0.011761391307542751 0.015809166733755365 0.002472567844731767 -0.013955231598838956 0.011317540667753092 0.008950230490850029 -0.008316074394495825 
0.9841442801407894 0.00040135110704281503 -0.0010756887826556868 -0.003975920254779058 0.0028136020026707223 -0.003415492790644296 -0.003416772027527514 -0.009196516186689402 0.001747855713432154 0.0030409344739209983 0.004281589153060565 -0.003795153426371328 0.002009364963779905 -0.005580654847961579 -0.0002956815705743085 -0.007386864730018976 0.002092815886452291 -0.007026660084410376 0.004896665282109365 0.009179853313475123 -0.015571660557349742 
0.954550113191275 -0.02423732680564637 0.0033804178422649463 0.0026561970087632604 -0.004537962567432261 0.006455508110919803 0.00023150209603995875 -0.0019375031910538263 0.0006265441588205765 -0.009083549895029037 -0.005066864328813865 -0.004176578902156494 -0.004416545458952585 -0.010046096532163009 -0.007156917184016579 -0.016339055768134186 0.0013796999581719386 0.004840869477979273 -0.0014376198813834185 -0.005421456251167815 0.0034129486994352825 
0.9661622525417182 -0.008962351834984391 0.010508953402326006 0.008707228338057453 -0.0014284244460211223 -0.0009545193138417108 -0.004632770413249311 0.004712126854987011 0.002303135077941078 0.003912614560889659 -0.002375687231968455 -0.018155766470886552 -0.0012357405465131613 0.02633896281630976 -0.006832752532535791 -0.01783518984906925 0.005265427443094208 0.010726033511497281 -0.0055463971876875484 -0.007128629212099828 -0.002553719327390912 
1.0383663121200812 0.002355465089509793 0.0006952899721019776 -0.01499400460868566 -0.01157827352915648 -0.017847503555401673 0.015083994439811883 0.007287981757366054 -0.006054043425485397 -0.0018925155700696015 0.003117852775744702 -0.005642129999295229 -0.001947052008746192 0.0011578520159821622 0.0007577295017258084 0.01057767259676366 0.0016765397891831966 0.025135641081979646 -0.01479150225595929 -0.005430179047559966 -0.02441032152614187 
0.9962927382854003 -0.00657968123232474 -0.022404050569027025 -0.008239699201953714 -0.0066230716471374585 -0.0030978955259432497 0.0006622510580336346 -0.0077645480250626096 0.006495086340118006 0.01360958802403639 0.007562410549237421 -0.018758148990346103 0.00614750284292174 -0.0022072158109156933 -0.017686730719406997 0.0013725684792332095 -0.01239968091209639 0.02936127008976633 -0.01318530778611925 0.006851930728131066 0.00795705398614033 
0.9863979116109612 0.009388386799271113 -0.007436385619884232 -0.00365869963840962 0.007297666347721038 0.0014397280325166198 -0.0010743688203547095 -0.022552129896825673 0.01344713350609077 -0.004876002616897904 -0.010199759254523004 0.0054456245342168075 -0.018404008303534065 -0.0003391743352690867 0.009339145358836579 -0.00719608894052208 0.01023645196370811 0.013772708549327608 -0.0029029969398763973 -0.0018672655778716927 -0.010592392777667823 
1.037325845330979 0.0030028913816691812 -0.006206549589839483 0.003515948313103264 -0.004995400050051728 0.005748579065115046 0.0037578964982669127 1.125298991590642e-06 -0.012945213316417204 -0.01642039638102126 -0.015961485907944425 -0.004414295378083647 0.01043661215722138 0.006583362488026374 0.012676720395278559 -0.008247218817663436 0.004315042322841059 0.0273586060037021 0.003791923061559581 0.0021543765719362934 -0.010098740192887081 
1.0027984673108066 0.005090220896651323 0.009327106872568837 -0.013953357030867194 -0.0002642976137217372 -0.011604625600478534 -0.009341581112826082 0.004952908151555516 -0.009111755050576952 0.010187839995597232 0.009174317427885978 0.013426642017085058 -0.0026908131085485844 -0.008700448473533883 0.023412839418819865 0.004925971304532909 0.009208231555014537 0.012978590522158738 -0.0013981253736018479 -0.003663376347364501 -0.01584207837578677 
1.0541170901080545 0.006525520370311538 0.008252926259133979 -0.003041830814353518 0.0028339991301996876 0.008813226937464943 0.008452425720393368 0.0061200057436799574 0.004859190585961212 -0.00455831311773939 -0.004503778539109032 -0.003944500160788776 -0.005531230711719142 0.01210405359822472 0.00767787109917599 0.018712563050119986 -0.0004346451740128905 -0.00843108247127653 0.015921261933302747 -0.0013273515242108764 -0.0013525757572429003 
1.0501376705613912 0.0005962135887258529 -0.006342687089428017 -0.018079307152941294 0.0149085777925061 -0.002901938408299916 -0.0019226816227070787 0.011364462489123364 0.003838789178948536 0.004117486664605439 -0.006644986942113874 -0.007697946373774364 -0.003890456480167804 -0.005721828370471368 -0.00349045618270311 0.009014741075041455 -0.007007353613648513 0.011417958389262295 0.005038016244517721 0.00909162075639802 -0.002438488270629018 
0.9880980316489998 -0.0018115723018121191 -0.01215095788256162 0.000498528960651168 -0.011706366768162443 0.005780160661449069 0.008196781985700015 0.008028496761245202 0.012083936627790642 0.008083935483855581 0.008662707812900808 0.00032377686402202923 0.001246510509564696 0.0014332749802532132 -0.011600445036796888 0.009333092147711466 -0.0048087135344922205 -0.01890326280197497 0.004392681262345249 0.0007040187739395051 0.007554530928900905 
0.9703067236620755 -0.008040046272740247 0.005052034476645502 -0.004354772634742126 -0.01168027261342457 -0.0007760053640410121 0.002328016545351695 -0.014390765612561045 -0.0055944799650878155 0.01153512818532493 0.007144838555123109 -0.011591964550152498 0.008018626575664368 -0.0013898950369682034 0.009356746036128667 0.005050286043257685 0.007459589426050886 -0.009089408718980898 -0.012886904490621074 0.00238101797535028 -0.006870975628893543 
0.916430345766133 0.00679180775397508 -0.02348975068402748 -0.005700054425564565 -0.0054773924774757475 -0.0037548978015175373 -0.013362404710818945 -0.014908651690746047 -0.005159964829502264 0.0022240323899185618 -0.0012758373516995043 0.006261157052685394 -0.0052912072580198356 -0.004837781581556802 -0.007083976651271709 -0.004977148580937197 0.004228728714941496 -0.0018212807949005622 -0.012637398869894276 -0.0007218362413721495 -0.008479713153304097 
1.0349063955304378 0.027611661421248334 0.0032588281243421282 -0.012340783697293883 0.001611545027014369 -0.004770701369785065 0.010000985307278061 -0.0004106293348769577 -0.009195079517524914 -0.0008448917009811395 0.012041990478110696 -0.0004172058905403977 0.006775571779544108 0.01111997854520257 -0.005257137433673739 0.011701199351604213 0.004217291182111571 -0.017605119700994862 -0.012426559703527303 -0.009229399599307497 -0.00897372508211328 
1.0337135319428976 -0.0023679795808024266 0.007506059024827495 0.004947532884733517 0.007371239034381097 0.005462372609829846 -0.0011473374635959522 0.016188380448665222 -0.00530760657918823 -0.0032069843208183775 -9.23126556933755e-05 -0.020505040920387633 -0.013011918110146705 0.016697441006528535 0.003227829116743256 0.01371721261029411 0.000413509203112744 0.003304301159616873 0.0031402632007970868 0.005953105743139345 0.02022188176019386 
0.9878640235154181 -0.01856738597386197 -0.012973319165152791 0.006711699101518517 0.0033097628181227214 -0.0007602248337342123 0.005147412321588483 -0.011245367271659394 -0.009454489235445113 0.0014762297185925272 0.0035694483416237365 0.0015140964568097584 -0.0019094459461575807 0.013111859668812034 0.004759157430650791 0.015741837267767126 -0.018593069480136233 0.004614528044762433 0.0011085395308011738 0.0004972056771845144 0.006796868605970515 
1.00533404872986 0.008184438233115288 0.008079534423144968 -0.005925470986253416 -0.011707960042318595 -0.0007697159092553077 -0.005179732786814851 0.014105985554975576 0.007624887669594355 0.01194750367484886 0.007977969118050973 0.0020107001258334845 -0.004087966039487634 0.005346204817430009 -0.0037721414819845223 -0.00014797698437000968 -0.008971552826699168 0.0028428929594097947 -0.004462502928862413 0.00911693675965731 -0.0011614192625487314 
1.0076280975470022 0.008513486181304764 -0.012498402788742893 0.004318107278892332 0.003800267885778208 0.004236309860721232 0.014030615295500235 -0.00034956339941104303 -0.0012165291799142287 0.005175550038582046 -0.004872721052219691 -0.00892037845157954 0.01796802991643886 0.00931823024731466 -0.01862330514120689 -0.005281823509213217 0.00836309910512424 0.0002738496383745359 -0.01948230397442929 -0.0002232006437111722 0.009711975102775598 
1.0504780277695456 -0.005139705912288342 0.014407812755738348 0.0052357016753211165 -0.0016535723931569248 0.0040243955789428885 0.003944119481805327 -0.002530451149223725 -0.005918738343137159 -0.010279335273270749 0.002213707163225943 0.012285594059189475 0.0038236704929670603 0.0036043389505884013 0.0006904930005152529 0.01921147644203445 -0.0003974902944988361 -0.010156728931731727 0.013521808909708475 -0.000490951595752016 0.010110362603258384 
0.9648605212665639 -0.01774421239605078 0.0011135600785071617 0.019211034733888556 3.3066415630136846e-05 -0.004918598084104886 0.0009251674112338264 -0.008874464625858693 -0.002156156840332917 0.01234586991909875 0.010823774019712741 0.001817356756080283 -0.005209020809633489 -0.003714259447656164 0.005996330161688816 0.004576062224613109 -0.008772261191502593 -0.0008940398835143592 -0.011380503229166162 -0.011184081582873248 -0.005410622392496241 
0.9915019039116171 0.0038360114897943625 -0.01317141334380135 0.007751655051499585 0.0029807323543632885 0.0017948326637435284 0.002330052744139228 -0.016175784334224758 0.0022044494853451987 -0.011611043590289067 0.003311385823602684 0.007034398725777614 0.0011101006554826026 -0.004663943831718631 0.0072530600718745085 -8.87098128708899e-05 -0.009668008839148498 0.008959229377321317 -0.012603374157413706 0.0005018351840779126 0.0013199890404281575 
0.9970261095055816 -0.01162987115980215 -0.02015967428369307 0.0202221197298128 0.006175290869646656 0.005529217709445095 0.008217916480711499 0.0015547959976818166 0.009718125962291997 0.002871569584253783 0.001449730357810551 0.01752613995858163 -0.00024263773686372957 0.022731518218486953 -0.008121952413042786 0.0014182038836865194 0.010241231830442512 -0.0014811600934211836 -0.009137540136386632 0.015120864077305028 0.006838457703902171 
1.0219236330883477 0.00483146642126129 0.0029285083493683682 0.001157632554471878 -0.0025945686184181173 -0.006897593967961686 0.020651033226674036 0.0030537894351112477 -0.00237378825402646 -0.016144644883316163 0.007607761901235422 -0.006818226047949657 0.011275055444695344 -0.0046438528234869995 -0.01238005358594907 -0.008641789135642366 0.004961305051530749 -0.0025933047668328735 0.0007183431333709191 0.011064735493019314 0.002409063504689776 
1.0307593064043592 -0.015088443255170671 0.015535750303448314 0.01198272060431809 -0.013257161918772537 0.0015963188431284098 0.005072478270160551 -0.0021881603961293964 -0.005877828020567724 -0.0021025675773182835 -0.005930157489499289 -0.01528908042838349 0.008937252584353642 0.003767969246800062 0.003054758114306388 0.002451786677133516 -0.000164183352244913 0.01368407822900818 0.008381665169990914 0.00862145044954416 0.003807931984877932 
1.0057866336459187 0.009018824681636813 -0.00501494741344146 0.004441913079005674 -0.0038890446880995018 0.008066977099163309 0.0023824379085747 0.0017782295971650653 -0.0048966413642983694 -0.0016087686122543143 -0.022023005389781115 -0.000179809604943258 0.0013137708683688312 0.0015652658467013112 -0.009042865199119758 -0.0013330045784598619 -0.003101206359846835 0.013051854569708018 -0.015340184392864727 0.004576875725961932 -0.015767442912420902 
0.9608919810973917 -0.007546476876459112 -0.008034980535085832 0.010331551032542699 0.006210657551174918 0.0029873557254463685 -0.01539484595138052 0.0025638189637058016 0.009802345614622369 -0.0032513458951525095 0.007214050594069758 -0.009508423846159755 -0.004194081295300975 -0.004876393435982377 0.004314643829447904 -0.007583788125096516 -0.0011646813523187003 -0.006328028154147806 -0.006184390903849456 -0.00478806471427599 0.009490905231906089 
1.0502163118590628 -0.02001469355164122 0.0025642517115656107 0.004907709665525076 -0.0010576621804171806 0.029031379169469563 -0.00949264126562213 -0.0020589844022614284 -0.01109454625064734 0.006979519028925145 -0.010837316490561518 -0.009970250253113136 0.00658739122853029 -0.006018689976930541 -0.004205563959914648 0.007333610533583331 0.007751470562993796 0.006677026735590556 0.017877279852075025 -0.005353106541891652 -0.01924181615167508 
0.9625651213525206 0.01258403475592688 -0.012869442512741818 -0.007633434798705547 0.0009931173180277434 -0.011604081672394543 -0.011275811971304728 0.0068258501717683995 0.012028644169671612 0.003217756123487993 0.008960094374537483 0.0015972033267728975 0.003982049960021881 0.010288201827373767 0.01170481360479306 0.013719515148945661 -0.005395483631246925 -0.02392585714002486 0.0015308856865580414 -0.0058409766377586015 0.007149377184825678 
0.9593558467859433 0.0073645126314027445 0.002792298449717165 0.017201816686628596 -0.015473817607934672 0.01299384917801761 -0.01977709875756543 -0.0156470840214123 0.004241948374894325 0.013525705583357398 0.005173420505817681 -0.003776857231194643 0.006817126887405506 0.009889900565596885 0.004306450249618687 -0.007361305301327819 0.012260188365899179 -0.01812259897881151 0.006280040918744485 -0.01592268974619726 0.013303508213426733 
1.0361054817714288 0.013817039478648672 0.009148538731161435 0.00688024892694369 -3.11018136615942e-05 -0.0011801830102694721 0.014705134826245811 0.0029587607994444936 -0.0025263144947648454 0.0038291452337560527 -0.002547090434214492 -0.00883748785743258 -0.014448040703300602 0.0032191122763237973 -0.005440667831006184 0.005705445492973731 0.005797857800739603 0.005754378228562705 0.0018718448544268874 -0.011460723679552587 -0.016366544332322073 
0.9868096230094687 -0.001258293209703103 -0.015144928376883209 0.005029847338486576 -0.00924058248939398 -0.0023058884326541467 0.002968391144103937 -0.01082341519317519 -0.007200720766605499 -0.0005306792874891059 -0.015101889124377049 -0.019710334816922154 -0.0007091147942507547 0.0018235306116941362 -0.0010559790379942881 0.010738904466448651 -0.006493254634579496 -0.00877181544042002 0.0110888371992824 -0.005637375012929558 -0.011586603277352923 
0.986259524752552 -0.006760822047830671 -0.01461265794452175 0.001915999012713609 -0.005339722471327659 0.016848785237037964 0.007087597168196817 -0.0019994768711766144 0.01750297084282799 -0.004034202546266382 0.009554702268148038 0.0024810083566413703 -0.007244818989886106 0.01125156874794721 0.0005048902338070147 -0.02600280349284278 -0.0012898856377802604 0.009751309554047278 -0.004246611028922346 0.019283928054033287 -0.01421458888600485 
0.9492786284732135 0.0017172302863659012 0.0037246588938743166 -0.011694803693990933 0.01003431370598763 -0.009153715561569279 -0.01171357998000885 -0.006642980184673833 0.005703905068526981 0.012093767824484146 0.018418556999882974 -0.013406280395913612 -0.005777632740865485 -0.014155026942535759 -0.00033369141148209303 -0.017788153402231523 -0.008974876502511574 -0.00671775425635743 -0.005377805699590725 -0.00245619609202798 -0.0066154332537443515 
1.0352214319853765 0.010744712132185062 0.002851568747896876 -0.00512173516337178 0.011939154833099111 0.010470634084782708 -0.014040130188408637 -0.012989873498482483 0.014964658714855384 0.015088697647286979 0.005741552587173143 0.008561882872057208 0.00511654733511474 0.00832831096682781 -0.0056578261331744605 -0.001746907330957681 -0.013160076714016216 0.013695890889011698 0.012436443540923832 -0.004025867863979033 0.00575473044122593 
1.0428959835706135 0.005145006627032405 0.027899661708983142 -0.0038306971820474336 -0.002002708267062855 0.018353821350954532 0.0058089830343245295 -0.008024514956566186 -0.00737567077723193 0.0060120043884561705 0.00534078262232321 0.0012484741748294064 0.0013823101595283702 -0.0013951384206370204 0.0005348556970320969 0.010103912115632241 0.0024600208596513864 -0.011622092958910602 -0.003485144191610099 -0.005325093166326951 0.011944925303137273 
0.9652144186329986 0.0064446080208319335 -0.007706963086222643 0.01243444294757206 -0.022871453941403136 -0.0007183372556682806 0.007079277934694236 -0.008927071089559754 0.0027632145773133117 -0.009714326012083902 0.009625496068446772 0.004794852639777871 0.0038405464028955488 0.004098971607362685 -0.005534568619220438 -0.008831163976693422 0.0002133458734837017 0.005687385248671882 -0.018183196501011835 -0.002346356952368141 -0.01930950721926432 
1.015973932791596 -0.0039003935122488417 0.005849683329639289 -0.0017642799574057277 -0.010804544761289104 0.003735163638382184 -0.01253040601782551 0.001466273071354088 0.0059228444203018 0.0026359053257648648 -0.0049339477413003745 -0.011618871705177882 0.007891588936114233 0.009693921929144238 0.0003220900762040424 0.0019942887051682366 -0.01882952462774901 0.009698204189072754 0.008973358353979496 -0.009467430848332917 0.004321789509788885 
1.0101156236251696 0.0002187726870204911 -0.010233463973319758 -0.0026329438568236723 -0.006124807316879504 0.0026950978257759967 0.01786253245073074 0.0024239389481539573 -0.004250214243475681 0.011949961703316032 -0.002156994335893382 0.017536997625826646 -0.003191597823216891 -0.010622427109471484 0.013174931465570743 -0.00989021719665704 -0.0029006872610519135 -0.007486580961249912 0.012973809230628835 -0.013859547309429317 0.0075830699653346295 
1.0093519797014114 0.0017048970873732741 -0.010079915616428813 -0.007654580038706044 0.014320889833153399 0.0028962842586382283 0.002687670046206546 -0.0025724966288976914 0.008796685357823549 -0.003674794089316285 -0.004405113775010914 0.0033800483070551145 0.00888867035168969 -0.006181177379059187 -0.006959930711605955 0.01350380028092449 -0.0047668664211541695 -0.01338199814763306 0.00528043646080355 0.0037503349794523683 -0.019643297041179057 
1.001697509504738 0.01676380103122447 0.0055840086140103665 -0.011198174528672052 -0.0005661468591173063 -0.03129878945386038 -0.0054628921004989 0.00027184163597936383 -0.01969225415301578 -0.017757150540378665 -0.01306521740202017 0.007662380746827603 0.014958829882517871 -0.01134048738899014 0.002359126972932512 0.006426478697544495 -0.01018045815167495 0.0017523885728540495 0.0022120448229236644 0.0010138065673757186 0.0012692213235867393 
1.0079210408946873 0.003957109924190834 -0.01767287264630974 -0.004417054354522311 -0.012518809506045071 -0.0056092188671988796 -0.003843833809178834 0.010220604627190044 0.009223133614906317 -0.0016142327863223722 -0.003595902296746622 -0.002033025081843325 0.011323637913825459 -0.006821099843574089 0.005992429291789953 -0.0005836468196789272 0.0011131652703480384 0.016938425457124297 -0.0024394612791100033 -0.011582959250519343 0.026001917973458476 
1.0271608606218274 0.00990845511321998 0.009717508633759643 0.018474160438253555 0.01746886126429794 -0.007173456701911039 0.007523361705955947 0.01626210943777054 -0.011816305574319202 0.014110319904526695 0.000550067585282127 0.017410422563768777 0.0002635202886355431 0.0020942546728844416 -0.0036251836775689286 -0.00612543801356699 -0.019127425679447044 -0.00822165743586018 -0.0061766700064110145 -0.014550202096205405 -0.0011202662618195025 
0.9527685153056904 -0.006339532713832471 -0.004471747681613083 0.01085065754987435 -0.00538313842313635 -0.011161124753776912 -0.00037039651766949077 -0.0036663024709656985 -0.018068503288690627 0.004112624392964189 -0.0009932462510079357 -0.01271613899956924 -0.009346492329876256 0.009088309191466673 -0.004793153762954095 -0.00541603942528376 -0.004701532302160958 0.014060655634162303 -0.003215427356616844 -0.010833019126865587 0.005786280973504177 
0.999255048517083 0.001380750270713885 0.009105599561432358 -0.0018213851677173528 -0.003201972601801828 0.006598414183133189 0.0075201106095127285 -0.005204867255060046 0.0007064460746921649 -0.010193259007976676 0.004824420271900078 -0.015321838900032596 -0.005217304747330623 -0.005944383706890562 0.00681286506538231 -0.02295398550758333 0.006765767265042883 0.002390890362351265 0.002838503491340218 -0.005484506043241159 0.00507238753818571 
1.0453602858683175 0.014011413589360752 0.008726433962731631 -0.008667960152461693 -0.001445017154154647 0.001833775803314247 0.005753486205792201 0.0003427792826386862 -0.003838095112589291 -0.00591139268346961 -0.014858988628963374 -0.006112584527084264 0.01400377203278173 0.010002220265578999 -0.006665326279997425 0.0004979852517647373 -0.009916672146013364 -0.00048120547462712814 -0.0033925548973379174 -0.0044025369752533836 0.0059487137249953186 
0.9948508310237808 0.010236177966680209 0.006161856885102814 -0.005079553590807333 0.006289201112018606 -0.0011461599018996562 -0.007983647615845347 -0.010328744028044679 0.006376221019666478 -0.0007423412730600444 0.010753870944377072 0.017958974263762997 0.0020632537022480064 0.010420226282005255 0.012329569618531431 0.004521278644965578 -0.004624174208963742 -0.012416251237328053 -0.013137574007254524 -0.0035678667658398957 0.00044401660305789343 
0.9476714800989029 -0.0015918250544784888 -0.008557740057755342 0.0006314975258953209 -0.01876435600548851 0.008379127437978324 -0.018676984950583245 -0.018554826911083767 0.009065980642123534 -0.0036611436403001935 0.018068151939748794 0.0015407935920743346 0.0068380468787999 -0.0032361229297456925 -0.00245333283609666 -0.001740246571132484 0.012167281297913413 -0.005216101505604286 0.004485821336808455 0.0022645883901624454 -0.0031072960686231825 
1.0181336312278488 -0.008127634810774923 0.009216999644080502 0.01701870831354733 -0.018088336165537455 -0.0003510079459685343 0.021210755945819372 -0.01698634200243469 -0.004202503707942688 -0.010764825669170967 -0.015050657992628778 -0.0011431057379325982 -0.005900331517751211 0.000518166039185184 0.0009061184494187645 0.008164735349162412 -0.011233575690078861 0.019741768164030362 0.00344750527579152 0.02851557672069777 -0.00040899382146803305 
1.0240485702559567 -0.0019709565131451343 0.006603963449207977 -0.001346511419483083 -0.002391876664139471 0.012913647558801325 -0.0019231884381403046 0.006476769104607533 0.0027867390074146252 -0.009630420825390063 -0.001413259634620596 -0.0027506665979226234 0.0005961405944135891 0.00046630755772560746 0.0018723417211217548 -0.0027137580986635636 0.013842943765936382 0.005386626545375741 -0.0027326001842097668 -0.0015442607843364784 0.0016365684351640863 
1.0186706894061992 -0.018752076308927553 0.002999229557787268 0.006625508248023729 0.00036667583626205663 -0.0023374213656281477 -0.0014909380498491726 -0.006445906370353662 -0.010178656548899106 -0.0031173248163464486 -0.00021253180468798434 -0.011284996918338768 0.011670965480603864 -0.007094068396704487 -0.002775557229660699 0.012820019005449079 -0.010450985414810647 0.012969321673800832 0.0020125890178992025 -0.0016699597856807066 -0.011846582170283218 
0.9831043064017435 0.005350795098244044 0.0009905105054686843 -0.004617295360737698 0.005407408434078735 -0.004199630591262054 -0.005482749668277796 0.009674061133444127 0.005442736135756445 -0.008896915724829934 0.014733169321463319 0.005848559037471452 -0.006831063582804389 -0.004585834912969824 0.006385383808730255 0.0022246132745326074 -0.017565507369907564 0.0075276584219286825 -0.009545689791060998 -0.012732742748710833 -0.004937103228543224 
1.0231644644670592 0.006384994578152692 0.0019322049317467562 0.012741227747886169 0.004416808697191209 -0.010907679201310468 0.010929219866233915 -0.0037761247228976992 -0.004054173441203874 -0.01413537571710791 -0.006447635032194789 -0.004050741289142737 0.01859636210023195 0.003193444437100314 0.005034621639566083 -0.006762524530638603 0.014343889874951 0.004741714050490807 -0.00641393475497627 0.0034348714705505685 0.001859286154982585 
0.9857410900561435 -0.013590982119211012 0.01153098903338358 0.0006828703613987046 -0.02018035386113453 0.005529711245174127 -0.001466379839216743 0.015916711388267696 -0.005952919075616174 -0.0034939512856135314 0.015895196093797657 0.021457835773537683 -0.0032930584506715346 -0.0006754889315108102 0.013325247709310418 0.011768805152905903 0.0016979203431593318 0.0006271929255437178 -0.01617649333538677 -0.004577445421945311 0.00044199757662923857 
0.9532579001232472 -0.014783146598424318 -0.0011898990140941296 0.004128198147464788 0.002876631962079573 0.00387631568256083 -0.005604211547984647 -0.0029078841328537153 0.021655454607585344 0.002401289085435162 0.0028575535043285816 0.001544802104647783 -0.0020469633450951362 0.0040149376621038905 -0.01175514387259753 -0.01256783235984453 0.00467967062283244 -0.0034284887697002414 -0.025559630543088768 -0.017090009362522425 0.004678396513949866 
1.0160709612715442 -0.0028784402311215827 0.015822878332503138 -0.009692015143424305 -0.0065787602866168695 -0.01265727742153798 -0.0037232750153518204 -0.0013012183088609347 -0.014253700359185174 0.012201456600857702 -0.01159074364309065 0.005987993520391659 0.006128039594829734 0.007227684570285533 -0.03111257767948327 0.008737123328256515 0.0026999163648562005 0.021472927885840792 -0.009208250963328139 0.001995608384303047 -0.009070267852050035 
1.025121221038577 -0.009887873519947197 0.0004268288506439589 -0.005739735307080127 -0.010979534387707206 0.008678712631627268 -0.007397385202491771 0.010436283733094964 -0.006470066849557147 0.014817100088929985 -0.005481164695307929 -0.012388307535436386 0.003823915172031549 0.006531278041846879 0.0028661911502567946 0.0007236773764757204 -0.017709676840567797 0.01730122468223364 0.003805555963263371 0.007307584670228996 -0.006527847779122237 
0.9577508678503749 0.007580499957604549 0.006122423920770591 0.002076086600760236 -0.005586955493312566 -0.013291083828304963 -0.013431987344144396 0.0032825679075714417 -0.0036906318115215715 0.003824861935433768 0.005164309919599514 0.007262224567427423 -0.004423618857804769 -0.007270967573790678 -0.0010654515959091406 -0.012697662830415605 -0.009407612901027538 -0.007512249391520595 -0.002731504312330841 0.013470634133129112 0.01370218339963247 
1.0303877354358777 0.011726596036250755 -0.002327903478203456 0.002684148805265129 0.0037994739132621454 -0.004536789953657979 0.0049081988185015685 -0.003065027191608526 0.004731143275109138 0.012674488852095982 0.007220302116390921 -0.02042504705832943 0.00936910404147396 -0.010806010443956389 0.008134359643712766 0.007533600928572553 0.005275340152993035 -0.0021449384968789073 -0.00356781533681117 0.0020429319115144633 -0.009685215014014145 
0.9908919400726884 0.013140162566642164 0.0019739272275850215 0.0012442220252170738 -0.0014380540818635262 -0.009580809290648752 -0.0020823222908675386 -0.015316332366623726 -0.012510830536820165 -0.007392635595083681 -0.0064408825915446746 -0.006456613115310147 0.0005099500119526016 -0.009217173390471876 0.012621368821225632 -0.0008975582149707701 -0.0044337218299248925 0.010408927497824705 -0.004235720766253704 -0.023856385642321794 -0.001116546800181216 
0.9953025667057039 -0.004572511771519997 0.003045918397313755 -0.0062931962684324065 -0.007838014419377247 -0.010708678943517935 -0.003027892419510002 0.017074760859255786 0.0074376444960524025 -0.006669569514512846 0.002176943349847932 -0.006203180679664241 -0.0018041134168514112 -0.0009218202171006892 0.0031152102642316606 0.007977393223969696 0.0038997143450036765 0.005751584034510162 -0.0077211230052308105 0.03286374764240402 0.006638013977679426 
1.006931370485313 -0.003594982308882119 -0.003702218469729536 -0.0005061399080715527 -0.009547055889214617 -0.009493293502933958 0.0031282828600495095 -0.0027952244677075587 -0.008093120925943845 0.0013297954769950916 0.0035401266266517194 -0.009100728371100078 0.009584705966726418 -0.00019106491619535516 -0.008878816796977938 0.001329387391267351 0.003355158316270586 -0.0043229634769435 0.01315127429474111 0.01573251837126781 -0.02567284808374815 
1.0029895258586567 0.0069170948463326935 -0.00781228791593731 0.02204825172321059 0.008926452364424301 -0.018317869401563085 -0.005649037392371273 -0.011369734646513701 -0.0006325258460538101 -0.007911904920313378 0.0016858784031351115 0.007186471104776736 -0.009651196612303889 -0.022606266382747618 0.006671165194433453 0.004706081084676388 -0.0031572130751822297 0.011981767628957316 0.00835440776402894 -0.0062278723928800555 0.0018308931100220846 
0.9705343364642756 0.0036418039160729726 -0.006655709730019631 -0.007603752621109154 0.0007065364094965484 -0.006381180008594564 -0.012653370290973132 0.01936638054455867 -0.015705070599805426 0.0012491200333111325 -0.016239083753053156 -0.006637826857159837 0.005187320685119912 -0.0007315756300299309 -0.004538882026642946 -0.007029944044496032 -0.004717373246937483 -0.025577832630710992 0.013166546570845665 -0.013783723239498911 -0.008931666808449338 
0.9660863487886331 -0.008145876782776878 0.013375922498343202 0.00502072633818101 -0.02231661692638135 0.0011108803327221862 0.006093706893774974 0.018742083933953876 0.005754397306382173 0.015133132205584758 -0.0014486428274023883 -0.0062538885285687166 -0.011400911068435767 0.009794202810076345 0.0021687689239096508 -0.0046498625615732665 0.0017345254552981035 -0.014551853015561778 -0.007969031257202327 0.0064379737147326355 -0.014325418469939679 
0.9892111753337838 0.0022814154219384856 -0.007391090340841934 0.0036387841000718696 -0.005641915944163485 0.00464310192006764 -0.01813083416772149 -0.0024545680643045112 0.008892849982317189 0.015978779462954198 0.01063367759822264 0.0012152331321175934 0.01754859184667929 0.005056625099427821 -0.007927833096125375 -0.0016771968130361353 -0.0062247633353621915 -0.001775928036616699 -0.0009729758022148971 -0.0044178494613584555 0.008273039753405528 
0.9843475527586513 0.00016816045314306242 0.005000611500903584 -0.013622667809266093 0.010096858636317319 -0.011363545088629197 -0.0011048029336675584 -0.015530014781525641 0.00041349913408880316 -0.018248752797871696 -0.010088132869000654 -0.0051496467631449465 0.003914335432868871 -0.0011922170952795117 -0.0014746039934060528 -0.0011612032481628327 0.009560225599940837 -0.006369293443357161 0.0033129296298761287 0.008886171644444343 0.005410341105209437 
0.9936340990772543 0.00042409749374864116 0.0036812597042996326 -0.010954554148783824 -0.008067827222581852 0.008938572040833233 0.0019235815462571837 0.0014173028416134697 -0.013918864465808468 -0.001234439459133993 -0.008637590430389424 0.003279216300506552 0.008274480072010768 -0.008642277996493832 -0.025878198393106865 -0.0011537795925095934 -0.03256967297632167 -0.009554512806100089 0.003734013738669257 -0.002896438853954352 0.003817424786910373 
1.0088737071732226 -0.00797868894882779 -0.0042539910951035825 0.01195975107391728 0.006037513177270071 -0.011834418480162399 -0.002566275795912854 0.0082654513260398 0.004717747000044901 0.010987636690561032 -0.023739888468726322 -0.005226759811696005 0.010214212405757699 -0.006720850779641612 -0.0015460228426453808 0.01129281990329747 -0.009473927313234449 0.0003892758840775669 -0.018778146618177047 0.008808398131457588 -0.012512623541536204 
1.016168432640917 0.01204902399934083 -0.01636943918639586 0.0003837893087960324 -0.02545693072008745 0.006182830595186309 0.02126313260657599 0.00625860984822527 -0.015563951311544578 -0.009155176840029146 0.003362417246939573 0.0011738540704315673 0.0013836806270439218 -0.007766925524247856 0.004777510433563935 0.013260869062200671 0.0032338399194462826 -0.005297461407445105 -0.00552061761291323 0.0040689756085163405 -0.0056554561554746155 
1.0033580825395652 -0.001379344776840174 0.004587181302412665 -0.025449134444466722 0.008568260700804572 -0.006410192409240689 -0.003431176508593522 -0.0058919599351046495 0.006201934378338245 0.0009688522459687783 -0.008524110671498416 0.026664410491249048 -0.0005703971636034417 0.009796379755987917 0.0023569506037844534 -0.0011867104844794558 0.002769693797685221 0.0020904379604372255 0.005791261756347912 0.015782813308689622 -0.014106243317058906 
0.977121989382837 -0.009766241725227862 -0.0013195169918975094 0.02879089151487218 -0.005983377339409902 -0.016030990272371468 -0.0003815836015667533 0.0042839484234094135 -0.0034772384456336265 0.004817034833340683 -0.0049944651408217605 -0.007866588892199456 -0.0031925156298162833 0.007779787438752329 -0.0010019994120805038 -0.002271174240646657 -0.0036701238198544157 0.02251591345671092 0.0007431830597051531 0.006003178081082471 0.009023503872585945 
1.0281749510194529 -0.005852432744017575 0.0024229668652039973 -0.024002647660541904 0.015639883135918648 0.0033083158703931985 0.014015852641284597 0.0024104866984037223 -0.006433826817685708 0.003533119615629411 0.0024472574837554367 0.003748672494466111 0.009814145486352656 -0.0072951307619751864 0.005672814439807545 0.004288836076124787 0.007637070492795215 -0.015025614420114488 -0.010858170216570586 0.005649922445159248 -0.0035792443142278535 
0.9904627153973832 -0.002843166174924085 -0.0024823552684259294 -0.014185624709109003 -0.004346997795731934 -0.012931283769491287 0.02641257128807381 -0.00978792931685404 0.009815716561970177 0.005999184479017538 -0.002481431713402347 -0.0029539428298459153 -0.004543726788926294 0.005956228225612921 0.008329222568284597 0.0027944795230278284 -0.0073192470297374496 -0.011651498768724637 0.015676674735250782 -0.005382998025807494 0.003020527530079671 
0.9674692692570708 0.00649257748631189 -0.016085313646701998 -0.005706356843387502 0.005026138004307509 -0.010821547009103689 -0.005146017813990119 -0.007771370249724799 -0.005405123152146537 -0.01715288366873214 0.0053241053883688536 -0.011310874880823791 -0.023687050748466675 -0.010636775981084352 0.0030972113963416924 0.005958200322089954 -0.001067837535156315 0.021830757922114936 -0.008688946135647106 0.0070414399889598125 0.008507742257593584 
0.977117540120827 -0.008517590131277243 -0.00970157408881695 -0.0024339795333748063 -0.014302317373359448 0.014061527304172606 0.013072761945869885 -0.009597769656183341 -0.010705592236112765 -0.007531517197292555 0.005160342886773295 -0.007545204065136857 -0.013272672906732584 -0.005031838479758919 -0.009792398091435771 -0.026628208874126185 0.002399603506858531 0.012658890008675384 0.007350959759810331 0.0005037540061843467 0.0047600249310527235 
0.9618134445677547 -0.005733511304572896 0.004817076110882214 0.0015287810858249909 -0.0056879144622098855 -0.002468553461956886 0.009457994062861115 -0.0055648005040514585 0.00010348033049685805 0.004755309897802236 -0.005273988630652705 -0.006408946214464051 0.0028200290969238773 0.012323317944415815 -0.008280240711902111 -0.022127966872584236 -0.009487112831395271 0.006216588716389108 -0.010999558227559988 -0.00595281473826029 -0.008164422699404938 
