"V1" "V2" "V3" "V4" "V5" "V6" "V7" "V8" "V9" "V10" "V11"
1.00926942953136 0.00470891877272235 0.00657433557492687 -0.0097529339294003 0.00457867435408614 9.59241027228149e-06 0.0138255366803005 -0.00660691154480798 0.00326585111830447 1.50788801676584e-05 -0.00154234980301486
0.981197718418731 -0.0034723420101219 -0.0104708472965071 0.0194123125638576 0.00450567869650332 0.0241427543943799 0.011357769274107 -0.00893066432262914 -0.000729485002576564 -0.00373952945068444 0.026452794224658
0.983178026092867 -0.000686568713602195 -0.00237571000814714 -0.00797392934460907 -0.0221513806802178 0.00241753203321953 0.0122546576956624 -0.00643970307910132 0.00658122360350144 -0.00169733422475725 0.00484277855820484
1.02796629461403 0.0112254279947243 0.00360433487742617 0.00644812210611255 0.0109061220914432 -0.0180160133403552 -0.0122724750954766 -0.0019485425559761 0.0139635094480649 0.0206509054146998 -0.0112289053807803
1.00865196939781 -0.00407735262258324 0.00615560253510553 -0.00179524488455032 0.00414706035910519 -0.0165533585306678 0.000473862929318905 0.00183386661578326 -0.0210638414699717 0.0149281104968635 0.00406785139956822
1.02604089684302 -0.00880161550412328 0.00256211164557027 0.0145750074907303 0.00343592012156696 -0.00616449079848092 0.00684013132967252 0.00932949076562453 0.00163871571309891 0.00359677120637983 0.00176371310304839
1.01051163602225 -0.0130343652147451 -0.0102244542334251 -0.00172552926995575 0.00610893152621055 0.0106061632872494 0.00245708226815027 0.00406111279997808 -0.0146624608915915 0.00588687678111095 0.00362461656052541
1.04308423098023 -0.00345646310724909 -0.00339186229552859 -0.0169879874075516 0.0107769361026843 0.000485920723769517 0.0076940802034528 0.00742109297377771 -0.00743834070631563 -0.00634082866289668 0.00352360830947609
0.983860268816684 -0.0131533127607632 0.0079187224088993 0.016773147270466 0.00236460627436929 0.00761307741623348 -0.00583909877898907 -0.00534979723823353 0.00175067149050207 0.0255471531232242 0.00634789840737917
1.00414634661992 -0.016285209590609 0.0109173909717356 0.00743409851594834 -0.0164146421128287 -0.0102709742050895 -0.00173230187711834 -0.00220330077626417 -0.00669390005026487 0.0028016501030978 0.00412450277832521
0.984305158358427 0.00190474871220139 -0.00779082766378904 0.00686030250485065 0.00162846109087946 -0.00633903829350452 0.00450952176594095 -0.00930866376295129 -0.00205927056345466 0.00489661706275381 0.00217292432449803
0.989995415097931 -0.0145481839219531 0.000337394493937955 -0.00366934897719311 0.0115736221547842 0.00353272279950078 0.000779913995975701 -0.00536995413656744 -0.0187871326838157 -0.0187571522506754 0.00139342457322856
0.948018222583879 0.00702145541221859 0.00241775744160097 0.0187098644995212 0.00454915744995049 0.00355829646890008 0.0102599499928184 -0.00475672126531955 -0.00513634208022156 0.000266749664847766 -0.00246333465530864
1.02674601094377 -0.00847694959443883 -0.000750330229121842 0.0145420394773764 0.00359317035023925 -0.00466189408886709 0.00255715894750992 -0.0121688086002886 0.0112329055840296 -0.00835432220431196 -0.0118943567524239
1.0812597695077 0.0157985485524875 0.003854287096787 0.0108655727137618 -0.00323704300799415 0.00392219808360899 0.0124964151180051 0.0181398943103441 -0.0131089694485962 0.0115524471370391 -0.00891894781124675
1.00229533279728 -0.00140828511378761 -0.00429813313990767 0.000225524883215183 -0.0127786906465683 -0.00155438590944823 0.00131936163317353 -0.0253951164977795 -0.0196915683527587 -0.00147500773923079 -0.010336677455222
1.08203822835431 0.00557884821874986 -0.0114159293658212 0.00225162908111234 0.0087419530139488 -0.00392253825832798 -0.00463238953635712 0.00865841321594479 -0.00524263620718301 0.00453395103082924 -0.000359909232370586
1.06856609345853 -0.00892185671833017 0.00826717869404026 -0.0116072580149389 0.00156499995563287 -0.0212057816213824 0.0233039714310836 0.000417478936231721 0.00362717852472571 0.00279130356090605 0.00511403606692425
1.00381570094555 -0.00548560916347113 -0.00517715309112346 0.00849166839276515 0.00673075216504909 -0.00775545268991975 -0.000957162952374568 -0.0197682450192518 0.00134050366131165 -0.00361096678713803 0.0089855449634488
0.964503367010615 -0.00271086665584414 0.00070949559830197 0.0024778620512702 0.0119662403428991 0.00451570634554594 0.0146285232505986 0.00600015625018734 0.0156853481696492 -0.0211784967840285 0.00745746634205067
0.943697334414878 0.0109771567409828 0.00707016150910645 -0.00288963717371925 -0.00687189381991108 0.0107839472986971 -0.0272495178463447 -0.00590236802141594 -0.00954187189289267 0.00851012996011993 -0.0033917299583398
0.997452706025542 0.00879023635513932 0.00803392384560235 -0.00996885285357881 0.00174671885589402 0.0129222640436159 0.00422693711487926 -0.00217924517658773 0.00433754913589746 0.0103075025489905 -0.00705175321584013
0.993934767812448 0.000857421189574077 0.0149753739187103 -0.0167589920485108 0.00426470709572555 0.00601776449190543 -0.0112429383713164 0.0120028548263447 -0.00546466681657566 -0.00117514136467275 0.0293232393930674
0.994296027047098 -0.00819008777673291 -0.00932516869848915 0.00566198548636789 -0.0031030238452096 -0.00386300992690825 0.000229927131316413 0.00632889625507677 0.00685518361389996 0.00441238511401998 -0.00149055364793636
1.02329635402251 0.0135197166194911 -0.00836930507276933 0.0116649231475275 -0.0110005027704 0.0159854519759576 -0.00697811443054186 0.00676423563356604 -0.00973513531803505 0.00796358809570795 -0.0161048145109591
1.01743702269579 0.0155250949909159 0.00488333468497251 0.00392462523391309 -0.00239589562634444 -0.0115584983559142 -0.0106726195634547 0.00145473120996834 0.000450115076552632 -0.0132273428182796 0.00113840642124604
0.964892103085215 0.00402748845310653 0.00626401743194585 0.00235116046063726 -0.0242489797651196 -0.00116442389944149 -0.0121743187501882 0.00231996172878087 -0.00291297323930411 0.0156790610555674 0.00941220713248926
0.905104157817749 0.00360915830251859 -0.00057980403585978 -0.00151836667483904 -0.0110237551542297 0.0123192425767776 0.0101251359899985 0.0262154482545138 -0.00845864270415208 0.00835452903612082 0.00230127353201398
1.03434283254369 0.0175798765524284 0.00570686183213099 0.0320993109184561 0.00860586267775998 -0.0129488324841474 0.0116896878930502 0.00277565597478345 0.0160739199445056 -0.00691235435254476 0.00832207699565966
1.06168378661309 -0.012108526421423 -0.018263037059133 -0.00402727500267863 -0.00231521032108961 0.0101313588405414 0.00467619588258151 -0.00180360294623674 0.0124457473863741 -0.00526501118795681 0.0201469426841068
0.943345714597762 0.0112379206216935 -0.000713342170158147 -0.0200540374445534 -0.00200009941770968 -0.00435930965678742 -0.00686311182584851 0.0151287846340783 -0.00181725487415728 0.0053666257711446 0.00221761722900746
1.04656618143318 0.00930327476495253 -0.00103091721306668 0.0018303983432915 -0.00868614773617666 -0.012804800764131 0.0140775028465908 0.00447894314171504 0.00482642981937632 0.000548898405475507 -0.0142859021371392
1.00957480898092 0.00144424217101955 -0.00947548421332212 0.0156965774520018 0.00871162679135389 0.00214979784683857 -0.0104526105718855 0.0211136487563178 0.000950914119276216 -0.00157739998123449 -0.0155076375316389
0.95277421072578 -0.0164762095540969 0.0173813050951381 0.00198800253832032 -0.00642067350620155 0.000784221930993003 0.0210477919477178 -0.00817307543099374 0.00295593078202191 0.0073853605985135 -0.013864569117754
0.985875033783355 -0.0121411424148423 -0.0102260571461911 -0.00832740434466866 -0.00052059563432226 0.00632015947426142 -0.00990064599186251 -0.00359840394520532 0.00157921035647833 0.00289876870129311 0.0147272814823485
1.00462949853764 -0.00304132130631189 -0.0104817677406358 -0.00356779822078236 0.000980572701365778 -0.00941276249757634 0.00938195810534659 0.00495458677870701 0.00314814004362786 -0.00953039807649552 -0.00202672885914408
1.02620845430504 0.0166065783407097 -0.00755494576472366 -0.00278689261997042 0.00210329530521453 -0.00816797205977846 -0.00547764003042386 0.015085610433322 -0.00889505207225405 -0.0147857846461206 -0.00840099396573745
0.938071756553651 -0.00108667728744148 0.00484107663098522 -0.0151714104863158 -0.0135122179435979 0.00496156700793663 0.0124117294104456 0.00082185213718981 0.00879679482287218 -0.00766899556782602 -0.00831335514214632
1.12209383958049 -0.000823303287452123 0.0119740936997378 -0.00228007583071299 0.0169840020144971 -0.00469946441260836 -0.00140811530273111 -0.00353775690483507 0.0247355712307166 -0.00432967858179102 0.0283139011149113
0.975709699044333 0.0111205832084346 0.0115453344739585 0.000785631709854525 0.0107050296672215 -0.0116589216636311 0.00059706089802008 -0.0109602378047589 0.010364630050083 0.00812901614004661 0.00518495702229119
0.996084197082427 0.0105617878450699 -0.00267516175218472 0.0204930583594223 0.0054294024797864 0.0140498845452761 -0.0102499071813431 -0.00930423406225621 0.00814429455424201 -0.0132951677377123 0.00943708913585588
1.06213324148495 -0.00751591208654561 -0.000549177456118851 -0.0081401514808752 0.00748180962969793 -0.00300067912190338 -0.00221385763810513 0.0114219000411202 -0.012547461197634 0.0164416824441866 -0.00724682782738775
1.01486473488154 -0.0118639801786242 -0.00261312199992718 -0.00369415261817366 -0.00228232243682972 0.00625012726646641 0.00207495197276329 -0.00626342946245499 0.0166256539734534 0.00752183670764518 -0.000770823897724705
0.912794860734584 0.03231419274989 -0.0111161580447227 0.00255419699069061 0.00618447092381606 -0.000798825886587808 -0.0179658677982748 -0.00474277793281301 -0.000446149617836341 0.00595154831414329 0.00140873539419566
1.03542723914096 -0.0063753038290211 0.00940434806694678 0.000955779377231514 -0.0181631371250286 -0.0182929474081739 -0.00411208874855532 -0.00233748212217489 -0.00680747364936137 -0.00784037134397779 0.000933306076574594
1.04286749420787 -0.00631012038819387 0.00548744658064578 0.0144725734893927 0.00411214081890641 -0.000560853630418668 -0.000953132176672045 -0.0109324112179767 -0.000325696718422433 -0.000231839232068344 -0.0187071850272833
0.923182118447003 -0.0109403379473323 -0.00108922429231353 -0.00637211908048541 -0.00436963626714323 0.00564644978214555 -0.0133186909691436 -0.0185509314951914 -0.00114104501144546 -0.0198414300835817 0.0114204992705229
0.975020207076601 -0.0108637193072966 0.000854529515552328 -0.00315609227476244 -0.00788215546318861 0.00598430595777451 -0.00406674541991927 -0.00981190160071655 -0.000788035879035955 -0.0118177226908519 -0.00279967266427266
1.0457296065751 -0.00652445711329598 0.0144398712176732 -0.00234445130897879 -0.00159817617400534 0.00997455407560438 0.0039281266394753 0.0206102139036572 0.00161769979283603 0.00783777870126858 0.0121628113836036
0.944298221464673 -0.00346535516279859 -0.00393975202962658 -0.0100047404146805 -0.00630899526846856 -0.0233762987474871 0.00379351597455232 0.00380034595623022 -0.00703735662396894 -0.0181392967574841 -0.00899328058936353
