"V1" "V2" "V3" "V4" "V5" "V6" "V7" "V8" "V9" "V10" "V11"
0.890584792058487 -0.000984365289794623 -0.00899087471213436 -0.00194929355063136 0.0146263448562201 -0.0125260422692935 -0.00728005920371774 0.0190274082203903 0.00676722521056285 6.57628038733095e-05 0.00288748096348131
0.980445902653221 0.00505073229998578 0.0160486566444792 -0.0320771248345915 0.0109304078259823 -0.00240244968139746 0.00386923621891157 -0.0105251250884923 -0.0121047967681396 0.0113719901125532 -0.0130266467660689
1.05553304965982 0.00305061465712785 -0.00450429888844201 0.00734687901426712 -0.00739663827869391 0.0056235984503794 -0.00226289339946853 -0.00283295970751574 -0.00775173291031464 0.005312199717894 0.00295992719941995
1.06712464816957 0.00408155217796288 0.00127302226151438 0.00566942357974253 0.00571438648371461 0.0114898804098364 0.00710453180821596 0.00240823196402466 -0.00712031785656168 -0.0105399617313896 0.00674442558073194
0.964842069500428 0.0062684634886265 -0.00515376557628086 0.0125449314631921 0.00331447988569074 -0.00415332191468459 -0.000816849983590549 -0.00897249809421064 -0.00869267307701887 -0.000589981383099838 -0.00161513124427485
1.04696547104229 -0.00287894401174084 -0.000352276685015164 -0.00870411612569094 0.0045251602169214 0.00148720563572734 -0.00852578634148056 0.0027717740085709 -0.0096780776757031 -0.0032223714904277 0.00599924806192365
1.08614439158147 0.00421505747233136 -0.00126484281118979 0.000216239735153915 -0.00931475638948753 0.0277559521517789 -0.0081058497568079 -0.00368564833798331 -0.0211044841636978 0.0126315732014511 0.0300091159152138
0.963442271231478 -0.00857911832498177 -0.00933777872923994 -0.0108341433189009 -0.0131214434204834 -0.0244937525018372 0.00216926419706918 0.00414348238113853 0.00569813095745038 0.00288678523971113 -0.0032995172387343
0.983101421385528 0.000879190462803343 0.0117140904716625 0.0054810929790206 -0.00631681846375056 -0.010514106614128 0.00660644373389278 -0.000824548414584025 -0.00985285270265803 0.00208574339662128 -0.00688894270683334
1.05359125645267 -0.00244383978458005 -0.00741985865862593 0.00869197092162231 -0.00728527861924495 -0.0030208941418232 -0.0219286517593597 0.0141520372260794 -0.0111889010765494 -5.62553056280552e-05 -0.00186623763348583
1.02537766705613 -0.0211311727227805 0.00305485520621913 -0.00432703269371894 -0.00935096047488839 -0.00663091127636489 0.00279100907725262 0.00649884841862824 0.00678267601020248 -0.00678011175490587 -0.0144087246415815
0.947520645283015 -0.00338931888289449 0.000500501827085834 0.0212029698059476 0.00206397865132116 0.00228444428226481 0.00755074193350243 -0.00561553514085212 -0.0202743929223765 -0.0214027384233326 0.00204030852534054
0.962840620321521 0.00232156535545285 0.00385105956743205 -0.018430047864994 0.00431921578622347 -0.00538228538808451 -0.00811260692617546 -0.00921520361490328 0.0167523374147077 -0.00450694863310478 -0.00207422471640494
1.01354347566068 -0.0147303844635427 0.015363141227394 0.0091539910714151 0.00482547165063877 -0.0137496155865066 -0.0012396718369921 -0.0117795428227131 -0.00198938930132036 -0.00503148691010357 0.0152326978146048
1.04243679064294 0.00402350758532036 0.00879972297161341 -0.0160312228114455 0.00810026531150804 0.00541294458318419 -0.00518933184358725 -0.00831488878158052 -0.0265017731219116 0.00477312530711749 0.00227329139909896
0.939412071003507 0.00602504860751505 -0.0207913484366949 0.00867188090046229 -0.00252103389259074 -0.00725464298805933 -0.00663678478275924 0.0115242216682689 0.00610844413742417 0.0070986344537072 -0.00271135752549387
0.960227523943621 -0.000965156673270574 0.00237533043969364 -0.000231857543432906 0.00684394986573724 0.00520770747037982 -0.0264675880621998 0.000962012620733269 -0.00222505608037418 0.00595428663910284 0.0210199129494161
0.963699574644115 0.00329506082346493 -0.0221957370162949 0.000692745795487332 0.00954669757867807 -0.00630814447189419 0.00460055002305037 -0.0119364094354312 -0.00846054583655238 0.016949134367217 -0.000404345388428526
0.981734184652006 -0.00508156963052254 -0.0156737566616869 -0.0139498372851889 -0.00952714180754942 -0.00330552658010472 -0.00448864125684545 0.0139746373155773 -0.00358472402031745 0.0155667750570963 0.0133252660695871
0.882047825513402 0.0172622313193587 -0.0253312313506295 -0.00321701550915159 0.00775903479278761 -0.0100159384710002 -0.00936998521061634 0.00848820840961464 0.00675213859186569 0.00792671514231279 0.0158162255930739
1.0139746172521 -0.00923844471219948 -0.0127065650759253 0.00641965202943033 -0.000534536711156143 0.00080546987299018 0.0272861917044501 -0.00137422891306016 -0.00383718476479988 0.00683813644249731 -0.00193406684341935
0.998502895628425 0.00935489800441469 -0.00105669038073581 -0.00272667275897102 -0.00496950824599232 -0.00577829376315964 0.0154777793893734 0.00705435223079207 -0.000292830830727826 0.00202377780295706 -0.014413180435341
1.01404206346899 0.00325615631778667 -0.00780269424867917 0.00143123282587183 -0.0135083947953076 -0.0132229652138961 0.00967334406800165 0.00889569567188982 0.00825704259376807 0.00223526956069351 -0.00116124730377154
0.967910221485556 0.00537436454038745 -0.00819670236898444 0.00182069367123992 -0.00469522889872456 -0.00455935707121913 -0.0125134473030978 -0.00675027140125153 0.0106966959623705 0.00145002948891447 -0.00148678063351642
1.08436381619962 -0.00172521752195449 -0.00716649716658805 0.0168722891953274 0.00826194392363517 -0.00767626974368747 -0.0203373514432173 -0.00714705533669434 -0.010490242224454 0.00176515273377804 0.0135256675403049
1.04365468541004 0.00423930594376307 -0.0043432036813291 -0.0127442046361314 -0.00859708407543434 0.0201125119115297 0.0161610089348979 0.0121273049574449 -0.00500696771073068 -0.0164336674717572 0.00652331012320903
1.06296446519841 0.0171270942699202 0.011685585213205 0.00186649802479965 0.000779878816463924 -0.00675563188282427 0.00106528524907515 0.0181767572615128 0.0141861478796714 0.0270734059078832 0.00466443556695879
0.965383859204307 0.00809380009012428 -0.0244643873277327 -0.000242214271158155 0.00706467615083015 -0.0101421012148188 -0.00480253937298899 0.00744118622343581 -0.000350805955637248 -0.00501921657661663 0.00705288939602173
1.00800893848597 0.0187677822508718 -0.00580760667180621 0.00497536056461124 0.00699191540932302 -0.0179160935134483 0.0074996063216981 -0.00138406488033028 -0.00985512953892404 -0.0218121008215606 0.0167236859824603
1.03209776786714 0.00333731592328822 0.00739377420239863 0.00841292424121759 -0.00455723002349609 -0.000740640100333879 0.00477907657986274 0.00195185098868505 -0.007811468837029 0.00358928153297204 -0.0131894061606878
1.00608540571544 0.0180511243272306 -0.000302426582205532 -0.0050672665619029 -0.00729843883534942 0.0121497208909619 -0.00212786453222264 -0.00598145202526136 0.00513715018529378 -0.0151315941048443 -0.0105732628568245
0.971399621250396 -0.000113174448233683 0.00712810802342597 -0.0103624261813012 -0.0125332027479525 -0.000106927968547707 0.00963079266730676 0.00150912623364254 -0.0087342782938692 -0.00616931599744409 0.00350254484202246
0.994763828486958 -0.0300289105543586 -0.00596112349021153 -0.00640870297664565 0.000115467487181231 0.00676145168312786 -0.0103144627329429 -0.0184215693618754 0.0175789949685785 0.000545605526256741 -0.00742593037604799
1.02955805976109 -0.0260826710637763 -0.00175113119951804 0.00387562998224482 0.00200699500533173 -0.00832290273564781 -0.016445065393294 -0.00798229967242813 0.00926642707691931 -0.0111161803721111 -0.00295605229012808
1.05040252620725 0.00139431608442442 0.0080592368505732 -0.00423178930391804 -0.0142021064533388 0.00257552160641717 -0.00534027417213965 -0.0137835682287422 0.00673025364208358 0.0087423718142384 -0.000343500029008654
1.01135336755101 0.0050607858912343 -0.00427689775688251 0.00925087637300252 0.00252121996830728 0.0203672754667293 0.00111118431240858 0.00994647277675305 0.00279645767943003 -0.0121630569160634 -0.00113946898516901
1.10195529080848 0.00272788992636294 0.00384058435057295 -0.000954123824727752 0.00496281539127999 -0.00234050959851962 0.0107805861804147 0.0124143813586836 -0.00248449216302009 -0.0173691292380118 -0.00720686051662281
0.915776657998064 0.0244608576725449 -0.00558737225389314 0.0224188040581309 -0.0042913465741631 -0.0069166479254299 0.00995257573575784 0.0147051187862233 -0.00836371976302988 0.00766376064556476 -0.0239278050616323
1.01500981024421 6.87525989529229e-05 0.00626828434359521 -0.00075464006220753 0.000977593527198142 -0.0208379568414149 -0.000372648002470187 0.00501258934124938 -0.00125658263475777 0.0109911190944117 -0.00912570113538827
0.876011316611379 0.00156857198075125 -0.0139660750099389 2.83164993668707e-05 -0.00799001766324032 0.00683467592829803 0.00605435035038929 0.00599623326122355 -0.0160520657800478 -0.00427962042436461 -4.50408094948728e-05
1.04353713167701 0.0152843103647627 -0.00416333266417255 0.000408526152218629 0.0034193645498938 0.0061571323867441 0.00165390067689782 -0.00433532566490679 0.0100315330112622 0.00580931363281605 -0.00143391491406354
1.02998929445165 -0.00554166383725312 0.00632109757753559 -0.00641893019596712 -0.00567814267138804 0.000603793882293579 0.0255265720151118 -0.0169133585920862 -0.00776407115613089 -0.0110654795828324 0.00667731803131009
0.974416939153844 0.0125906893146156 0.00229697151447505 -0.0026873345107097 -0.00998512186816864 -0.00851976515880001 -0.00321625209460797 -0.00456133935073469 -0.0081481085928024 0.00116897539687809 0.00369075612197467
1.02997934074077 -0.000536651485719331 -0.0126959380453051 0.00418274602586639 -0.00379331611720084 -0.0247503069419702 0.00300271408581723 0.00435730820846371 -0.00390483898376202 -0.00962657589296645 -0.00960545668157942
0.978743385388917 0.000472454195395326 -0.0213414308783261 -0.0171542521035957 -0.00822449723728955 0.00240432044909311 -0.00366453284244296 -0.00110960447547331 -0.0112195662821491 0.00431604279109784 -0.00240783224028718
1.05368626420529 0.000935406600193029 0.013182313614445 -0.00804622210891192 0.00417199543790648 0.00154007856126627 0.0045166005191915 -0.000424795503014808 0.00462596812497851 0.0102800069459428 0.0134827410218649
1.03142833678862 0.0115698803183831 0.019548416998102 -0.0156231382022202 0.00161231201723885 -0.00648190965593119 -0.00328990083191398 0.0145014081100427 0.0136933392934426 0.00723729508552688 -0.00767527941105554
1.03070932779155 0.00194517113091297 0.00892356557747504 0.00250474437404978 -0.0019260249900364 -0.0195926504891152 0.00981166478826486 0.0185506982527334 0.0059099060179031 0.0125944417733454 0.00932122333929055
0.995906004331396 0.00642244289370535 0.0103554398587118 -0.0164302797629912 0.0259260094093404 -0.0166513652043365 0.00528361809559896 0.00591942111443388 0.00166143562742056 -0.0105812588565318 -0.000506985989269174
1.03554112160957 -0.0152349843690179 0.00202493368181283 -0.0010063526369092 0.00178249382350752 -0.00737764510080356 -0.0208314858748319 -0.00433460342391853 -0.012682030146353 0.0101544772882903 0.0050894118033433
