"V1" "V2" "V3" "V4" "V5" "V6" "V7" "V8" "V9" "V10" "V11"
1.03496338056012 0.00398281452846251 -0.00680913116997795 0.0181435667162699 -0.00503770860933339 0.00556135821994954 -0.016423547793778 -0.00368428787758404 -0.00186417132337535 -0.00241069207722173 -0.00182350422727948
0.897588323397289 0.0114340159894089 0.0116055144875817 -0.00707784286333411 -0.00451601704747547 -0.000265581544638349 -0.0222637749741064 -0.00318504654869531 -0.000412114997828974 -0.00457740426490857 -0.00317356669796377
0.976456318751536 -0.0144634758489216 0.00116430213415699 -0.00197449724750103 -0.0164052775048085 0.00935898438833786 -0.00568415366881226 0.0029979303487248 0.0189938892585694 -0.00265877640863391 0.00686791344730339
0.999076449411159 0.00555088671061952 -0.0182398115384869 -0.00649346915202479 0.00302279647914293 -0.0318359667211118 0.00759795149108126 0.00785656053798684 0.00391003755164956 -0.0210371464968434 -0.0146128006777297
0.972145108526612 0.00998496035756301 -0.0139443155213202 0.00309185989405315 -0.018939302420989 0.00154675707311162 0.00249847804431615 -0.00113114627131079 0.00955760142489131 0.00477145073675881 -0.0201860481587248
0.966412183484351 0.00106325165549575 -0.00436334210204733 -0.0109004561673129 -0.00403470263587703 -0.0143619265439301 0.000497286149441069 -0.00624858921147258 0.00494803738713607 -0.016840513897374 0.00408592294727989
0.912156029896716 -0.00913083433372329 -0.00168948589180413 -0.00268174962429684 0.00698222458364764 -0.0128898263705919 -0.0141338500561572 -0.0024475397445056 -0.00808608376323277 0.0125491713955568 0.00478633103372041
0.983160502309954 -0.00295862720472276 -0.0126593057226425 0.012954233863722 -0.0226367001349153 0.00935560767941122 -0.00481841742959187 -0.00210973420195077 -0.00533650298092012 -0.00418187044322621 0.0021005527662068
1.02851522799154 0.000244450324048525 -0.0203398990492938 -0.00407158172042512 -3.42044324732683e-05 0.00533897559086278 -0.00107732665080775 0.00614695848637885 0.00736359947736362 -0.00211026725536189 0.00617791625651145
1.1328706209493 0.00438399852350432 -0.00766748154529562 -0.00259978278657677 0.0185604835954736 0.00013264548896622 0.00337072949493047 0.00867785340778648 -0.0105061980749676 0.0196122561972076 -0.00280114663756809
1.05837860926478 0.00310399151178708 0.0130974644727764 0.0139424337168956 0.000573774218059304 -0.00473176009555319 0.00708986017280764 -0.0124724730482307 0.0031380404213482 0.0158612687794325 0.00599646763266969
1.0685127140182 0.0138258696187347 -0.0142952549161268 0.0123295180434869 -0.00288028419892036 -0.00371123688938276 -0.0106856336504204 -0.0224219934529908 -0.00489207462550344 -0.0056326588145702 -0.00240655814099467
1.00747939788958 0.00627305131677585 -0.00472955590949051 0.0141758501602101 0.00712903713752347 0.002294907082287 0.011695285065655 -0.00250630036485256 0.000935170996673168 -0.0037077415991232 0.0060508089934746
1.00152782877979 0.0141650742354144 -0.00565118652218048 -0.0106770155868206 -0.0161804326168055 0.00114279488393923 0.0146507181038003 0.017620168063408 0.00514980983145806 -0.00697179584037586 -0.0103610231887579
0.932781211614837 0.0036933300069413 -0.0161040472655637 -0.00269682035433534 -0.0137414156028262 -0.00429123507684295 -0.00804222816832058 0.0012060545709168 -0.00641539565212779 -0.00767885626668092 0.0113389316940111
1.0486805439042 0.0104811367165844 -0.00688737798478884 -0.00915873224830943 0.0141252143864234 -0.00866670057336073 0.0176225113063379 -0.0121051285192545 0.00230066058841765 0.00213797441330464 0.00790813555216592
1.04958340601602 -0.00293744858425371 -0.0123978394315552 -0.00219196621418818 0.00315286312202605 0.00262826643276991 -0.00112142368250056 0.00104497183489115 0.0082620719707404 0.0146892930016956 -0.000213499080377714
1.02973090068087 0.00103214630636959 -0.00102677677641465 0.00504033413661672 0.00765962671005645 -0.00718695642138023 0.00243898952328563 0.0115670254430332 -0.0160629169934738 0.0103399154117242 -0.00296864561994197
0.890814251979147 -0.00531441168714546 -0.0122417634584421 0.0164007377862111 0.00371921282429926 0.0189330655788875 -0.00730994759182025 -0.000938097689755311 -0.0119861597427194 -0.00235459894738868 -0.00328380497036503
0.999087575820446 0.00357473248079017 -0.0147865837851242 0.014401217539862 -0.00370376615206456 0.00771780577933911 -0.0156808846247491 -0.00511945769213534 0.0149793124878761 0.00112210662416605 0.00934926105796461
0.956456982570018 -0.00158049275154928 -0.0108213072151392 0.0102449927859183 -0.00927076959041932 -0.00372848768785236 0.00632107071321646 -0.0105862235823584 -0.00523590748666534 -0.0033487718791964 -0.000760261593046444
0.950866364245999 0.0175540921008829 0.00425936050807822 -0.000275356780824938 -0.00495943433083467 -0.00878974138955132 0.0171892364260714 -0.0182154789733023 0.0106267716077459 0.00385238438038672 0.00780683107989503
1.06187304295517 0.00427606458670452 0.00903622269426038 -0.000861811840285059 0.00880232713527917 0.000175940194058891 0.0110237231260653 -0.0308506880094686 0.0181487464885111 -0.00458543850889558 -0.00012130004999315
0.984249801374052 -0.0129592109796933 -0.00994868568410357 0.00362881360071893 -0.0196719513817083 -0.019289231870817 0.00722471667337205 -0.0020267998070036 -0.0168295596984313 -0.0136706967574812 -0.0118203223675991
0.981820896696339 -0.010859344878948 0.0107149252150101 -0.0143005553338403 0.00141147997118808 0.0134998775505891 0.00372519109971289 0.0118159321482848 -0.0190861794466846 0.00822860292706473 0.00950526492078408
1.05424244085806 0.00580783946636883 -0.00546168026915896 0.00351816986860867 -0.00564562336808468 -0.00705688627937788 -0.0218535828917632 0.00597378587552211 0.0103620051802052 0.0051554556253706 -0.01205203598889
1.05104504851987 0.000589744746679422 0.00233123794139649 -0.00299962745489012 0.0108232694738615 0.0053294646379153 3.35930949777045e-06 0.0176092123940206 0.024496919521924 -0.00486997951849534 -0.00504078280234652
1.07217365892803 0.00222092544669657 -0.0221474561521061 0.0109180871437593 0.0195672989304039 0.00749522013987129 -0.00394347709663609 -0.00728567578204544 0.00380504892635467 0.0099294451474694 0.0115695788526757
0.999457613838228 -0.00622996502576709 0.0112246728918004 0.00877486022421997 -0.00459779498569381 -0.00115784677478684 -0.00193695338373693 0.00533568615215704 -0.00970000923978794 -0.0151424008394501 0.00860846676857694
0.901693903681198 -0.00895826620705098 0.0222451154625042 -0.00284720068862768 -0.0159585011001421 0.00837141114925396 -0.00260627648161953 -0.000406396521415918 -0.0208498588515526 0.0218189390860381 -0.00448175731766092
1.07031595603531 0.0112811287926906 0.00939217354034191 0.000959524177454895 0.00667767041908616 -0.00155469728521817 -0.0021128126442206 0.0101436342972079 -0.00360602644621692 0.00479834196847367 -0.0188756947516593
1.14418709801227 -0.001471066942816 -0.0211673135036273 0.000894366110343794 0.0110890955163501 -0.000120225138123463 0.02435652446554 0.00266588979612223 0.0178169775409188 0.0132810256590094 -0.00391632817564283
1.01321031889937 -0.00521990856772959 -0.0138718870231936 -0.0157899665449277 -0.00754454130005217 -0.0091693702496801 -0.00557019202002863 0.011518009702566 0.00705221319836623 -0.00626549431980569 0.0152666556019236
0.979158226308842 0.00229563548302559 -0.00712021210721492 -0.00866072076978118 0.00504858348373726 0.00132425869141031 0.000472217194101763 -0.00253582234346094 0.00590982319532017 -0.00198783505734858 0.00532689841761295
0.982019830275952 0.00482878978567616 0.00559782729327294 -0.00617473071607791 -0.019775013254834 -0.00665891953976368 0.0112001439990833 -0.0191516480739914 0.0109067268873795 -0.0148638816567539 -0.0135640213458692
0.993990657771885 -0.0097839001915687 -0.000347158371260394 0.00024135041627594 -0.00783739844898941 -0.0204436859109163 0.0158381478877611 -0.00398848362751604 0.00571140415919985 -0.0103779997793358 0.00941791851497448
1.02272708770121 0.00109162318946175 -0.00986769155540471 -0.0137316166605603 0.00514061805077169 0.00671309735249485 -0.00680465655009391 -0.00220588819745107 0.0133705269174939 -0.00937480521351735 0.0017239723351497
1.0245742488429 0.00276063912076215 -0.0142377563885414 -0.018221196926659 -0.0191388217085306 0.00792085668519944 0.0226001403332649 0.00798821395658142 -0.0100994189306447 0.00769448122462812 -0.00205750061529455
0.971742114844999 -0.00967002486798712 -0.0100568259053865 0.0217433241586081 -0.0161734298694474 -0.0110457130399961 -0.00777387804012524 -0.00381590013255896 0.00390139081070802 -0.0065513001317213 0.0166463939122063
1.06534632488232 0.0178651218778576 0.00303485990070223 -0.00179113449421679 9.05570515867771e-05 -0.00347658976093958 0.0172779875469211 0.00102487045209632 0.00413369434615874 0.0176800701490476 -0.016647435158315
0.941365563287951 -0.00349560457737152 0.00880868455943788 -0.0179838486168216 0.0112403237979109 0.0147905075687961 0.002303683758893 0.00706638730191768 -0.00623757164919108 -0.00432754720318009 0.0095162597883583
0.95732224348775 -0.0118301880411649 0.0102503961077643 0.00870096027528067 -0.0206998152160315 0.0251023330517605 0.00149777420882182 -0.00635371936188847 0.00914438659340749 0.000815464579866637 0.0074859629087027
0.977282678156946 0.00900027822637836 -0.000536802273854191 -0.0142481337366772 0.00388947477314392 0.0038418375004887 0.00704131885416229 -0.00064083716572067 -0.00119899646166194 -0.00166708796112802 -0.0188888897807326
1.07044318134631 0.0155259073547676 0.00941309568893334 0.0108422449743607 0.000471287702936263 -0.00398615323398095 0.0114812565915249 -0.0127228198483854 -0.00372861592085461 0.0079205233467463 -0.0186225041035082
0.960218868114779 0.000292229462035768 0.00454811850971718 -0.0210537910132667 0.0200600640879691 -0.0269857180852912 -0.021494151122463 0.0107879403694473 0.00538218789652741 0.00560773085820775 -0.00129405649303386
0.981576189366705 -0.0159691192234684 -0.0106366289867768 -0.0101611202545449 -0.00251530518354095 0.0302741348039109 0.00190291190792686 -0.0226479486426903 0.00339301790008348 -0.00114772919965667 -0.00464443408337023
0.986053981503457 0.012596853249045 -0.00527929161337434 0.00808151776036325 0.0033306049219412 -0.000495009052913097 -0.00303218222458042 0.0120305580310154 -0.0153870556280536 0.00367404684343297 -0.015287258767518
1.05853197203573 -0.00122362025467687 0.0016008145286759 -0.019187196057242 0.00944894096547794 -0.00632871611087884 0.00166889413839403 -0.00631757689457167 0.00629294268840023 0.00846164273369869 0.00929419148835391
0.931195734736535 -0.017893442095877 0.00146264901447507 0.00886406651793469 -0.0161915020430175 -0.00529087330748558 0.011426762945728 0.0176921943350872 -0.0197480092754623 0.00293794514292625 0.0131445778815441
1.03294167706244 0.00581674500783023 0.00785161438711412 -0.0140473012425299 -1.88033087697758e-07 0.0155384966557447 0.0117292270840644 -0.0142634171649946 0.0018362268172247 -0.0127847788537786 0.00352303237421139
