column1 column2 column3 column4 column5 column6 column7 column8 column9 column10 column11 column12 column13 column14 column15 column16 column17 column18 column19 column20 column21 
0.9854613934959346 0.007077134861757185 0.004525023232322504 0.0010967628818311227 0.016474040444748456 0.01954090191154948 -0.006144508590940354 0.0004194063602680845 0.0036689334729390712 0.001534642198225996 -0.010447449612592393 0.005346546126034614 -0.00033096811977090734 -0.022652328552698404 -0.001425270485335896 0.003290691365169892 -0.01082874776851444 0.008850640447438487 -0.009834775630703287 -0.006854181798150457 -0.023763585782346823 
1.037563786344654 0.002827511189242483 -0.006637355767837261 0.005087998805288402 0.01345668039343229 0.008612446002094813 -0.00541249927830709 -0.0112620300959678 0.018345683828256208 0.003950695530762346 0.009777267788563 -0.0022899499576576068 0.019816717868950336 -0.010860039745765954 -0.006272094086540515 0.010860938895312214 0.0016759346450985475 0.004975240503524101 0.0009200812320107977 -0.008819975358523564 0.00596238047971802 
1.0453278741398648 -0.002481606698756628 -0.0005156007985255689 0.005744995312955347 -0.0012749769219106155 -0.0006115685035113378 0.0074768432362290254 0.02310274291473275 -0.009586276064399647 0.022455427629585415 -0.007455709174619489 0.009259022926099859 0.009062854119693911 -0.0068198326311207725 -0.007588287175287303 0.005360980518908418 -0.006839228140398129 -0.00678036989152088 -0.012732173232910217 -0.0017800806864859459 0.007115109098270999 
0.9831422321756964 -0.006768530313029256 0.008750062008007023 -0.010166682815922494 -0.007432361738560678 0.0015129796879150789 -0.013925933305949987 -0.005997816282847233 -0.008925468256349472 -0.0055366550829780235 0.012721023316337012 0.00824214022185549 -0.00015376586543433164 0.017298615543315833 0.024230142348301165 -0.0038526004805790608 -0.03572064286178819 -0.0028836853347565024 0.008199724663899826 -0.01722232259418536 -0.012823620998648094 
1.0296427790149527 -0.006369274554310993 -0.006327904494856424 0.004463189692443425 -0.0001862448171377943 -0.003910694206772058 0.004391691622022808 0.007459854236211209 0.005918994148193637 0.009675562128193038 0.009717065821165008 -0.0006386655308594692 -0.015592653122164114 0.004078217009200319 0.010730545686954763 0.0005416344539429788 -0.00021749986320295422 0.0017120252586287892 0.02485598473041085 0.006815746368621199 -0.02762770961758171 
1.018833893280543 0.0014754635748246284 -0.012898772368154055 -0.008596009556183375 -0.012153502161121333 0.005015555190631857 -0.00423739114993919 0.0035722407319643107 0.010866613082294927 0.0037842545427262237 -0.0061851148359481495 0.0021935726827236207 0.0009843025209165931 -0.0033440648147217062 0.00374405708120565 0.0015890645317956484 -0.011869048031325815 0.007026765424575053 -0.01211181343230555 0.012871286914235187 -0.017395307112579562 
0.9878225267786416 -0.008061814061500076 0.0006997322715631795 -0.0022268749089462666 -0.009782355621572945 0.012283808204454847 0.006195094193838024 0.002742072171194545 -0.008649070639659657 -0.015993666811774398 -0.0018294039709625962 0.013432427894462919 -0.0025767848857924337 -0.0018256775714201759 -0.009896331331371213 -0.007962812239337433 0.01549775118884162 0.006004945356305746 -0.004507423753014778 -0.013578163490179873 -0.0014991794117042278 
1.0730116554445137 -0.00940689692287662 -0.005525087793728583 0.006152407366505805 -0.0022065307597401245 0.019033129225477723 0.007637360734581032 0.010409373036102313 0.0033834730547803744 0.015684173366649373 -0.003519603810325969 -0.00032360151767998093 0.01917173513707187 0.011678475028819552 -0.00980560864272193 -0.01302896764942832 0.001322341226570762 0.016725634541309212 0.00584017900140649 0.0026043153332782373 -0.0008154398636850863 
1.065227329466575 0.0030307315611520862 -0.005588793239831581 -0.007399308752192172 -0.013161352798193051 0.015639448366954283 -0.006957110497799178 0.0046863470166711605 0.009487998343198968 0.020831354742298643 0.006116495874552952 -0.002812147653463246 0.013775155903045825 -0.007757653864153017 0.009437210492125788 0.010757004534821963 -0.01653060897416092 -0.002020465051213517 0.011498477351552945 0.0026108255245410133 -0.010552735497207226 
1.0186183192809664 0.008470971166126147 -0.010179132897526115 0.0007929815597921493 0.0032150737495491213 0.004450941117006097 -0.015126017108027289 0.019932012472310075 0.00699260455528525 -0.0007609057710654714 0.010746321799648665 -0.01951562864376024 0.005646661186631961 -0.0075325303765997826 -0.011508069525883336 0.0014280510079905857 0.0013505580646280537 -0.0004940271453860407 -0.008087222170416006 0.01736886010643578 0.0048881373524864696 
0.9738833878790529 -0.0008098486683101388 0.00032388534823855273 -0.0022562373356394454 -0.015411612440327627 0.00595205856531185 -0.005154943499814083 -0.009753191524202726 -0.017287482114697057 0.010215481131617741 0.004778254592514385 -0.010073232710556683 -0.0013238511084040804 0.0058728591465876 -0.003550879708772234 -0.006829980155639542 0.0037741245184385397 0.002105710755611239 0.002844333227715333 -0.0010691993463324918 6.856480664651513e-05 
1.0655328462863276 -0.014305461516264512 -0.00452620847346887 0.017186870154515 -0.0025761980446443538 0.008803531346210418 0.0016737649846974645 -0.002149193426011473 0.002211757157538179 0.00637981600994621 0.023865705308556688 -0.0006678592542890227 0.004032674576520511 -0.001475413873956673 -0.015080012650388708 -0.005634997452292349 -0.0022863816479688666 0.00459313317117293 0.011588955366679596 0.0011299136374917195 -0.014915199103315162 
0.9920155808756643 0.013934828967176651 0.007695398434381325 -0.008484213717416074 0.011833378566298278 0.0018638794933158074 -0.015182490207967143 -0.008944953866359516 -0.0018629246934121783 0.0033832820471451416 0.012329375805260516 0.012776520232330696 0.0029771227750686425 0.0052300333096821985 0.016894099120392577 -0.00047087822040026676 0.004803152631803502 0.005870719562677089 -0.012276956748185809 -0.0023330950230295746 -0.0039817357810236695 
1.0395104212792021 -0.008159309620744584 0.005208811492478428 -0.019565001592833677 0.004196126022389285 -0.005060546562074226 0.0005626185622694392 0.0005211888926103857 -0.0046250930134396975 0.010007814228289766 0.007028117892028526 0.004184053819184952 0.002839167270391147 -0.000824852695333843 -0.005123780929273573 0.005920545721064472 0.016362364597876995 -0.0018606623533947578 0.009397497369973647 0.009941910655723831 -0.007016642912956996 
0.9848840300423278 0.0029097817060154897 -0.019100557233512283 -0.0013127574790063306 0.008154540284122694 -0.011910417106392726 0.0016935034235126534 -0.01334465455870291 -0.0061833212282119045 0.0050288704288176675 -0.00010294796513332795 -0.005304558654054762 0.006663701723664163 -0.0028445280855846533 -0.004983763703128643 0.011118269170903418 0.011459133580142307 -0.0007836187002503781 -0.006266080432894548 0.0036080529367131086 0.006008216540827346 
0.9976417776404882 -0.00719641122066188 0.009187856798280904 0.014335944904538997 0.005949222976620236 0.005866201273056555 -0.0010223473072511805 0.0005803609419035703 -0.00915285413492467 0.0022611084251549273 -0.003818255939158049 0.004124321379590513 -0.0017699522910658038 0.001375258284250516 0.002715899017451897 0.004706318781725716 -0.011969710546607663 0.001043512158328228 0.0013147305304331478 0.002006305933869294 -0.00682124804982379 
0.9897672497939818 -0.003838459557486232 0.011216016638475504 -0.0014931646908600046 -0.0033204594258384283 -0.006830115592493373 -0.006042945730180328 -0.010765372592140146 -0.0010080857573636598 0.005524170399847892 1.2477433231881773e-05 -0.006817552433955307 0.005343018128012467 0.0018991955551541755 0.0014893636193399147 0.004167821964630309 0.010868001348925 -0.003647245566091025 0.009306884328098803 -0.008911339804266066 0.00034340988472472944 
1.0143791994389901 -0.0003908182846282285 0.012456146369939771 -0.01200294594176891 0.012677209767599548 -0.006846842662021178 -0.0008133782460517176 -0.0016399198978090397 0.01567613184582138 -0.008273749892814895 0.0048407845683602155 -0.010739409528691185 0.005825200108502122 -0.0069213950186510125 -0.0007231169995080333 -0.0001729078900542765 0.00570930422645828 0.004352307727061414 0.01172059033327841 0.0031482868154895194 -0.0017901923931988443 
0.987617090833617 0.005619655914756949 -0.019402467961623406 0.002286241670929564 -0.00966870284501379 -0.0028066886766439443 0.019199347718949236 0.013801042333544953 -0.003246476404962068 -0.002351087499471154 -0.017138825314412336 -0.005337155129677075 0.0006318857714352087 0.001912094595604299 -0.006718176486542908 0.019734216057775582 -0.008496317424223045 -0.007688658006423665 0.003946623236870504 -0.004338844105273993 -0.007891455196075937 
0.9824710571283425 -0.008056383415824025 -0.0012974724157102991 0.008244332441674806 -0.001657427698629168 -0.007483193308632211 -0.007136845965384952 0.011779616285706554 -0.007782869644501992 -0.004285755228524859 0.022607757117303433 0.002042609176418311 -0.0024476537296551195 0.030540514695757647 -0.015843581243597353 -0.005657870209864241 -0.005936070475254134 0.005304272333262382 -0.009985329152740776 -0.01286620264680459 0.000985517153051189 
1.0154986051600998 -0.013756469285950581 -0.0049845967686628365 0.0056571925318254735 -0.004928376937780707 -0.007587900336273681 -0.002431776801762775 0.014999729791853057 -0.003222254002655927 0.0006825436591629333 -0.013649822235437899 0.009570080557512399 0.006440501726736031 0.011022541185063003 -0.012938013972387048 0.005441886732753102 -0.002911343006883444 -0.009737021639720884 0.020199892922294467 -0.00403711717030663 -0.010160308008362842 
1.0144962833292923 -0.00018387924399814026 0.0009660527394103745 0.0048910280265809245 -0.004405285774776261 0.003081550368577653 0.0026886518668218645 -0.00405699635707618 0.0013479192555496328 0.00024098234221096512 0.007688146801552465 -0.00806425660897484 -0.009929796039322853 -0.006313831883699019 -0.010485993963158344 0.003812088379842595 0.0013867362792568227 0.02578513462527924 0.006507886657438913 0.011888582443134139 -0.01414639160532132 
0.9538847707171295 0.00787266327962824 -0.004425310946612553 0.010439111681503854 0.011199168886628887 0.012093979755944846 -0.008714348780425861 -0.005302560473834339 -0.0003228621199266526 -0.0007657878822321272 -0.0022325196729875633 0.013590571466596328 -0.011575759311009268 -0.003634319938281404 0.003708970139411857 -0.0002888191520432578 -0.006226298008259131 -0.010610154569563436 -0.01326144127648619 -0.00563403263739536 -0.021485884173260743 
0.9748567119812512 0.009281784027719288 0.011474157297586255 0.006686699676735619 -0.009395647377215047 0.00536228547038632 -0.023783641922217127 0.0008110677216367791 -0.013060584206582808 0.002295239941907355 -0.010415172708551586 0.0015870993876876294 0.015203973472474026 0.009707929976445387 -0.020591496495875487 -0.003971719695282737 -0.007900662455930447 -0.0004602474506038667 -0.0035570028149935185 -0.004918373606959199 0.0013746778458530735 
0.9721127346480469 -0.010497455205988113 0.011203354302497266 -0.02052975885284956 -0.0015017000624578671 -0.011039434870608733 -0.018742297273046694 -0.018235972399087783 0.006204706903322592 -0.0048727569739663145 -0.02131092685292189 0.0021656626675210784 0.011919485887942583 0.005896334160521881 -0.008815032851655082 0.01381512673706203 0.005528744290318108 -3.328614675856955e-05 0.016451216217705976 -0.0015276864219004574 -0.009659216572196627 
1.011852404718211 0.0009773243127526308 -0.010276088335454561 0.007952842556303193 -0.0066014873089880076 -0.0008683830450914168 0.002598961059965812 0.005301540651651198 -0.0027179575303633535 -0.006466641701536373 -0.016834875469692864 0.0047380153101411835 -0.0008375204765960268 0.008406554138139523 -0.016586964055104788 0.005358942525162056 -0.012625493339048064 -0.011063836514003176 0.018818091189236025 0.008738652022822929 -0.007814739915043403 
1.0708324685667727 -0.007540712119586428 -0.011930356823692369 0.016030105584013167 -0.0029613254368216066 0.01381206713842452 -0.007562203875525567 0.025067457552190586 0.010875789619222706 0.004180954905559412 0.006187475877313369 -0.002860324031376877 0.00946949373699756 -0.004402390458398441 -0.00040470652093290604 -0.010966404468316059 0.00715453814955653 -0.00397240452394322 0.0022005617477672836 0.009122304891849295 0.00401060241101657 
1.0390359267693137 -0.006668921383583166 0.0036588450050196067 0.010335651662593051 0.025992407282687636 0.013144328493149345 -0.010795232082447686 0.013524856905566573 -0.007445243583928284 -0.002860299183554019 0.013395283932755176 0.017078195569920858 -0.0011284757675412175 0.010388775416022051 0.0035428300205005052 -0.02366718426685846 0.01527926967372585 -0.0040554946974493186 -0.0056840343896368715 -0.0010262578574695676 -0.029788896563893115 
0.9672770978076491 -0.010509143452235845 0.00510655955810025 0.00042667611403111985 -0.008175532970795122 0.00932398769837283 -0.011689937327692496 0.005990090048157793 -0.009140240331021841 -0.006265071016474773 -0.014899385580500689 -0.009606939510604736 -0.006273920569407702 -0.007854874520905138 -0.01108733483785241 -0.005115928318417546 -0.0003321139045547082 0.0019767354187049608 -0.0066340235776590544 -0.0031708687474004994 -0.0019273263949851074 
0.9661853606478819 -0.005041448126121616 0.008285936226092555 0.008227758292877568 -0.013295647557202235 0.00917305788026747 -0.014827388142009852 0.0006377477208056241 -0.0040418557154522465 -0.0069085108430300855 -0.0028566367890155977 -0.00048813381301188695 -0.007522226077235552 -0.00721774698875307 -0.014649074767502721 -0.006596223994947188 -0.023378462493800625 -0.004044726486411562 -0.0031483959495526453 -0.0058145154073477425 0.013803086759376734 
1.0325627620156417 0.013387653670234447 -0.004170953314239539 0.003524209267590668 0.0011187560858352452 0.003962948911038938 0.012222106846418515 0.016548401384768072 0.005408870528136035 0.004338532122383925 -0.0034700577777398724 -0.00043696128413545635 0.01564769398592199 -0.013101728405273239 -0.02699808768389784 -0.005615612173863813 0.0012879686117132857 -0.009970281089245811 -0.0021896824909851276 -0.02017425622191924 -0.006655829154191821 
0.9564219605260761 -0.007509332954160152 0.002722644716414892 -0.008280973137456913 0.0005597825871117148 0.0016260911610436902 0.0043577413723356094 0.003753774951817211 -0.009810302666862529 -0.021369181966394 0.0005540030582434156 0.0023528032511648637 -0.01422500915158213 0.015623001113479092 0.011135890727507937 -6.61836314258844e-05 0.015942113027423085 0.01705426254139874 -0.00013727724758058867 -0.0033438404144081643 0.010221960339579134 
1.03934019747941 -0.004798330432387663 0.003088264868338492 0.00990579722953439 0.01545136062003974 0.0076505123118637 0.005109434160582768 -0.00372920975950168 -0.004822754784343746 0.007706731473410408 0.00742978560040359 0.016317418237822078 -0.005705542937477184 0.005856116245992194 -0.0033665773725273045 0.0022081325691796663 0.003756672937473448 -0.007702846709403379 0.004725633832551426 -0.004421819444536137 0.0020056554577251072 
0.9914706051510792 0.001046376120780554 -0.005492592290441021 -0.0029735738165404596 0.0058455079225714435 -0.0027309369019392054 0.005005423092954784 -0.0031346127020982686 -0.00035773462993240915 -0.00635181023725908 -0.005322652043236024 0.0011698417015735367 -0.007166103982278148 0.005148947853471959 0.0005621787000024732 0.021062084540477963 -0.013232079186548389 0.006790651169235939 0.0003499356607484056 0.011557329585885616 -0.0019863482695219024 
1.0136549461728162 -0.007660280162399688 -0.020461245891499048 -0.005048711038261612 0.012977993739551181 0.0009639608781279277 -0.005640103176509942 0.004397320589805526 0.0016265290371099358 -0.015377066680993152 0.008289853447619544 0.011202911206307705 0.005121386424495496 0.01487795592418448 0.008137015892687567 0.0035298352089768114 0.010694626302512764 -0.0141725599679061 -0.003036790697833491 0.00156526902203667 0.007149464157393244 
0.9861384556131337 -0.0123081463240032 0.006495963977428241 -0.007410179704254631 0.014595499326961952 0.002036942461626167 -0.012550995011957946 0.004786681403662659 -0.011578556096296766 0.009169117354748058 0.0148402146098977 -0.006926489695733494 0.009903889927726495 0.005263768128957045 0.0007560163123155833 0.0061433165032476 -0.014916248028000843 -0.00980413969950749 -0.01188956222545799 -0.0026727104318555674 0.012372358587934182 
1.0000506710985222 0.0020957286456786714 -0.0019418148898296818 0.004584352450183417 -0.01801496472593899 0.00773625611600212 -0.006049779474886681 -0.013889456170020763 -0.007636045219270747 0.016165331870053198 -0.0001120892399316542 -0.007247398009753524 -0.011635528731118117 0.014817634204330422 0.0008527791498971825 0.010111936540413828 -0.0008446960513679836 0.0025576266557448828 0.002731340281142732 0.00489417112986278 0.02635062379978212 
1.010288763575227 0.003896098775064583 -0.00938688462253755 -0.003458843507730698 -0.00360794863731076 -0.0014340994086476328 -0.02086813334910728 5.7833393251041194e-05 -0.0005390081004762515 -0.004817448248303976 0.0013601501231914285 0.006341956850445938 0.008180116103019504 0.010231913391512004 0.02088016288900797 0.011577660869428057 -0.004552672537486755 0.01607042453332445 0.02601517890900467 -0.0013408168050992627 -0.020099987672527925 
1.0614726488297754 0.0006728978178747883 -0.0063233493652777775 0.008645363940356443 0.00407466680848212 -0.004116588455038796 0.005926536943072829 0.009105887299436352 0.005707221619771988 0.009630178936076662 0.0014291563420940066 -0.017550889787470835 0.014644502560842971 -0.0047415165679312735 0.010800023821326925 -0.01498341487423663 -0.014549911510910838 -0.005015914768656988 0.022148114650953923 0.0009552751746249877 0.009375406948825575 
0.9755821637817863 0.005411894485124782 0.004378815599091634 -0.008852749510928166 0.0010293271551818914 0.0065209786575881525 -0.0014712642449649462 0.005360290484720828 0.0052775157015581085 -0.0005701558097720606 0.0032588050914115953 -0.016764374640846076 0.006828194700311337 0.0017449665578177177 -0.00034486508650920586 0.011436132402113977 0.014071627555560018 -0.015246104140525095 -0.013252565824604268 -0.013333487722848328 0.015177898164121212 
1.0238020163261075 0.004877723566839582 0.0036689738632331294 -0.0017822212981597738 0.010122075366572092 -0.008531180110836162 0.006622278811561033 -0.0020031421609325124 0.008546731503796416 -0.0024678922110157567 -0.002692248694267985 -0.00679476112560027 0.009814925160586315 -0.008801944940781938 0.011972782742397686 0.0003684735353567365 0.008432255334343067 -5.165433951889395e-05 0.005209979995487125 0.004798736897411219 0.024002622172436247 
1.035860619849954 0.007352738202317783 -0.004081693943756014 -0.001250856585423487 -0.003560883266724572 0.006496321743294985 -0.0013819652183261668 0.01624612572398321 -0.01125848911689966 0.00659853175305413 -0.000277400137298191 0.016449566894880807 0.016433878809063992 -0.0004193482606405527 -0.00428908436547329 0.013776915124444507 0.0032790507292970767 -0.0030796887956367233 0.002612303888742451 -0.005102889160756364 -0.004628002738074167 
1.0253973208254241 0.017406581780602032 -0.0075711123660354394 0.008505169387356072 0.0011839539818914032 -0.0006561442568164331 -0.00403043253470954 0.008412050179137017 0.010260935336056957 0.00939303726693757 0.0032592857325704446 0.003393654563093654 -0.00199112229880272 -0.0034745184946480706 0.004851910071088586 -0.010411199866517323 0.007514556398341748 0.013849459245969363 -0.0032660799186672303 0.007358460292945366 -0.008598714437494394 
1.0254327121126272 0.01920054701635456 0.012943659123355489 0.01937354148435864 0.002951378024634473 -0.004564360571389558 0.004707893064071295 0.017286899510123695 0.010913509635680529 0.0016869246930258479 -0.020922588131531746 0.012208911119552347 -0.0009201063359185296 0.0170512893891482 -0.005564459699176469 -0.004354258172222642 -0.003809873775006709 -0.000120837277301076 0.0017351869416082214 -0.00039835017985485866 0.004363650567521642 
1.0484764163308218 -0.011373406174149187 -0.010386413328971156 -0.008506905373758634 -0.006428740268536505 0.009697494033057648 0.0017452545674827395 0.018421410136920526 -0.006955377504609841 0.012239871400311082 0.006447559507705522 0.006318834013062332 -0.007144937649129866 0.0019625881001108856 -0.009880206372524234 -0.009185898359738752 0.014307323718574398 0.01101515663997022 -0.011003690287543224 0.033279114183036175 3.8271149438448744e-05 
0.9761371375194313 -0.00948912203745503 -0.005517626016759206 -0.010813282621619902 0.008379055313532805 -0.005857771239862719 0.014166024834441527 -0.02207408257156716 -0.02331115149643475 0.014360062009662417 0.0017617546957135275 -0.00329458089010356 0.010318160523327203 0.001449091872090261 0.0012166553867186429 0.0025368069145860505 -0.0054284459002492316 0.004171547709519239 0.006674923296627709 -0.00797704427772106 0.014050179002205352 
1.0045064361331748 0.012638036504551831 -0.0016825949443876865 0.002465176871684677 0.011504071838320544 -0.013912901505344234 -0.004234460161616189 0.002028988846376257 0.004815528881443018 -0.026568215761402447 -0.0053985313935910155 0.007491231539615492 -0.009909313299135863 -0.00990892132368004 -0.003560552461514838 0.015864198596199128 0.014458672800507113 -0.006837024251474227 0.009250508972594173 0.00845112957843962 -0.004387146612484962 
1.033054751851768 0.012517001572211655 -0.009119811302594987 -0.005713119309860839 0.014768494113247231 -0.004483208425140197 0.0031779559635761387 -0.006326014816959265 -0.001243171671342489 0.002213291163692779 0.006908642785443615 0.019168570145499792 -0.007020368061111379 -0.011685985090182404 -0.003136727296796201 -0.0075073987671178035 -0.01670485871872513 0.010311326397707708 0.010707194323817398 -0.001547001855557038 -0.002117806300153103 
0.9292945858939069 0.018361870593702055 0.001898976293267616 0.007815990657698928 -0.03178929609890957 -0.009745811792117524 0.004407736721688802 -0.004949083893489492 -0.013953138108169618 -0.013100239210702542 0.0005239206379941468 -0.015287192196346997 -0.016419083305909785 -0.01212800391259621 0.011114159193642201 -0.013528069318337829 0.008034361580794975 0.0026700067769289734 -0.0035156260285673113 -0.0032694910754749603 -0.003606534833540783 
1.026439001855788 0.0180585361540207 0.0028595593464459156 -0.002693171073944539 -0.010168854659299483 0.018257193455615307 0.0010096055272028552 -0.0017857155070415786 -0.013529324719994915 0.008913725863233314 0.004155121770015474 -0.003340825715288355 0.010947783380482077 -0.015175104169224936 -0.01192580521497515 -0.017639834415966137 0.008034715371562305 -0.005007734077503242 0.0048906089291450095 -0.0009129424316462846 0.015507156625469712 
1.0165822011699295 0.002368113477808343 0.005220061355581464 -0.0032539445255788334 -0.0013748066204309526 -0.014283972073770707 -0.007490887611813578 -0.01339088958376188 0.010273624949756519 0.009527829090309263 -0.00362671277196341 -0.006001233970896806 0.01106311554192695 -0.008495954154909958 -0.024069896796895442 -0.009714832384535682 0.002013572643530272 -0.004996714936687886 0.0039576572319622635 0.020000975433950584 -0.009737459977449783 
1.0400724204365417 -0.007118873334983241 -0.0022880010507793113 -0.012873031338788732 0.006860209398140646 0.0055272977006551385 0.005763363308906795 0.006726786121142599 0.006807062987695235 -0.005802986528246566 -0.007378206372578542 0.008198710520807333 -0.010614408464213711 0.01751495238199445 -0.002105485516406893 -0.025855435120255375 -0.001562431524265438 -0.0054070704563548315 0.02075440841079766 -0.0037020355796478005 0.009605799947265044 
1.013260447841329 0.016598777107152442 -0.01359187321911371 -0.002133421916331821 0.007556209229323928 0.0010466455779388744 0.012896271888706184 -0.0026135521500694247 -0.018159030968317263 -0.0013781610488022562 -0.00668739700741217 0.00024255402449480462 0.009404044860866434 -0.002081250607876875 -0.0006164956955484462 0.008845687034277636 0.005468126321803701 -0.005554431906194124 0.008457702563163489 0.017482076772019937 -0.0176636899440856 
0.9835805146667268 -0.0017941918962856038 0.0017562680688570987 -0.013553452253176819 0.028971387251817214 -0.028576291260389887 0.010367399563375597 0.004517504157180462 0.01988465178474012 -0.01176258979364268 -0.0005297455731294189 -0.0012322462459736874 -0.002298889272683247 0.0036378082216678787 -0.014510971690668227 -0.0010021269632663411 0.016530018189304746 0.006990431164452116 -0.003336295686453693 -0.005455271266199585 -0.0032381963402634017 
1.0012234915259284 0.009905388837825003 -0.0007251967562176509 0.004031691039408068 -0.005582901619286048 0.004391735996394493 0.00719134617853296 -0.010357325479481426 0.009301418930874687 -0.022494872289973437 0.002026177020840993 0.0051893997342919865 0.009752418738778018 -0.004015397596170592 -0.0038283245186462108 -0.0026562960654430375 0.016858569570404047 -0.015547903413439654 0.013517892683081024 -0.007054796329278551 -0.00998613148818885 
0.9570000986479585 -0.0019913987757869058 0.00660700678306288 0.00824001594805028 0.01486831673540461 0.002003259674783119 -0.016609212059261927 0.013432839032302218 -0.024340847444163705 0.0007847613521281175 -0.010384005205086089 -0.022583587072859092 0.003479336367047057 -0.011019340252307932 -0.006372349601094627 -0.010414006491196712 -0.00021394972753583947 0.013385599403218509 -0.002602883017923861 0.01025846040105162 0.005630221160321488 
0.986356666337416 -0.002577315276840252 0.01192080600184364 -0.002483212219402241 -0.0015720045035917754 0.003495359426904879 0.006040359353662952 0.01229364996108665 0.0003930210185568759 -0.003456851558669702 0.0034263635594349953 -0.00024079908626632642 -0.012496297688478328 0.008653104493819952 -0.006391819497302516 -0.005673523219637322 0.0160021812525106 -0.0021310524621665186 -0.009115740049114692 -0.007230681435316802 0.0059260363949063454 
0.9485564684767769 0.009516197126560861 0.018296239786956492 -0.0105497888240616 -0.008727650111486403 -0.006066939643458236 -0.004095046324878056 -0.004679910280777839 -0.007691817619619531 -0.00646814824588319 -0.014207972360161669 -0.0009263338470020211 -0.009034817311300713 -0.0032555992097808013 -0.0010371373812458028 -0.002337337084573152 0.004019029772900972 -0.005356416115661034 -0.007723676938273001 0.008924494712298668 -0.004401337967973052 
0.9789530216965084 0.012610939791096074 -0.010604758277641695 0.009769047135764732 0.0012051719495568118 0.0003312166578434952 -0.005103696386298576 -0.008539585346070558 0.004398251192376754 -0.010794048346019634 -0.01592353858521344 -0.0007470672673660852 0.016947705125150477 -0.02052165545450966 -0.00020622989569345812 0.008309131828015306 -0.003487812706536843 0.012783916200512392 -0.005044858165654914 0.018200489961978428 -0.006222863766266129 
0.9640544031772453 -0.010627285890818341 0.005940952107922932 -0.004890857365350692 -0.013077073066141462 -0.011220908605489409 0.007718350784321343 -0.004702925546956836 0.00726935774321695 -0.028881900138890387 -0.006781032445819152 0.00129114337449182 -0.00018210628400864497 -0.0012959262477684741 0.009827172139808866 -0.0007712720989651431 -0.005842311165240972 0.01639742112364844 -0.015525278955724912 0.016726139747379333 -0.0063540435531096884 
1.0060795439367187 0.0003653576369829016 -0.008778414553260892 -0.002776342719110122 -0.004676551167593279 0.007959489826593776 -0.009673860286714894 0.003220193236263949 -0.0020564031982454782 0.009256068129822412 -0.008551926176197927 0.0025309719758447318 0.017949464640109106 0.00017511931196405987 -0.0030376238038446503 0.000366308056252284 -0.00930245587053886 -0.006503477873226665 -0.015651729088762893 -0.008559802271531664 -0.011253845277662041 
0.9404563857158538 -0.002574239764405376 0.007735747496056388 0.007417934928545431 -0.0060376351440382305 -0.019302982160069954 -0.002211828319696933 -0.00019779148352670306 -0.012220710641617621 -0.0058435059648347535 -0.007061489113492276 -0.00474242382972324 -0.009744596175100973 -5.357489125844247e-06 0.007028591869411264 0.008357218466970446 0.0009777987882248656 -0.005778116941929071 0.007166103302183077 0.005567131454857344 0.0016388426749585942 
1.0296269407776997 0.006730455086765278 0.012894188408018613 -0.01179250419180468 0.00859075927349744 0.005156289719703518 -0.004835944959818973 0.022965634567286886 0.0026016034738370096 0.007156783395008128 -0.0003712133660201968 0.007090075889246537 -0.0011503567479316302 0.005233175058767815 -0.017141403637418468 0.00220700300698061 0.012578400865808562 5.570668625627826e-05 -0.014266123169088691 0.004980490736105712 0.013632577072795032 
1.0416528264781466 -0.0006147417294085164 -0.01590290530173445 -0.0045474448102951984 -0.004317724046427678 0.009671710480117588 -0.012324470263491785 -0.00020258868302110194 -0.00733632171798554 0.011062953853652566 -0.004028101842922876 0.018268205001651862 -0.002481987775555411 0.001050832882679624 -0.010199922721018238 -0.00709171458809791 0.0005508287179746095 0.018473013829807185 0.015125986545454778 -0.0039241085954883435 0.018707189037280005 
0.9831667291244569 -0.0033200777981196917 -0.005878247080851117 -0.003210995558658375 -0.027129560209068333 -0.010170821888537912 -0.008745997966951361 0.005233817095739611 -0.014826524330676352 -0.005739698410155971 0.0029600766371754464 1.1517216449935378e-05 0.020650801655013463 0.001235804386096541 0.0009288123519034533 -0.005185509618848025 -0.004420940994175876 -0.0053029645745194965 -0.0056850819196282935 -0.0055287799018357685 -0.010194870194288011 
0.9985671099959061 -0.015935735507466207 0.009569210966025756 0.005032875702048562 -0.0014175283892598589 -0.011030181518792257 0.004911538270460441 -0.009286287519998286 0.0021879657511902754 0.019476885311801553 0.009564696106508676 -0.013531286157814246 0.004458681249613948 0.004892398992063369 0.0017483885707663305 -0.0016590224709355863 0.00343448366102121 0.015364223631368766 -0.006680230967749438 -0.009155571461444375 -0.003754603690783919 
0.9981939230137877 -0.0007321775981685586 -0.006035066115426632 0.005430410505604363 0.01575985985486505 -0.010067613537878977 -0.01738928651432217 0.010978715722747574 -0.0026478507973363356 0.010591988723754869 0.00809542163936405 0.0007730126835939226 0.002323347640587371 0.010510009373754254 -0.012120554603337368 0.0015619543647189924 0.01575539588981817 0.01126359865404295 -0.0029785059233042315 -1.663716328688532e-05 -0.002464777541095435 
0.9615989051081482 0.018700738914080958 0.010344094643433178 -0.0005903642682790822 0.0025057916383358263 -0.01439235779044375 -0.003952404792715008 0.005457381964664105 -0.004743111828449879 0.0030723284289734176 -0.003975216031687797 -0.008803363549775563 0.002239066138583952 0.0017865170935256372 -0.029007169799832033 0.013031722253296192 0.016581070198806926 -0.0019051067210374944 -0.007686570742420883 -0.007800066706696036 0.0032530795953830483 
1.0063328170836117 0.004409796556534952 -0.002267884060309387 0.0003148565833982489 0.00011143631745981609 0.004109876190245577 0.014425411861999912 -0.0020874502539129152 -0.0028299507010716373 0.004263298736331118 -0.00973589991252745 -0.02352839043140919 0.0033806856131946565 -0.0029941736659993235 0.005141902494105339 -0.009194151768208612 0.004498281120627179 -0.0006134007244154131 0.018751266701032422 0.004795807750742704 -0.02312920093882032 
0.9537835287759551 0.000652908367918928 -0.005981860920120778 -0.0284965721971912 0.006894472200941589 -0.022407306771522584 0.008034201186939297 -0.010067220861859181 -0.007104791406399359 -0.010969124657637578 -0.005000840598996004 0.006522243604783104 0.005261676245828874 0.0014049522121392832 -0.023157011290781068 -0.004932681948822336 -0.005596662841314726 -0.015991876733407642 0.004601807069124111 -0.014185983816228683 -0.010951816409178137 
0.9893410839247428 0.013868570591025496 0.002454762745227325 0.0007051206200663886 0.006936974579457263 -0.009234857939336176 0.0013076057823534928 0.0028418855112401233 0.012008872183011488 -0.020745366864227552 -0.00817534976968373 0.008326355727299022 0.014554781295792879 -0.008449330043553251 -0.019480468856005163 -0.007048901347132779 0.012357195550776176 0.0029038610168011397 -0.003515330759769385 0.0028348910441775644 -0.029650341803816604 
0.9465595378640496 0.013651055456635886 -0.011053049215619528 -0.009849214789008217 0.009652495715145424 -0.009457832320681042 -0.008287222046199862 0.002735818720901718 0.0035129960221492117 0.0017763211404302859 0.0021861982127943137 -0.016057976560419577 -0.013898309490994982 -0.007395828700158606 0.004150954169955408 0.002247810013306304 0.01835137767094282 0.011733572721438316 -0.007956729109297402 -0.006099215554467682 0.006402369246049576 
0.9440790223316516 0.0017625350530869072 0.0006779433839465357 0.009697041993448239 -0.009782065593498994 -0.01380781032235212 -0.004188765548915151 -0.012272673841214294 -0.0005664376699142053 0.001325490178772282 -0.002134167595324134 0.007165547488359725 -0.011647546933709941 -0.01436583633205399 -0.005376200484609995 -0.004330770339340786 -0.010330509068688607 0.0034797341618239353 0.005726776068653001 -0.01792000794225016 -0.00986051513304832 
0.9656135843605702 -0.011793886205177823 0.012146002500580599 0.01111245914505834 0.00224518276387496 -0.006462436824552867 -0.0005010035517689767 -0.0034606019163644884 -0.011665408222996412 -0.0032815976832091427 -0.00343995935092919 0.0038358072389090172 -0.0033137569881926867 0.0020529878903841332 -0.005844334117477899 -0.007601471835413994 0.0003051900060056566 0.015265297239041227 0.009740317886674768 -0.011763094413094621 0.0015868748335826613 
0.9717625621407607 0.010943882512856874 -0.002545452269393111 0.012423179416369973 -0.004172108336808439 -0.0028089755391228015 0.03271703734441235 -0.004419514982996665 -0.006034490170348551 0.013405074169487994 -0.01899109297753439 -0.010003840073865507 -0.004361730967504823 -0.004507279909685151 -0.01098287540683384 0.011747140473869367 0.008721583560676427 0.0073809822151207705 -0.010301553666513481 -0.006633948068749101 0.01377371171898568 
0.9938239748701289 -0.000552327588696174 0.012199130406374253 -0.012221190900120613 0.005439493675583618 -0.013363383604553677 -0.001876176572890935 0.007420592702976711 -0.010043260025972849 0.011330404249097701 -0.005270354156022152 -0.009978187489906913 0.00967564039035777 -0.004849520438652724 -0.0071824800953705316 -0.0054434608856239386 0.00045507518818610346 0.009016814919229994 0.002072787315551622 -0.003699868638999259 0.024568094098836202 
0.9668183582324759 -0.003592828643135907 0.02446190461619906 -0.002305103242409118 0.021309687829967238 -0.005053185637310377 -0.004551740508509144 -0.008006778412179349 -0.0002600879643950035 -0.01023238872747721 -0.015756602052711524 0.006480350100510536 0.00809259896232154 -0.0001874224186005991 -0.010777141063973792 0.004033074574658508 0.006329736869051015 -0.008629998500272344 -0.0011068770231467096 -0.0027357042793127416 -0.0015646989071096298 
1.0010950975552049 0.015856551355646686 0.018951410270247108 -0.009019731290780183 -0.0012173662426881802 0.010910926698175465 -0.010807857051053079 -0.011145721394210575 0.004180753271945103 0.001044666068765404 -0.004581457444456334 0.011318475879778576 0.000536343260736296 0.005528156091162947 0.0054695343955934676 0.0029084029871404506 0.012583680440773242 -0.014486112762299835 -0.001382857305717874 -0.011679214703695573 -0.011122824421183819 
0.9846828752163423 -0.01816511820270926 -0.002971774799999943 0.006359941157184714 0.009466641382858644 0.008839250070224014 -0.020100884108652406 0.006085597691328097 -9.724229083635107e-05 -0.0003170419347666719 0.03238679452364514 0.012621980676569739 -0.0018719444366969663 -0.002661867206993314 -0.012785318560428773 -0.008196369982987372 -0.0023289108264795523 0.01776777042814383 -0.000669048749404823 -0.019473576917273822 -0.006213375734506646 
0.9371835966803715 -0.02372550030140549 0.008525934755289892 -0.00037920969572609396 0.014578656087353923 -0.00043937501817228555 0.0044107975682534705 -0.0184645216925063 -0.014602326958718307 0.015066038033329648 -0.012541702310717547 -0.01953054575772129 0.006098707408267701 0.009380519212089919 -0.002308908753647416 0.00044654693744889805 0.00349959069335534 -0.009716429594285605 -0.010101651361182257 0.0003552552489492763 -0.013538429757579589 
0.977326592951186 0.01836657819363171 -0.009386848183410342 0.008350266319661685 0.010331291099848096 -0.004311980884225557 0.0021608719275245246 0.0043769531976987535 -0.00043351437982271806 -0.0007629534283744159 4.56818208319002e-05 -0.0025882162683175036 -0.005736030964624042 -0.012379586167254103 -0.014607511065205626 0.011254408545263826 -0.0062216422230493 -0.011125757439187934 0.005121837370240673 0.001174724710054024 -0.009071913370380286 
0.931758842774696 -0.0024360221655648846 -0.0029126160924476726 0.02182382349832802 -0.004196817808895179 -0.012124001860366416 0.004419154234609226 -0.00621971065761986 -0.006363229186007733 -0.029560558446928425 -0.0030522986466359594 -0.005380664205375434 0.004560990157023665 0.015438050173057978 0.000813054761300891 0.01833950282197401 0.0014718632094583484 -0.012744793465864416 -0.002228647797464762 -0.00012910186391533706 -0.0069315355646803935 
0.8941713202184025 0.015277703278972219 0.016234947173706604 -0.01688017154034595 -0.005672258099814942 -0.017297534140044694 -0.016203483487466527 0.0021988517737459162 -0.018138612510210567 -0.000344152534332653 -0.0064310786427347055 -0.023107045550949622 0.001589425310158893 0.0023877957402535658 0.0006105006952899688 0.016405189993873324 -0.011127486137317288 -0.01118650805480617 -0.018077839453218617 -0.0007186813219804763 0.0009849413345490155 
1.009895154310729 0.008331275840136628 0.002921882799939904 0.010469973232655076 -0.01416949213058745 -0.007661693182151207 0.021220738024294847 0.008169701411449477 -0.005052724757799735 -0.00980267419707226 0.016087053409534334 -0.01655845569837701 -0.0018227085867625822 -0.0002247373167550373 0.020210590787535936 0.009556825971110036 0.0245689248621075 0.004768112556930184 0.004481133679376532 0.007965636182264892 0.007689925927610354 
0.9846348483082296 -0.011945896508946488 8.761230224406688e-05 0.003431646524524843 -0.000271609770333936 -0.00524208328444126 0.006581616490883056 -0.000737176321189526 -0.0012518771841499795 -0.005841612247671621 0.0008852845489323097 -0.012720950397634845 0.03501097181731507 -0.0092335129337804 0.007158478063862126 -0.008643739776702117 -0.01843042468311704 0.01673738624524136 -0.007155810953032933 -0.013679082038589504 -0.014418297232309299 
1.002201695321505 0.0026876258355148248 0.01936971713835744 -0.017482068413860522 0.002346888496030425 -0.011766793013482147 0.0068939232034515106 0.014625767566623583 -0.003200895235326663 -0.007699528215055142 -0.0006174288318686208 0.004808018093488666 -0.011361430976336918 -0.005921498522704346 0.0004361067426253628 0.008481551156504325 0.015720821704245196 -0.00253909325962655 -0.0008872114593886823 0.00806228108079741 0.010132770818216716 
0.9962178543532251 0.007419840523149978 0.0004125704747124536 -0.017977675666354866 0.0059675423035322585 -0.006599654764239763 0.001400768948442706 -0.013714234860740734 0.009456772526573402 0.007947123812674569 0.015767184023207682 -0.018810387448886273 -0.00922621776335916 -0.002896723882625989 -0.004433711177668371 0.005637741631842549 0.004033731514042618 -0.005217914421261274 -0.001665392494270552 0.015054278713466235 0.0019635239542747504 
1.0176663107275343 0.014550356969999175 0.0047014654184847435 -0.00714817053896117 0.003154453882796749 -0.004669818155872325 -0.01293862379090623 0.00021017277692719972 0.0022289894819793356 0.005580130703427296 0.0190467424703216 0.000726044701086154 -0.012816872740742035 -9.047181799463712e-05 -0.0022637151463640675 -0.009189909030467508 0.0036614958922273227 -0.005490926774797463 0.0003248457238076715 0.0122663325084589 -0.00291147625422904 
1.010336985852513 5.103426336518001e-05 0.007313925818652407 -0.0005527231956767681 -0.003188714007378406 -0.002775040424611089 0.005764956148237641 -0.011400856701171212 0.0031225480193767404 -0.00561809976128466 -0.0021735425708582345 0.005345226902538926 -0.006560441326399543 0.015689013087420555 -0.007962435058736242 0.0007273962291786505 -0.008896896167204592 0.015618677552878381 -0.00949837370059657 0.014386459345567933 0.010709229932573146 
1.0144571931534734 -0.01157670346726068 0.017060330665461768 -0.013374936583821845 0.018380979987214444 -0.024979970981818228 -0.005946833478688272 -0.008016723328177806 0.0013063240671811328 0.002919568363929859 0.015157355723731192 -0.006142829299048655 0.011776294249366347 0.010107670999794894 -0.023899154552059723 0.02273389122837232 -0.006194030722117126 0.011798338525277143 0.010566388549039836 0.004065661889332185 -0.0046874209638782935 
0.9772534640807826 9.019714768406576e-06 0.005219497919112269 -0.011223276547780103 -0.0031119001757499544 0.01583304970707758 0.0018141496743979608 0.0011353963005703072 -0.004247480486384388 -0.0051868368466054405 -0.011031131292477344 -0.0030493369009741977 -0.009588843056976347 0.0014922678586950866 -0.027157676872101508 0.010522871522313626 -0.010084548704971583 -0.013409459033273953 0.004037662803422983 -0.005406481836572179 0.015754241644188868 
0.9669862866330187 -0.0017444679368901395 -0.028007767777981626 0.017454105664787438 -0.0003339124874097809 0.006364326141520214 -0.005486939122765642 -0.0014498420439729427 -0.013607581748453744 0.004133247109495989 -0.010995382385063186 -0.0007579584190864261 6.808454924989304e-05 -0.0066862258774777915 0.0031495801484358312 0.014648577278117768 0.015625558985342552 0.009057993318105632 0.006503147137381992 -0.009917354842588372 -0.007604864971164934 
0.959705834084824 0.0038155246547778594 0.02724913595148952 0.0003185675483705405 0.008373092746104678 0.007562727253966784 -0.008001800808793496 -0.0038175511908608946 -0.0021251842242340844 -0.010902239488288864 -0.023178438904131907 -0.0010020418279245613 0.01896318429868559 -0.008425334836527004 -0.001247793262808326 -0.007841891435939233 -0.007214802764372168 -0.0018099214825406068 -0.00975544859714552 0.0021513709305122377 -0.0028640808837694103 
0.975904717707575 -0.014976153773425043 0.018954018234087103 -0.005487421403699228 -0.00675493013698387 -0.007406489961502373 0.01244042635024957 -0.0019392618758653985 -0.017641364812610857 0.014538667952451553 -0.0013948723617733289 -0.009945150427572632 -0.00105898529213821 -0.010169417599971413 -0.005734000781429319 0.009039273467388467 -0.005633740252241032 -0.009382706776763457 0.008726603171257367 -0.016499086967227728 -0.005740498627837796 
0.9865176807972055 0.0031967506454011556 -0.004408549920299714 0.0014702272140566079 0.005694586413603703 -0.0019260796551329228 0.0030271259954025454 -0.004802732306329703 -0.01315338209546519 0.007459676815460932 -0.0015891268182273558 0.009935679248711568 0.013673126391551844 -0.0031734352864843953 -0.0022777886680913177 -0.0018089416615651866 0.0022783491286638715 -0.004950894315201212 -0.012730337261736833 -0.003638703346068165 0.004100336132008805 
0.9317260973779973 0.008100655103986039 -0.0020518197594966638 0.013925100742986139 -0.012846178481805815 -0.0008313916034200711 -0.011108905487561467 -0.00904526034373391 -0.013915775149652086 0.0020220566501097394 -0.01811361384190329 -0.012426436538075333 0.0122004813838633 -0.020710120390236814 -0.0009077474883624832 -0.0033130124747851497 -0.002354700323858727 -0.01065359679398751 -0.017854911807696685 0.005423619091386453 0.004751649247413245 
1.0342457313657745 -0.0005926161176131912 0.0018583023213188344 0.00593651593431413 -0.006116909485350888 0.017049302392560885 -0.0058396021290069355 0.01207860903757062 -0.0019105664612286625 -0.0075681504019925825 0.004669605398008517 -0.0031233476733610833 0.001629988470743325 -0.00332617626855908 -0.011247981601813613 -0.0013477519123238951 -0.01213500883335234 0.012677026351649204 -0.002783159655202125 0.0006894798680038358 -0.006675314599704353 
1.029624192174467 -0.005233363801835076 -0.002025208419671033 0.002566821872920635 0.013475923508924301 0.009344804805768917 -0.000784758230242113 0.014506975003811918 0.002063340997189831 -0.00035893811620289924 -0.00512256833165668 0.0007861971003326647 -0.00913598241141828 0.006519429496402388 -0.021687337819256178 0.0026005711866524486 0.01924737470030457 -0.0033115945879998504 0.014619610877364405 0.00453954189290545 -0.002861098988623017 
1.0241555366636899 0.008583079944809611 -0.011405904249949953 0.001046679962410979 -0.021738600840182642 0.009986755614649486 -0.0006885581135703259 0.0019727983434564274 0.0026122641778876855 0.0020929313346272817 0.0018995826776237467 0.006425641636982163 -0.007597578433400177 -0.005371122266517751 -0.010237255548183456 0.007392457071605566 -0.006295116411016264 0.002955185577879398 -0.0018668551097577044 0.001260661073960537 0.007303992673841109 
1.0097215411592007 0.009850434026378004 0.010857264290666113 0.002220108541866758 -0.002404869399277496 0.013428246111393632 0.012675562460153784 0.005417553933005469 -0.01760407950068 -0.0053918755836421155 0.000832888281679777 0.0020559441883990885 0.005951490189620889 0.010623391183501717 0.0004914340858491886 0.0027339030260283524 -0.0038743616064983817 -0.0018059928260961491 -0.00612427074774567 -0.00854818539513195 0.002750741395320262 
