"V1" "V2" "V3" "V4" "V5" "V6" "V7" "V8" "V9" "V10" "V11"
1.03114165108044 0.00341918033990571 -0.000129559531783413 0.00650220035105554 8.98147073421738e-05 -0.0163127919169897 0.0109851816991293 -0.00646075562729856 -0.000461657835737774 6.727622529133e-05 0.00958381785303339
0.944577819653116 0.00948143746498126 0.00366452956497133 0.00819613741410124 -0.00859198872332025 0.00988016959488525 -0.0115188337962937 0.0143654575661502 -0.00736670187194552 -0.00654869870586204 -0.0122329445834149
0.984019401700259 0.00133431630588169 -0.00904337864864254 -0.000171951474736607 0.0014522536434511 0.0041204861372498 0.00698857819345631 -0.00927483419880682 0.00751645193698084 -0.0230457646434655 -0.0127373287183953
1.01792072094645 0.0100301701311258 -0.00230849171049666 0.0104804024560228 -0.00876168161016139 -0.0103228029827259 -0.0248880128443129 0.00469535882054064 0.00458926846456713 -0.0135032836023066 0.0134428577762827
1.06686121584785 0.00827786184540775 -0.000877240857678367 0.000181518041110969 0.0179734420974687 -0.0133398030156351 0.00297835946608998 -0.0115133098209252 0.0141991556438538 0.0116233469651523 0.0234477203426649
0.984303438010809 0.0110633920810993 0.00326866760135525 0.0201810982874819 0.00583938933430434 0.00795667403027569 -0.00634205431904441 0.00620544138976072 -0.00263002228634474 0.00454341220803004 -0.0180515618061444
1.00826733802092 0.000293351235176619 -0.0120876182109347 -0.0043816308854025 0.000523387493819879 0.00845048808697118 -0.0049207963426004 0.00226964965526653 -0.00262907383569946 -0.0136186726077158 0.0150224583341514
0.893112830065316 -0.00595814039119116 -0.00233096181991044 -0.00128702713591464 -0.00414224263368187 -0.00808635414579951 0.0078204415528454 0.000917594302032112 0.00501477852156626 -0.00566759630775572 0.0134851835094372
1.07584242402614 0.0101946755659891 0.0139744527112603 -0.0162133623115619 0.000141492256181179 -0.0119888479217812 -0.0110980497826527 0.00326654397248087 -0.00180602754447922 0.0069111081155703 0.00531142158516747
0.939132008265919 -0.000608317184190224 -0.0105536573829114 -0.00444213647287524 -0.00496762580679927 -0.00772859569435199 0.0133671283321375 -0.000221959158840935 0.00399352384833668 -0.00683219407539844 0.00894795588704389
0.899590003933336 -0.0121618103051693 -0.0137659034379495 -0.0249623963358551 0.0145587222212892 0.00066970153956815 0.00596450293950223 -6.0848781832051e-06 0.00711967413587423 -0.010064803033024 0.0134228836018451
1.02712079674618 0.00777092731312334 0.0285753203275345 -0.0023577132424912 0.00366522097244388 0.00856786171293737 0.00406570402854104 -0.0126263336773765 -0.0160256685417971 -0.0143505158099378 -0.0216084841067691
1.04604789766164 -0.0140642249033571 0.0188337368847141 0.00518322991187675 0.00646008146192055 -0.0157230775569414 0.00432026554211097 0.00789043461886069 0.00589853788562324 -0.0019173166201349 0.000876646347502859
0.950883401396797 -0.00658571270193416 -0.0011575576072575 -0.00378248009335296 -0.00759458853228877 0.00973083892427542 -0.0147045778446068 0.00997780986446892 0.0117670208950591 -0.001677132979044 -0.00677617581577674
1.0050909457284 0.0044296329361731 -0.00754977719403467 -0.0111310284461407 0.00508261377733582 0.00557681858189593 -0.000325436853479276 -0.0194865329207022 -0.0102015583901378 0.00651634071444973 0.00625103881417271
0.955408749883123 -0.00586713424132352 0.00925267961518964 -0.00853424252857841 0.00603196112356203 -0.000185007670758751 -0.000499910324197965 -0.00130210310767269 -0.00787913940192059 0.00429480836817315 -0.00801331501835611
1.00987458244667 0.00902992346416803 -0.00790401827278365 0.00646018196726409 -0.00940568505717404 -0.00152712018325515 -0.00914876741509616 -0.010415586313635 0.00691869257432068 -0.00112313166020235 0.00557541179870018
1.01870492433128 -0.0111185536442755 0.0111811931935361 0.000894199812948089 0.00027291300426875 -0.00297084788815181 0.00477741075042755 0.0129886000623566 0.00197922061645329 0.00621588197219716 -0.00287202387423149
0.949678153249394 0.00428441993236468 -0.017387239436842 -0.0045726394008443 -0.00442739556996653 -0.010613355178733 -0.000183225620602311 -0.0130630440565782 0.00733348428028137 -0.019736790027514 0.00908933598816803
0.998758074484547 0.00799157394791003 -0.00153529361120945 0.0019088846103131 0.00851308032522326 -0.00908522563763171 0.00480274060726478 -0.00518274735745608 -0.0055947555085238 -0.00575958786839767 -0.0102269036351936
0.983406731096529 0.0089256509859666 -0.0140673459615854 -0.00435549440756851 0.0105192310648388 -0.000656293162035729 -0.0105279640538518 -0.00290105669788489 0.0155016896878556 0.0125027340721809 -0.0226694868050322
0.960588451621713 0.0288685132914448 -0.00640132073500131 0.00125641654213107 -0.0173539257948248 -0.00175757189804046 -0.00121956463570764 0.000486596908111785 0.00284559051177349 -0.01297326908278 0.00675315943006059
1.01684864346066 0.012678634546151 -0.0135468186161801 0.00397350769484577 -0.0160407902675622 -0.0113442422608251 0.0144347688622678 0.00392428112862289 -0.00170620397389102 0.0129107569843625 -0.0042585991647914
0.937096640026388 0.00935094613120011 -0.00475335174184314 -0.0141090628702386 0.00438993127742051 0.0103178261745195 -0.00481252996734417 -0.00961977086886004 -0.00742777006621519 -6.78563203682816e-05 -0.00194768858254562
0.989386105558281 -0.00621331589100766 0.00304984176525506 -0.00811573793779178 0.00112089766040743 -0.0179391027541946 0.00217768029982666 0.016211862715947 0.0101020427565247 -0.00658650981856199 -0.000672364752925856
1.07588547467996 0.00372865451656984 -0.00847880435093613 -0.0182702532195521 0.00297580526210981 -0.0236787151266201 0.00872959818910187 -0.0128181979716022 0.00733908150755986 -0.0124026491204444 -0.00301288534250135
0.993224717390289 0.0259225587040516 0.00377260235690806 0.00114403343739148 0.00665333387732366 0.0166284020335319 0.00168847549254623 0.00606670361331488 -0.0108295199492228 -0.01062470862685 0.0023916144559085
1.02100724569545 -0.0094947457530148 0.00550343716566277 0.00472217201511488 -0.0191757042658105 0.00571112125667884 0.00788156163575882 -0.0174725558391112 -0.0128688576978234 0.0130990011284613 -0.0119870951973398
0.974361134465396 -0.00541645690171164 0.00662454836455219 -0.0124813570800426 0.000412739245931425 0.0029886009896581 -0.0104539752150677 -0.0149216247702025 -0.000672766557118474 0.00844409992209432 -0.00275221087624744
1.00959003119666 0.00524967728355407 0.00973788601569032 0.00100977972774749 0.00238668481374239 -0.0200860832247878 0.000456534563456905 -0.00460073689262263 0.00636989280719849 -0.00656514036683421 0.00843141981093065
0.959721253263813 0.00121971133354959 -0.0130584162985728 -0.0212430449533818 0.00913483214961714 0.00355751507624388 -0.00924015312419661 -0.0094829639859146 -0.0171035065224802 -0.00984252409419833 0.0105906650193356
1.11908773504361 -0.0112463910854841 0.000675678067098299 0.00257183911609968 0.00714108690448983 0.00373361127229557 -0.0153762169313206 0.00822625945771156 -0.00463418027646329 0.000868294238810641 -0.00647034540704399
1.04892089929338 -0.00835635519625377 0.0110863349379734 0.00115790530813598 -0.00732984538456448 0.00309447175376827 0.00785973345882984 -0.0051519104610081 -0.00217722345136794 -0.000207809424183608 0.00516955280207272
0.982233902958368 0.00658617760073154 -0.00357878540695058 -0.00698223202223561 -0.00445799167068797 -0.0121163378573114 0.00631020104693886 0.000750036868693295 0.00591817786636917 -0.0262017472475572 -0.00859356705767768
1.03845238641407 0.00111436363715788 -0.0020261794501334 -0.00381570400169735 0.011836531437664 0.000192376174197049 -0.000912561041625031 -0.0111433176525847 0.00021058914161168 0.00249379612663656 -0.00585829503302458
1.11932484464051 0.00251009444021592 0.00585244677872814 0.0104417451138066 0.0137778247526394 -0.00968451566353656 -0.00486557779136816 0.00388893063291642 0.0162917243932972 -0.0226632666586456 0.00614886522814377
1.02054874894398 0.00149059459333788 -0.0165870288045704 0.00109626318407607 0.000746408273423695 0.00179508005214766 0.00495848293279665 -0.00527941650501564 -0.000921353519639039 -0.00144478778520154 -0.00516462033469427
0.983588892366816 -0.00767511305726383 -0.000277967299179155 -0.0258081224649404 -0.00191787255302943 0.0119732506657209 0.011299583341435 -0.0105405156099174 -0.00606194414141582 0.0102523784893056 -0.0125039268931422
1.03622219724647 0.00182302194303263 0.00222370259462468 -0.00141079367577349 0.000748105630123118 0.00197533097675842 -0.00110277983133095 0.00625089872479955 0.0108921763998165 -0.0026516085260791 -0.00109986637959857
1.08351056000642 -0.0138616833448495 0.0192705023207117 0.000331105948252678 -0.0106246622525152 0.00924015622662804 -0.0138170192666044 0.00174168834884154 -0.00844270898224541 0.0128704200899937 0.000579405509165097
1.05111920901287 0.0099024007961378 0.00635526589891423 0.0138427011228051 0.0158357198343574 0.00681693520709132 0.00805779531032514 0.0154632015656007 0.0115653035660228 0.0132324978961929 -1.35214281193703e-05
1.05092327375232 -0.0135326434378847 -0.016490205705939 -0.00467776652621228 -0.0100172608149302 0.00276609191103056 0.001596606034537 -0.00347697352907684 -6.89520232609516e-05 0.0128386314244749 -0.0144853488050157
0.895025820506022 -0.00581262666628372 0.00378180031918426 -0.0074554610190309 0.00062085380165517 -0.00691387733600776 0.0177895407728188 0.0154173112938465 -0.0101767708265911 -0.00628711518534621 -0.0325117084487053
1.03506581963715 0.00325780222438618 -0.0049836779757955 0.00557672541733219 -0.0077919479447337 0.00647897977324368 -0.00622485890361435 0.00709923029540154 -0.0246137974222426 0.00785261805773424 -0.00485647672344693
0.911098967153642 0.00456928005958311 0.00409478194601195 -0.0118188915019361 0.00525977472524647 0.0182519841050488 -0.0116851334327947 0.0102693650886481 0.00563365478736639 -0.00119007581798932 0.00589419775877319
0.977476557615765 -0.0123476026920128 0.00261598113775834 0.00213895242266925 -0.00236377756511361 0.00777328141909678 0.0144510167438558 0.00845254173849388 0.0191467207238025 0.0225389142650648 0.0116479198359826
1.03276250529447 6.79839412450455e-05 0.000778364086556321 -0.00714225179484071 -0.00687031343669101 -0.010703682539671 0.0216605283958713 -0.00116507976120763 -0.00241875824624519 -0.0090670368989214 0.0105318942342018
0.97137530517616 -0.00284536432485042 0.0119045980044951 0.00425083514683932 0.0120483893795686 0.00451148560538547 0.00336964533682358 -0.000279059241129443 -0.00227304694107002 -0.00619833449212925 -0.0123275528095025
0.99576316427739 -0.010802726066167 -0.000377994134557957 0.0043515948308575 0.00531626032388765 -0.00654553781891096 -0.00221075253625492 0.00538964042745948 -0.0186175981382208 -0.00690028608383063 -0.0096392074424601
1.03426073814742 -0.00253186923349538 -0.00573010105031639 0.0111558880454818 0.0130363544792287 0.00707792263176258 0.00682669181680393 -0.00239661496775933 -0.0258911230555582 0.0177960789448566 0.00776361321177457
