column1 column2 column3 column4 column5 column6 column7 column8 column9 column10 column11 column12 column13 column14 column15 column16 column17 column18 column19 column20 column21 
1.001243761734863 0.010386959795848477 -0.011806445264271529 -0.0016594262871284344 0.0017637060213461031 -0.004218795421129903 -0.0007448908368276465 -0.007192980496011789 -0.0029385885288290272 0.018464051773433788 -0.00680079500713983 0.01034582467133948 -0.011663896602004616 0.010916448064869315 0.00947306760988365 -0.008704200242831644 0.007717999558327649 0.009525788853666884 -0.004674706165819493 -0.017472833003489566 -0.004215884175501653 
1.0261582962888016 0.012036208517742184 0.01081404795901804 0.008466257453577685 0.012853913691700799 -0.017230953881212974 -0.012777334827298172 0.00793642132830483 0.0024684251253627716 -0.008436126031229736 0.011430391566291831 0.025996442492573726 0.01233003295386512 0.001698131969449976 -0.01442901452778032 -0.014293995846239865 0.0026414848553916598 -0.006493972684703307 -0.0034034513790515224 -0.018140071896645012 6.762820311911041e-05 
0.9892758358915047 0.01418807218924213 0.007856817890255125 -0.0034457815148329165 0.0007037265010781162 -0.006438511160449686 -0.00724963174519183 -0.0016845237039508415 -0.0029977579862342607 0.013858684838311522 0.006456342865921864 -0.010107324840840912 -6.594388989974725e-06 0.005075316313544164 0.006648889238561777 -0.0037388594453444325 -0.003025557618600974 -0.005946128513317215 -0.0031235163009650214 0.0029090260186238233 -0.0005314785022576824 
0.9723655307803261 0.00796105065572026 0.009626654748813475 -0.0058238175006576475 0.0008285151893557682 -3.789850763104341e-05 -0.008600265572016262 0.001916901588066173 0.0020865208405542878 0.009024622553704825 0.008857121899019937 -0.0007004148113025959 0.006648877148481665 -0.0028861604953199587 -0.008547348452147443 -0.007259064438034051 0.003957976347111897 -0.02404600388690133 0.0006523780545903594 -0.0001300373063027524 0.01685517878375833 
1.0019212308888097 -0.013938568658811845 -0.005258032927180677 -0.003884539331543973 0.007439465711677195 -0.0018516173082330984 -0.006128854476191372 0.012030381488417676 0.0017416115432462528 0.01514547317601604 -0.003976588574602652 0.00105265251682355 -0.018509036608998317 0.01884239695106611 -0.014320660305861575 -0.014141432132302637 -0.004422976803653838 -0.0181460131843757 0.0014297153354599665 -0.005427659029052681 0.009726551174456099 
1.0454219372461888 0.0012353781406933557 0.0019996972446543705 -0.007669205304490683 -0.004017965588416448 -0.00682429687514831 0.01819291793488976 0.017334763101754743 0.00763172960318319 0.01429315882129272 0.011922657328483275 -0.0024326549371684577 0.0062709369906434635 -0.002114892428148842 -0.006425885195105737 -0.012018363711395412 0.0038582435716545 0.002710177387800367 0.01836706351149235 -0.001386220572642349 0.017265514949738676 
0.9766452446807168 0.014053268091243291 0.016447651120179763 0.0003711440917513224 0.005185962426238517 -0.004395825057678195 -0.01245118947928349 0.009207568709287312 -0.01988769690774376 -0.011361917713423896 -0.0020449163331089266 -0.009441851674499744 -0.001963659996692644 0.0025451679556462896 -0.0012558047609629315 0.012736126965305992 -0.0031166490313042977 0.004779685343149462 0.014990973695526297 0.002370404549660661 -0.0017832761958085411 
0.9972387492124344 -0.01276060654743083 -0.007206131972190846 0.013883640276781415 -0.00037465100257034963 0.022819632723544928 0.00295895254465033 0.004497690986483052 -0.01774529579525525 -0.004531471904180138 0.009458473630471495 0.01720475655361161 -0.02703787883245663 0.0022437588566868523 0.00568065806117373 0.012487875593485565 0.008058922536893285 0.01713919766229102 -0.0030826086653357354 0.017412399212684945 0.0042904799244951495 
1.0736806506012047 0.0005589780058131892 -0.00031446072586933086 -0.0020383370871123923 0.002104230263584898 0.0002121205129348163 0.01436317572725943 0.03147196177574831 0.012626071722445816 0.0063148984484899095 0.0015244810406343965 0.016485922743643244 -0.00822207352058346 0.004364593971690022 -0.018920975481988435 -0.0023040198073574067 -0.0013839084601208645 0.00662760013585517 -0.009518475358736244 -0.01465600736449087 0.005922519900069977 
0.996252495142357 -0.011699040356339242 0.001512117400422696 0.0016510003418525685 -0.005321882644803729 -0.0039003917579301145 -0.023394358637916828 0.008363266057222126 0.011073876576807036 0.01615897335687818 0.014589943173089745 -0.013071704530722596 -0.01461790357570995 0.014975457342158976 -0.0017933556204020912 -0.010739234527529928 0.012206637741580581 0.007084077249758565 -0.0009590421333062458 0.01474746280402526 0.004588290835772348 
0.964989184396071 -0.004758884448345609 -0.007241423885694929 -0.004606879108644736 -0.003419963909046385 0.00817747860279007 -0.0004134968117484596 0.005791974175803416 0.005316302185388942 -0.007192535345713127 -0.0013239826659674021 -0.018843753260528943 -0.007360671651800614 -0.004077153434790994 -0.0065488070947113475 -0.0013243609775609748 -0.003945475375568977 -0.0018545725626617669 0.0021028380144211107 0.012532515379219733 0.004411426328924892 
0.9793092671982419 0.015241130468271942 0.019834385455092505 -0.0008428439350297029 -0.0012522903849728586 0.005141182396673701 -0.0030903844185339135 0.01637049354026866 -0.005657755894019127 -0.009193344937045744 0.004827036818208266 -0.008927578554290258 0.010452839788802426 -0.014545965202736955 0.0019105584498213622 -0.008290687235770908 0.01671052976319648 0.01346733559355993 0.0004982666807462769 0.006659783220696194 -0.0005279579910154238 
1.0561744809311322 -0.023942988402846886 0.00239450294328376 -0.03396740015256778 0.0071904797349949135 -0.0013643082916063088 -0.014565471041528374 0.013921847448083998 0.0023322994953377217 0.004610764309906367 -0.026115947125893043 0.01911755358645591 0.0026116581187025745 -0.008959277954978462 0.018853415526355447 0.00853925364315867 -0.00019520748749159145 0.007006014626894855 0.0017893864164293446 0.003484542235735803 -0.023066011096945317 
0.984475473185407 0.004730110748313812 -0.0019233691429762145 -0.004189804390151578 -0.0032651068410570238 -0.008855681632340826 0.014737289042998038 -0.001803895619050274 0.0019710458734698132 -0.028359966886438888 -0.012666468907974031 0.01399914443881146 -0.0037848737588033173 0.0015979332283059637 -0.03445374683713955 0.009800604812093484 0.003276687546782138 -0.00851798825485937 0.00010928161362742688 0.001577502797448436 -0.012610451824596925 
1.0080275943298143 0.024573596920309294 -5.002993642796893e-05 -0.01920706814751665 -0.017531393677641095 0.001023966538504965 0.0076278027117214755 -0.005536981702231987 -0.011720201015966181 0.002319416108969849 0.0007866298153069767 0.003131168782656607 0.017069039951710673 0.00524433637842675 -0.01811902154161981 0.016721355517610073 0.002158990116590461 -0.006461074268192198 0.012833959789581614 -0.010062946605667986 0.0008738857459185294 
1.001184562332571 0.014485855913083979 0.008441276411026393 0.006600689676856881 -0.0142728485467301 -0.011060544551459581 0.0029234161790786346 -0.017383771580562712 -0.010472136260870431 0.006249294855406921 -0.011866172900200304 0.012602146166398709 -0.008708477778477637 0.0006875837803749445 0.02082487857047353 -0.004569688696838457 0.01837397393976974 0.01643995818775113 -0.0022104833288700033 -0.0028052745050682892 -0.002303013866067674 
0.9952650884169622 -0.007999749565779745 0.0020840333298945473 0.0056091510454084415 0.00944686391536467 -0.019072859434479134 -0.01327726253534322 0.0038102966937484466 -0.001510251493999731 -0.010423928281411938 -0.00251759110214268 -0.007342739148692323 0.006911141219690637 0.018762814295992476 -0.007510876536197239 -0.006636904529501315 -0.009067867098716303 -0.004767917706017167 -0.0022345954627271867 -0.007877639959238956 0.0019959745572273513 
0.971155254346697 -0.011941518043955395 -0.021379961154261877 0.014004796547854009 0.0006774598173182998 0.0006008987031022054 0.009431813354049912 -0.00386703473477316 -0.003182118255073365 0.0039749833537761955 -0.004496839611085075 0.014896344143981468 -0.01563128435921779 -0.014487957839337302 -0.01111855792795753 -0.017231768033470738 0.0004943177725405433 -0.009013644765164641 -0.01687365524514118 -0.01070081385563043 -0.0018370307576886554 
1.032351496327181 0.004034702218006254 0.011145330693029792 0.02961227318379843 0.002763092340847099 0.0007241256333113494 0.00024354167806042932 -0.021826269614948424 0.004975157935827535 0.005243894633004325 0.002157699589913323 0.0069029430670218914 0.015957140242172898 0.002593539962727078 -0.0002362860917567635 0.002557939452632653 0.0018260985036611058 0.009520655779009795 -0.002550317826487983 0.008284084036731173 -0.026574514655630984 
1.0201521817240846 -0.01294770393346455 0.015061024106566739 -0.013515653471873858 -0.014873137222199986 0.0037748821958545056 -0.0073104736488309036 -0.0008022930637299166 0.014368817535866926 -0.01561749988042547 -0.003758150356541609 -0.011425195697327348 0.01541053030168957 0.0006536369443453474 0.009829330087691612 0.019323766834466977 -0.009334920257190928 0.02492362231500241 -7.353873731907652e-05 -0.014773732539094564 0.006041796300760427 
0.9788091872405605 -0.0020386381569498092 -0.01737803365377913 0.004688267479180456 -0.0031674417409706056 -0.0032396057612240894 0.006194255177623968 0.016451526578358768 -0.014569467773200548 -0.0019625186476501153 -0.011456307776074362 0.00788609009350861 -0.016392923480410656 -0.004693195457060599 0.002155430823889738 0.00294867463029943 -0.025577207741396345 -0.012153775690477611 -5.084987890090368e-06 -0.01487995953782967 0.007434738014416842 
0.964810435792264 0.020259353407093523 -0.0005064212651144871 0.0017910915014438275 -0.005074193283486196 0.0036880800797284186 0.004505030223638236 -0.011534091927541606 -0.00011036061135550406 -0.008487237119528738 0.004380634203095722 0.0005268049801760402 -0.020743415041281587 0.002205572205229075 -0.0021817255426125905 0.010279312650418497 -0.0051909094379360785 -0.005568443369703694 0.0014469145319113105 0.008247505351481901 -0.00927240870126062 
1.0401926835072501 0.0016085691416473553 -0.0026885089395760147 0.0029358832548034438 0.006283918727347704 0.002307608814111786 0.007912749574421821 0.004461393588314747 0.005863812149299798 -0.0182866683365984 -0.0038885158445558414 0.025631313422045564 0.0025612952360066564 0.016545895126303327 0.004136331357900187 -0.009175477483042694 -0.00416687811624631 0.002723322128962351 -0.017528895258218765 -0.012974555758213746 -0.008639998656694492 
1.0503267256163842 -0.0028885144037283507 -0.004357717363345336 -0.0077367216700651945 0.0015070573397181711 -0.0027123422882359516 -0.005200675310924156 -0.0026842229524709554 -0.008797885105776039 0.017826386258523126 -0.016611190752278203 0.01143108060322025 -0.00537791749499461 0.026977466918570586 -0.0038461380156409476 0.005063727911397544 0.00723164848079518 0.023262560376569513 0.005579896804430774 0.007665900808186041 0.0036309681782388543 
1.0175931268585043 0.019497717291207577 0.0023869506722578003 0.0009595096840785091 0.00032131990175464874 -0.0018796785655885169 0.004332238875468054 0.010527753871807656 0.017080489443569616 -0.007195439314301555 0.003294000834602113 0.0018713683771236587 -0.0006996408976368328 0.01600051078764907 -0.008219707224967874 -0.008518022627489455 -0.0059457598270092815 -0.010768595697559358 0.012052937105459 -0.007915435620424236 0.010428892967316652 
0.9674212124253954 -0.009933286448304672 -0.013460236751878607 0.008711861708105548 0.012789688590883084 0.00027639095128381236 -0.011708524238754838 -0.005655639817428362 -0.007525486854397148 0.002972766852548803 0.004531373029077971 -0.005609647453406184 -0.012166177936316792 0.018440411782709984 0.0007045118357729488 0.0015686239506074037 0.01770988683737844 -0.008428501128200103 -0.017236340803498187 -0.021420323106752775 -0.01057146643091688 
0.9772769861164012 0.005391606319599771 -0.003298394591018397 0.011077259982234102 0.00523879823659351 -0.006063204890361373 -0.0003778589931852592 0.00014139951782729665 -0.012965145568886406 -0.020549860817403835 0.004702863774571362 0.0020450155084824045 -0.004117958472833433 -0.007272310337022799 -0.01792777414708461 0.011462026401531702 -0.0017515965838871223 0.0051690906779134705 0.01793364673429845 -0.01073120923158596 -0.0016901341265852638 
0.9829055471493842 -0.0014577637510412842 0.0053667221930627715 -0.011137448382099171 0.006045930665755376 0.0017611342556319812 -0.0038187701804475193 -0.009119384825393803 -0.006770091129934629 -0.013578112248016319 0.008711442572449315 -0.004047896089223896 -0.006749096518999262 0.01104125087843186 -0.0014738646218968013 -0.0027519336255745876 0.01146807073862591 -0.0018795767354355835 0.0048785496024331045 -0.0084259915658163 0.014754707580109784 
1.0134067493491083 -0.0005980024159637487 -0.007701419490968965 -0.016267119542677774 0.006808550912722908 0.005813550978512561 -0.0036512748469050968 0.01495825296913221 -0.0067295043523383745 0.022350125727943797 0.012446062209321538 0.003392247100691785 0.0038469824800369547 -0.00572234963237202 0.005457091234052366 0.0038729361603143694 -0.006136586671635469 -0.007357732670737003 0.004110170170865559 0.001562788159822693 0.014573538074856453 
1.0633548123387748 -0.011335677492006976 -0.004599378047364918 0.009945458008833707 0.01058909474932891 0.014996611519415575 0.004276252408005044 0.012657482706757815 -0.0098515088507385 -0.01147054425807535 -0.0021214783879885723 0.013837807687487205 0.014230958366877053 0.010890807038673523 0.002037795436147336 0.0063186558252936965 0.013797225248113252 0.010923723962903151 -0.0072891094072736005 0.008683429804425678 0.0034286559083295033 
0.9147566192445394 0.006663682277624686 0.011639849390709365 -0.013051103088052185 -0.0027182681349044715 -0.0018645785232261594 -0.0017308991257830304 -0.013092486297938164 -0.00017420021528903408 -0.0025283878000025746 -0.01879876227761622 -0.004672598331729026 -0.010913254628166377 -0.014904907062251425 -0.001682521862501807 -0.030240281705837972 0.0029934201370693646 -0.016988878455708022 -0.0026442399145525236 0.006712617256536518 -0.004585391127151789 
0.9893980274963574 -0.0019046647242391226 -0.007026498236616312 0.0033518479834030966 0.004096577250264161 -0.00570897485574263 -0.0017739383265452798 0.0030696932304981957 0.010335433055249721 -0.0067821171469623475 0.024258223048723573 0.0106076447356852 0.002558105177949568 -0.0003425038336920327 -0.011784278902993604 -0.0012727651807625802 -0.0010066102441322713 -0.007917973869509851 -0.01288082966006166 -0.0009756662986120074 0.007915742733388211 
1.0071652887549831 -0.014390147695230941 -0.01653486646256946 0.001536741002126394 0.011977007200016614 0.004779035158970112 0.015307498775677981 0.006554840814863883 0.01034821685370838 0.007525445335600813 0.003126704330142711 -0.01784575596129712 -0.018977154588581773 0.00202980511088762 -0.013512681151893602 -0.00812318168278444 -0.0006050169518444751 0.0008045224033174873 0.007699707445314028 -0.005928165936931534 0.009640992808788442 
1.02300622583509 0.0060180844453778404 -0.010341520684690035 -0.01896468229018986 0.0038423344794888633 0.009569003186083877 -0.013582721254365526 0.010730129717473471 -0.0027021846852492678 0.009295700258854504 -0.013253260773325453 -0.017250292599503714 0.010749818484319098 0.014528626146592257 0.006676111430960405 -0.005715504891948834 -0.002464311421055961 0.012968219186792066 -0.0047003641904306125 -0.0008745211127336577 -0.006546342095131644 
1.0237664784611193 0.02203455635955455 -0.013697706286875326 -0.013536966706133025 -0.0030887750810779688 -0.0005081542035202934 0.015035204350918088 -0.012621632839423748 -0.011428584556685828 0.005646726505515461 -0.012916210744938051 0.0023857728774380692 0.005399849498217309 0.007058764274382158 -0.00195954609869615 0.02175080391724671 0.014560490187462917 -0.002271254681776707 -0.007658994864129448 0.0009820439148174752 -0.010064275353099218 
0.9942907408983316 -0.015234611959306402 0.015017455225146597 0.011970676998653916 -0.014672828654551846 0.0011996975852231005 0.01768033722124757 -0.012954392494082218 0.007619275500763945 0.0076326222971383135 0.005665275010345198 -0.02123181879645903 -0.001847771128904778 0.00536840879698925 -0.004370874258862864 -0.011202446093576273 0.004224939955935116 0.016200064078768166 -0.013234205753117656 0.0034564280644583866 -0.00845582155024054 
0.9942677295142577 0.0006693528413946317 0.007724867495084006 -0.0053515608193994 -0.0012997387865317192 -0.00975917451509954 0.007731030622706856 0.0048562865594237465 0.0032763854768759434 -0.02086180287729375 0.001966329206720155 -0.010083303961803888 -0.0005109477286737087 0.0065516699632015 -0.0008952610896467555 -0.004288560302061755 0.001495916967333024 -0.0009841447549417783 -0.0117301986988044 -0.005004987732252583 0.007086831419867454 
0.9512836531075084 0.012740896988471376 -0.00536899649938675 -0.002596697365676934 0.0010462940663395481 -0.012113545699597016 -0.0017943825626002819 -0.009034999998535204 -0.0050222098385385005 0.003315227517956557 -0.010624762754053534 -0.010747917333618918 0.003533206916078318 -0.014126622072820021 0.010663322926594871 -0.01772330738375681 -0.01041175864776164 -0.0001572978387249608 -0.003902300949263614 0.0012627641782989444 -0.004292616120579792 
0.9994963483094229 -0.00196694255537122 -0.002250826915838868 -0.013089189674457045 0.008846677043226833 -0.0016180873313851106 0.009717962947453472 -0.010633576279830937 0.004962287552024099 -0.018291090653861895 -0.005328530170797552 -0.00512419640617574 0.003907640047673035 -0.00715814937045633 -0.0047838213685228535 0.012611542244827165 -0.006866450034967219 0.00829725631227946 0.007683305845936187 -0.0023579491278998377 0.0008887536023094306 
1.015543794858807 -0.0020161987127280913 0.0010859401441905222 -0.0017468371510100367 -0.006935724981831644 0.004665358973288372 0.0021209682141465243 0.005266560968370153 -0.006465913211495322 0.0212672220393095 -0.0031250571258170557 0.0027780831708914644 0.005501242527239318 -0.0018066627794473293 -0.0019634611938983645 0.0027811718273705955 -0.033505315322824004 -0.002137763032990587 -0.006257306478973935 0.006243049566642641 -0.0027410079513055415 
1.0344114321380105 -0.027111234648807613 -0.005720205676855972 -0.0017211946687097418 -0.00474006499223217 0.00411596065624873 -0.006859874876242316 0.0225118837999421 0.0012677511599375212 0.01582168977921553 -0.002539068365712788 0.0015242317380200225 -0.0024049706515027964 -0.0028409621738235092 -0.010600870445983353 0.0034611668299991604 0.0010603482579305474 0.018089551552106953 0.0005968831084477883 0.0018109943317587466 0.012689459739094383 
0.9938372825211892 0.005353324521926499 0.018698003204148137 0.003367249713258046 -0.00021902717642018716 -0.00980105449968441 0.006527339533130748 0.02067773450691627 0.0034771023176628415 -0.001126140363567195 0.014227729024511871 -0.004123243672730829 0.004888346464751709 -0.00943916954238287 -0.011868779094285636 -0.0120407945686203 0.006924928611075375 -0.00937057250616879 0.006421359501035601 0.0014373995098132658 -0.0059737686142808544 
0.9516402510594317 3.992467967267738e-05 0.004229252571479246 -0.013570004103328695 -0.026497031577949845 -0.00038435432307996697 -0.013066813896554697 0.006610748320508813 -0.014073306625253046 0.006035479963865706 0.01813172167022849 0.0016251180056140314 -0.0024534957198741334 -0.006565473284273625 0.017599974771976543 0.003445588319926012 0.0035578841613171357 -0.002498944931795645 -0.014148835150173105 0.007787825159626912 -0.0008609358609899402 
1.007505293102172 0.0027900698417295776 0.005913116945199445 -0.01325870548428836 -0.00909624054339048 -0.007078914974150826 0.003477334452658377 0.015556814864290875 -0.020169636836627015 0.003608088271862734 0.008521736643061774 0.0062130780081712175 -0.007145728313969937 0.011000350999125304 0.0035076599638785132 -0.00448669426966139 0.0054274952022350794 0.02738774205940394 0.018236088505019808 -0.0035013674931676526 0.007880741431649789 
0.9826348625538296 0.0168077160445606 0.0025154872333212406 -0.0011217829527116292 0.014683153047114324 0.0011057172582649706 0.0003028294189664145 -0.022120879178390337 0.004085143996093559 0.010321183455001963 0.002651425159747641 0.008972916680715317 -0.005291995882290881 -0.010633920285627834 -0.0018815003223991316 -0.011609035497839669 -0.00427812423565983 -0.004510776198749563 0.012940889685550704 -0.007673808386658509 -0.0021095741510576173 
1.0164616466436056 0.0005396515268764837 -0.00040313223498970326 0.020864455842305906 0.015863626107084618 0.003205975052946121 0.001404537061493822 0.005405882506352269 0.007749275225315682 0.001456176585723504 0.002392563714625657 -0.024959697844622042 0.005344293401929443 -0.00307617389173232 -0.008077715119454298 -0.010342156916018856 -0.004433823584822483 0.0031528501244524414 -0.024112939989688983 0.022779349797439313 -0.01133671995744554 
1.0134275642283965 -0.0044437321287856815 0.003137370015512722 0.021978110541496503 0.014031937913359285 -0.0005109070865804135 -0.008497148039635725 0.01127370319171699 0.005752769741665439 0.0012752645231238033 0.02233075564405393 -0.0037509324162140656 0.009592433081234666 -0.0021244598023628515 -0.007202536219802668 -0.010027428727415697 -0.015302128975120734 -0.0038174234809817353 0.003910804295371662 0.004908828017107269 0.0011472547951887515 
0.9896346910891944 0.0027699836908002718 -0.002505357364514676 -0.024880653865663082 0.003975462692921834 0.007603516817455287 0.009081000490145954 -0.0025778751560240347 -0.0035633847087509023 0.01465212655515502 0.0015604643767143148 0.008101736137432172 -0.013562707064404083 -0.006206772119921747 0.015264371234338705 -0.016148847510808934 0.006463972314219298 -0.005517549545804142 0.00341480759706562 -0.012349447061227703 -0.014626558807530981 
0.9678608557902542 -0.0017081931332112747 -0.003621453204317391 0.0023933021812251906 0.00426148107577499 0.000354873793474685 -0.011829659390107192 0.003701866293149386 -0.009031583378858189 -0.0063641669985925785 -0.0049976307450538115 -0.004845602721373633 0.002603372999404415 -0.002687436457866104 0.005997498226551607 0.0009563680861740936 -0.0011649724147072982 -0.006760735061971212 -0.009535871012762778 0.0025459142008186753 0.011075817804152432 
1.0199834905170386 -0.004311084213657831 0.00034946531025311755 0.0039617554543362275 -0.01438948063733881 0.005297274042103055 0.004791301474615515 0.007288675205658332 -0.010888616032940255 -0.01137988686768902 -0.0027913465956157894 -0.011922608443631764 0.012584947196417048 0.009256671799061075 -0.017360171810765455 0.02104012952099399 -0.0021533958653672564 0.01755204228640478 -0.0004644892031807596 -0.004697094425739869 -0.009634582298276545 
1.0337339147700286 0.005745375186539602 0.00262880522427066 -0.02339663460587556 0.010146561053662686 0.005719177977026883 0.018520542810834144 0.008992641327428039 -0.02030442082325187 0.01971960152187525 -0.01418945372244417 0.008536385150009236 -0.006925740448257697 0.013566769789059449 0.004783250340798617 -0.008892094369991908 0.004715533416350535 -0.0033758182052009453 0.010772486427405486 0.017175927143279958 -0.00564783103110097 
1.0516530472676788 0.008383529290710871 -0.005125922280281329 0.0034532894373134775 0.002379742345832373 0.0186218171103564 0.007688028110091178 0.0010641509065784497 0.004621648536803562 -0.005680951862511829 -0.009879474710347726 -0.0016964764240039768 0.01832885831691125 0.004673243121929888 0.024042827973691425 0.011860097619190544 0.009425906763197133 0.00858698532091767 -0.008263647762851802 0.01328357754795005 -0.005833864906097761 
1.03769461907373 0.005872118256693247 -0.00556153768717835 -0.01586253590113681 -0.008795160596868452 -0.007096318366435779 -0.01377451262821545 0.015715352151654507 0.0034987206217817067 0.0007921949145333222 0.002763633941211432 -0.010721606238812013 0.02244098400482091 0.022512662768928684 0.003807249228436465 -0.0009572363934805746 0.0017259841485962422 -0.006678762191305566 0.0030627585196943133 -0.004839874090786291 0.011376944228439077 
1.0683639433888439 -0.010256728314664273 0.009580281673156162 0.004160981889984688 0.0074251976909448375 0.008819701041979744 0.010902378465981457 -0.00015810417170098714 0.00699999477271967 -0.004470849546344778 0.012177286977245825 0.0009065255588723287 0.014931645026082034 0.0027102770690951346 -0.011512270387196566 0.009515454732294811 -0.0001755376439865724 0.009892632818631352 0.01247713559274235 0.000723013075490943 -0.006509743631279517 
1.0323144065861223 0.0005955884182599814 0.01054022684300264 -0.0010389553251878814 -0.0029534424083554173 0.00019010158678416152 -0.0046250717511796 -0.011351599472388759 0.015281521811695507 0.0052536308417407175 -0.012982947733758639 0.009032223771455726 0.014978948698354859 0.005062399065763032 0.0015107378043517914 0.00649992551982704 0.009495302555277222 -0.009131321167376081 0.002283013845185141 0.0015018453140510906 0.0015367390540569179 
1.0170178678342414 -0.01484593586509719 -0.004025201253743884 -0.016866191173611274 -0.008380693280992777 0.006490059176214421 0.00948768913932361 -0.0007770617037504642 0.016098567900587134 0.00371417158417458 -0.006838867436700606 0.004008406303264397 -0.021073823615644752 -0.009966982635371666 0.004064828539723437 0.0003187983098565436 0.002496094744738083 0.019162700085964404 -0.0012351656811972307 0.0058829714698342 -0.014653571781145182 
0.9780622622635154 0.013138993901371807 0.0030578736762618642 -0.02223725426081469 0.018115024698458056 0.014411798039350816 -0.0045932347273717426 -0.00012865035282733382 0.005058960179434575 -0.020924769123970247 0.002854678211447783 0.0016359684980421093 -0.007023423852567771 -0.007418396872805384 0.0033655568246353106 -0.011130286686715205 0.003331962514783435 0.013876170982389522 0.005054184605117866 -0.01462378845328048 -0.0027454859650403785 
0.9329098726883308 0.005552689168913403 0.009441644345653854 0.0027427613849728854 0.02958159355792898 0.0030609587963912467 -0.005715932790405846 -0.004873852169662778 -0.017865352526828297 0.0047881141892296645 -0.013128506395606103 0.004334940086051638 -0.01570533342519925 -0.00822891091286447 0.013384260962377176 -0.02626757578012592 0.0012503731835380985 -0.012289076561523834 -0.0037835141690713892 -0.018874020924183655 -0.011240088473634972 
1.0051098355429735 0.00460792796541555 -0.009720779909076264 -0.011623671860140669 0.007662426987584369 0.004417847606652204 0.015602976203175547 0.01879065631282664 -0.002990605475750845 0.004589180421777285 -0.0034523275319051235 -0.010766015355548293 0.005958922463376894 -0.0002773846129866851 -0.004614890374176054 -0.020324928431386006 0.013186376730725893 -0.005455428094990282 0.0028368807507021926 -0.008295576255578944 0.0007912236018812567 
0.9925464876414307 0.0029054696679557085 -0.01123751967659471 -0.00743045584381629 0.0022167933380353717 0.01431507052398624 -0.01788583289178682 -0.0005955486022490638 -0.0005738841392418648 -0.00023531417936253747 0.020772358620977587 0.0009404833948542027 0.005476805046838154 0.013447996566221 0.01754502889077351 -0.0071905511851576365 0.007687315210359836 -0.01803242670999987 0.002803496020037242 -0.0014068073549233647 -0.0007883436731488288 
0.9519928370111163 0.020454273209379648 -0.0031726137047476673 -0.0037853720521948487 0.010993673994730948 -0.00537820389137554 -0.013324586048934167 0.00016394829976535953 -0.007437573482754112 -0.002012338027720749 0.014336430986456405 -0.01563875012498373 -0.0066920295721714755 -0.003284117507595501 -0.02013488710416563 0.0012198494278038916 -0.006966573903394794 -0.0047915788303384155 0.0022298545919803097 -0.00946094835768657 0.010172924673750092 
0.9605647559943522 0.021118551099562493 0.009273623605943275 0.01090349578719505 -0.007585092234303742 -0.01596185812583953 0.002022554724258998 0.00080872710023547 -0.009890344116685743 0.008572085992059835 -0.013319962298346057 0.0008085161894765724 -0.026409051369521982 -0.002365111244200644 -0.0008198554081656335 0.00020662204732772312 0.003512325047240863 8.166015832246533e-05 0.006785811757597087 -0.00027951733437580045 0.008695153752484822 
0.9517538219338209 0.009139090944452985 0.011952581501303348 -0.0006565677878405208 -0.00268549348985414 0.006628829048017485 -0.006856908771699103 -0.009153754792868046 0.00591041356058887 -0.014759713655080275 0.019316446876715236 -0.013112272068528946 -0.003120293536056194 -0.003308617962354333 0.01086091165501415 -0.003655103914051686 0.015724493902907775 0.009316156857821011 0.012534153994918116 -0.0040236313048565234 0.006103210854811359 
1.0410358237034059 -0.0031208431293151847 0.0020327658876140155 -0.0002004456837542241 0.008523183352146843 0.011153459441555722 0.01575764499167829 -0.0017587786920293875 -0.005679805671039647 0.002707833192882903 0.009790824327006982 -0.008488104633646671 -0.0037147895611027554 0.006954118677880638 0.0035553929305948196 0.0011693981009084974 -0.005564603091204314 0.006609181386120274 -0.008765227693941474 0.002920616931389266 -0.01093422581286692 
0.9762946469712255 -0.00388036949196151 -0.0044602313273691225 -0.012951600805977386 -0.004995351848058231 -0.003835491129084457 -0.0071328996911507545 -0.009306897272227268 0.009767317617443294 -0.006672628124009351 -0.018025412850097202 -0.0016776769602590649 -0.010201374716264094 -0.005346643823050557 -0.013715334010999052 -0.008016138966759057 -0.019520164677696596 0.008058396075183823 0.018743682234485876 -0.016098869254057152 0.012365209012405082 
1.0429291100814242 -0.01917764811370124 0.004071562366330382 0.0039908981098979055 -0.0015783802378503682 0.005933236698454528 0.006254156712842874 -0.004854452084745941 0.013649882186861351 0.007981494065639076 0.007668083815285913 0.018719908064210075 -0.0071460768874762525 0.0005327159386294975 -0.006312957729677872 -0.017984173891214945 -0.024494410848612536 -0.004109990316198123 -0.014786626940204835 -0.006110654389838703 0.01089625057196689 
1.003221959452486 -0.008650917497864178 0.005871098081780934 -0.005825688395061768 0.015862056173627154 -0.007855902947021057 -0.004679312391337669 -0.00031194124908693325 0.013286500956052607 -0.011589266396763106 -0.008933266383476409 -0.012406444265923963 0.002080138438797625 0.00553923156719681 0.010105060634078135 -0.003004211006772867 0.011109158328091688 -0.0005646346344529587 0.004227855420502433 -0.008117042963004067 0.01215393349170441 
0.9933602344887608 -0.015268590644017664 -0.0222976202627079 0.0035429602324890813 -0.007002160117808999 -0.013157839563911844 0.00946533853201365 0.006826889339314825 -0.017888404202860492 -0.0009252317931579881 -0.0013643423903080796 0.010015916100588869 -0.012887860841151694 0.012311417075101212 -0.008456935489850766 -0.001865898309172215 -0.01845348205211884 0.005672955592621097 0.002014512360091318 0.011626197638667408 0.005386655706714794 
0.9808947809856509 0.0010458619126697667 -0.013527248280308352 0.016657540611153012 0.012025700891731278 -0.006742893363198803 -0.007129087740449807 0.012589143891686671 0.003167284887323762 0.0028635165285961282 0.003961747195702785 -0.006339157481752048 -0.016515265632117623 -0.008862685908483076 -0.0001840500783031713 0.0014460679101945138 0.011071564648909609 -0.009299500349955699 0.008581673724974388 0.0070304925453641975 0.010307129263170869 
0.9169717381463137 -0.0011106214985404977 -0.025549950412291626 0.010344903597579605 -0.010616693238660482 -0.008694444867439423 -0.009719664382385907 0.0022452632996216404 -0.0024572285737916827 -0.012953782645870826 -0.0006061667417954525 0.00968554562361992 -0.00790115136964948 0.003867005357782172 -0.012206625773702087 -0.010819633501287012 -0.007216844809169974 -0.019240993415571152 -0.006473876458758622 0.014009202069355976 -0.010179661949492984 
0.974096717021433 0.005177276610718564 -0.010816257621860026 -0.003739111697944762 0.0033445585307402266 0.015317018618473182 -0.011969039216275177 -0.018826335487597514 0.011041211772294586 -0.019598011276475143 0.004652866321236183 0.000708881048297334 0.0021669587022920237 -0.008026556883589112 -0.0024825321158551063 0.005862516268362595 0.0012898218348534514 0.0027276298335024004 0.02179056489984635 0.00166101272370526 0.014674581628943762 
0.9778885038305108 0.010422705450979428 -0.01279967908339154 0.0028498452666299036 -0.011353567108376116 0.014013086118975311 -0.004935954078412692 0.0033275936454894616 -0.011535683516536856 -0.0038654364261027363 -0.00034903852038581194 0.0013784399817889854 0.007619345857848649 -0.0061617160734824174 -0.004763633816578408 -0.016632302480199222 0.005314133203804672 0.0068369732758435265 0.007935000547269479 0.005169012593730874 0.005116915551690665 
1.0633717352732457 0.012782141217692762 0.005428774110093276 0.0012850092219471886 -0.004487343254394787 -0.019563376112567993 0.002199165990866901 0.005567135504744854 0.006502829702563946 0.0009475689198982604 -0.004811691151941505 0.011700248106671243 0.01697201531742735 0.004933077459121477 -0.004489732994589538 0.014986025123931133 0.003378959240071748 -0.005999111599711455 -0.01345165369299234 -0.0003849952370765397 -0.006071125359705994 
1.0325700120386416 4.622781867050058e-05 0.01599646910502954 7.819765294186316e-05 -0.0059420325438446385 0.0013330303594541984 0.003084526195263779 -0.016255206862408396 -0.000970775227586865 0.01626402515499437 0.0020809862497295824 0.004404536233502211 -0.005501172105946087 0.02438073559665756 0.014383152307351299 0.0056011089578070225 0.012133461537537606 0.014047783237773621 0.020732184902660683 0.009081861151974197 0.01878013435073558 
1.0326099862518836 0.0004208460159444824 0.008468340494107097 -0.0009499999290436246 -0.01051758346958337 0.01303401546518891 0.007820528802860754 -0.009863168157696138 0.014789608857683809 -0.0020045804769708016 -0.003786330929859953 -0.0031494313819858738 0.011898077294120374 -0.0026735517833394932 -0.0006348533869460535 0.005639528406102407 -0.005218467079590052 0.004900103384434177 0.012041096976913149 -0.006938891269147591 -0.006761753514291217 
1.0328815708273056 0.015537378047868625 -0.006129012584253413 -0.001099116813393204 0.009274197073055114 0.0028829402732006575 0.007139507170348597 -0.006866388029096535 0.021918265842482184 -0.00016616763515411425 0.007119225900998992 0.0020222725867922557 0.009149366801582202 0.0019865387775739028 -0.0077047455455451245 0.01050040648842965 -0.014268884920764344 -0.01684713408950028 0.0223278811800601 0.008991234891676317 0.021770561640657313 
1.0236833263939515 -0.008055134701366068 0.007052915630419604 0.0002200132426774733 0.006082579040544285 0.013803877564279735 0.0026888446118511046 -0.00366335527199046 -0.0039555750379763905 -0.002391647151234136 0.0018272689570656164 0.007227357481658414 0.009912991094339185 -0.010242913081743452 0.0034078787380714525 0.017498401549288847 0.013921958315279107 -0.0004349230906286969 -0.00932492732529178 0.00904116795317094 0.005137009213411277 
0.9884589719390066 -0.00132433351120724 -0.019562319150322183 0.017491975600650654 -0.023060599350099884 -0.007676899817511537 0.016984878984254357 0.00026011518878963263 0.016193509320110735 -0.004039830701429291 -0.0031773597662489283 -0.0012988369397547537 -0.009683359220823626 -0.009166149808211333 0.0043741122746237746 -0.007811156203321856 0.007289954841142542 0.004099488759390536 -0.011736003605563757 0.007082626852075209 -0.004273914982803484 
0.9760430447123024 0.00852204356455946 -0.023681920314337017 -0.00452203731164741 -0.004129678966656276 0.0055179097134760114 -0.0032851991011842757 -0.0004016661596434959 -0.0017672488446423876 0.006400318862376232 -0.0017503516653322867 -0.0028635005864662256 0.008066000735305445 -0.009743969926404224 0.00441865056155733 -0.018086029758309342 -0.007721176087497044 -0.012840875660328524 0.010046321055971837 0.0011223450244711437 0.016125384701732966 
1.0280563639189528 0.024027649373178195 -0.007870361630747317 -0.009155456725169946 -0.0008928812126607833 -0.011344412703084906 -0.01216462938723682 -0.0029866471201990164 0.0007361751743946669 0.004106662510454102 -0.005646837449916358 0.007967714367810123 0.03208418782985985 -0.005367461518499718 0.008929103490505175 -0.0006714133794454292 -0.0074080882205032625 -0.008079421960785404 -0.014689154339698335 0.00022150230435639647 0.007033125612858911 
1.0043410272536748 0.027251667690865778 -0.011024315139345956 -0.007583767494387073 -0.006849789250980879 -0.013797808766686568 -0.011315114935245778 0.004186805843090823 -0.004513074912523996 0.009899637580452064 0.0002462285231348517 -0.008977674415471598 -0.0001066209636369339 0.00891272921340683 0.01018275819516906 0.006370147303505246 -0.0053398520150818585 -0.008107548781218412 0.01311818295381493 -0.0043505028791272484 -0.007754462892401508 
0.9970898466221885 0.017261379552979822 0.0002444238193540367 -0.008653709557361706 -0.01239711083484273 0.017582263671439637 0.004971909431866734 0.005924304951854378 0.008996301839730204 -0.0048860923745637705 -0.008265982292606113 -0.008166447277461155 0.0008905816840361233 -0.012288873597396903 0.008316458972346459 0.01275203493825075 0.0010458524211786353 -0.003609042230319185 0.005929956578420618 0.004221296027434728 0.005887790210353796 
0.9774250877444013 0.017406106468034754 -0.003505939961271641 -0.012456642943037369 -0.014907229796954056 0.0008031627500051569 0.01618066507870622 0.005852035713327994 0.018611994181921002 -0.013318838242658152 -0.004315257713013754 0.0010544225411503567 0.009057662484544446 -0.009519329817261774 0.0015116235668392384 -0.008308179997750836 -0.015022314418432726 -0.021684961412623438 -0.00850459345827123 -0.007463568997667064 0.0038612930742664086 
0.9833231541320021 0.01871300276169085 0.005203172789458048 -0.007748249128548045 -0.010570750865539928 0.002175869328860918 -0.014641387119135653 -0.0008625087138120298 0.007731749879844166 0.009235452856531226 -0.0004811837072741729 0.0019104864876817171 -0.003124127836574187 0.013070347206449756 -0.0015561087195200142 -0.013067044722542845 -0.002971399734325063 -0.0018581659648246982 -0.01408744206657764 0.009223627040650259 0.0008725134669117883 
1.0228090126438099 -0.001638069126276906 0.008181226011091208 0.01557770678271919 0.005913385183246186 -0.004466133795032898 -0.0009782143801877544 0.004699174701860451 0.010334446507434014 -0.013268043165869997 0.006005253736447855 -0.005890817471422466 0.010563461865817617 0.0036303809081509046 0.016878350755599698 -0.0046409201956627765 0.007956935296511149 0.0025590726640686073 0.018252267517967175 -0.005886280910399642 -0.024406991800981114 
0.9165510245494003 -0.004376613088408264 -0.0035880057113747703 0.0020355740208177838 -0.007007681097904219 -0.015376884674722271 -0.00797472129682396 -0.0018878605599462084 -0.009122993179611946 -0.0018097894685390069 -0.016405766442166993 -0.007775539742615726 -0.01935918609518893 -0.0028379000861648213 -0.009350669074087834 -0.008948166464609957 -0.006672591313646289 -0.007429347703473638 -0.0015444555252356884 0.014286352733069755 0.006036186281573774 
0.9907874578120477 -0.005554721215234774 -0.015837089000435074 -0.00514959194286746 -0.015114357808074836 -0.008408193982923582 0.0018301649772372696 -0.0052790340413706015 -0.01255722523243993 0.0074500515626080375 -0.011868525748175469 0.01942298274250378 0.01034406295212296 0.002493560360922292 0.007919467950880329 -0.023402810481542836 -0.009660140369635743 0.008075918966781153 0.010609812129916484 0.001902368585909616 -0.011057495949368994 
1.0121968449993715 0.016643210454479387 0.014617524707521612 0.018393381599643956 0.006795698866633147 -0.015128670461638722 0.0027713758452333754 0.003997603869865645 0.004613857513025308 0.012689274233668328 -0.0026000141580928143 0.0164924828082398 0.006420176930689354 -0.016990646176462464 -0.007143684928208691 0.010951079089768468 -0.011892595463773541 -0.015044455974389461 -0.01428018425625687 -0.0015654999190447439 0.007141309470598071 
1.0301983195122115 -0.0009437609712318675 -0.00252770890054856 0.00849790499777806 0.001069346462452496 -0.035121815297395984 0.008683520999680578 0.0006508364879647757 -0.01675753958267494 0.025435648594297665 -0.006496192744816807 -0.007546059388470817 0.005243439650498033 0.011365746060239832 -0.017149905330437438 0.003804468448736974 0.012558056376914975 -0.005553554772499461 0.012421275809315803 0.0029946785796107333 0.006808051917733597 
0.999465219219194 0.013226100799816672 -0.0037363507409604764 0.008829313200937492 0.017519439020238052 -0.005371106921893122 -0.00042408706184906625 -0.0006337803115044896 0.0026118575292630093 0.007993874417197882 -0.0005133493788774025 -0.01289136586103618 -0.0033409791853114567 0.001536347929174286 0.0012108380483532952 -0.016964875096553995 -0.000500433291421757 0.006441534450647284 0.0020241493052982284 0.01197080896888654 -0.00595642948383036 
1.0237416795533731 0.0032252308403770682 0.005472594584653577 0.012993797719673413 0.0005172843813660087 -0.006155205451854024 0.004004125305785875 0.010280873013861299 -0.011861437938124709 0.013229718731517697 0.003453288249482285 0.010139544923789571 -0.028518662769779383 0.01115922797856805 -0.010504891137592079 -0.0032981220601421197 -0.010490603157796173 -0.007053122374116316 0.0016064323052174998 0.00018333355860462308 -0.013977550717676968 
0.9555661097509355 0.002848832677637313 0.0017401379171159595 0.01969036481219356 -0.01145691532905312 -0.005753775098942453 -0.0025138990368217323 0.004479684354141346 -0.012788296075290978 -0.011862444937363943 0.011156547716355363 -0.0008097373910047085 -0.011289380854926397 0.007110695084326782 0.0029361911219277785 -0.008411988291128799 0.004264032303125337 -0.002680643000908955 -0.004225174366783075 0.011247427877013823 -0.012535695435768417 
0.9689075632822071 0.002125120588095889 0.01109081885743896 0.009396961281369309 -0.011627160861556044 -0.003063465440978376 -0.011215087238175213 -0.0035019861560087835 0.00316911054935045 0.008093460922124866 0.005345869724474446 -0.011158833725874019 -0.005989281142566335 -0.011668393568432243 0.0031180172816433678 -0.001546277635612603 -0.0013097660320252505 0.007005691657122333 -0.008617175226538008 -0.009228542636441713 -0.009603708040333983 
1.0346269296682313 -0.001050892016563143 0.0034053386104215834 0.003600527908208707 0.0027345304397133037 0.006427488543749533 -0.0009692257455777935 -0.0022851341764124748 0.009495823276157018 0.019079697413228063 0.013605548328334929 0.01509768208888892 -0.009758543773897324 -0.011277513299946133 0.0007945658805917171 0.0004452682810788439 -0.014458224751567572 0.006394374418937409 -0.008094486149439006 0.00537089852437882 0.01444351963715359 
1.073092588621204 -0.01147892112756608 -0.007456748768112102 -0.006540793886150811 -0.0019468519414033475 -0.002727732436261276 -0.012567040493690167 0.0008567964221658955 0.02109281536563283 0.005028359343101715 -0.00927796099472599 0.005761514396685928 0.019086475811344088 0.010453263415831877 -0.0008092984613778385 0.019831477564599104 -0.007738150476682585 -0.00614924095790384 0.01827118444655308 0.013138472179957703 0.011068988311360432 
0.9215618725999198 -0.004876552089004819 0.00013478226883454668 0.0012849172543616255 -0.0035020882134377297 0.0013949243652317447 -0.012882264927987557 -0.010625649466384144 -0.0028946094214214336 -0.010343768521976418 -0.01486454462721738 0.0025134939273974443 -0.00942900456748556 -0.014240591360861221 0.006799078570561759 -0.00790062842862917 0.003657034050463799 -0.0021504587921687196 0.00028901078494136535 -0.01021359129342678 0.008318115784198176 
0.9880763898974505 -0.0023776643371743646 -0.008463419481735299 -0.003476260513181401 -0.01225123476788432 -0.01329623123258044 0.007981875864081882 0.0016191045009277308 0.0032162858588990644 -0.006597717628020165 0.0015747843579138154 -0.012137076340065731 0.010492645554159345 -0.005234065267582915 0.017577407884878094 0.013208126337712659 -0.0013428712332838012 -0.004611574067019298 -0.004062501144973834 0.00548488310138852 -0.011719421130863395 
0.9890403949491281 0.00023801725160435967 -0.00322625182070269 0.004360463329325279 0.006202120924482574 0.0015623657838272128 0.005335265689806333 -0.0007628762195472042 -0.0032102124682628864 -0.010991328609585998 0.006914037734454009 -0.0027576674374648353 0.005417758899486592 -0.004436605109620859 0.0016534265892112407 -0.003906857935599931 -0.002015713794282431 0.003204572600826615 0.0019765125103489455 -0.000608950003782792 -0.0029605428425872396 
0.9769769192816016 0.01823216452585566 -0.0017501221196460578 -0.011764813546053035 0.005452866132856903 -0.00880360481272445 -0.004607000446663913 -2.959593301301169e-05 -0.009675560202699924 0.023457296533666305 0.012864664087756708 -0.014708035658605373 -0.005089594490158298 -0.00041173199519116833 0.0015722952849869165 -0.009237166286040252 0.006827494538783905 -0.003044325680852021 -0.0065941173304677626 0.01018843152232743 -0.017466409782192573 
0.9620337415854633 0.00662654435131104 -0.00883841657281745 0.015129112608545263 -0.0044076067133189435 -0.016372032175507444 0.0062383297529292085 -0.02055700814135083 0.003943587190608621 -0.005010543698769901 0.009067367470093924 -0.0156726327706748 -0.010123747001254423 0.01834052483339366 0.0020477158207617484 0.0004509700238300309 0.014824347050452876 0.011562852250210654 0.00589114238440073 0.012497776367266053 0.00679924718421272 
