"V1" "V2" "V3" "V4" "V5" "V6" "V7" "V8" "V9" "V10" "V11"
1.00974567889036 -0.00790709088914737 -0.00919879787764425 0.00204961347424224 0.0232284736626056 -0.00856396833215719 -0.00644395903615954 0.00890987861682031 -0.00380639623881332 7.20927694702566e-05 -0.00749872122870425
1.03255021466635 0.0115422173908692 0.00601227203687432 0.000972605340582391 0.0107242892516467 -0.00624124763383703 0.00532818695011456 0.0149380265394697 -0.00557755585304793 0.0149666119800014 0.0143818251395603
0.904236076287994 -0.00441640105647874 -0.00603653941659034 0.00703242718099394 -0.0129355725791875 -0.00629861673455344 -0.00468172721698394 0.00128830318342615 -0.0160101281097812 -0.0148837632160455 0.00364828677165899
1.07411190692925 0.000361123443998558 0.00892509160001159 0.00324265748198083 0.00362424661913588 0.00410964261411935 -0.0110415074478242 0.00408675628870339 -0.0120616631881571 0.00674403793425707 0.0027252818338084
0.938350422043756 0.00348850408864888 -0.00165832119261233 0.00361331193421217 -0.00323359188574984 -0.00584510940879989 -0.00579984308804759 -0.00266121058551218 -0.0083479810730993 -0.000758917317178403 -0.0129119196324254
0.958670872510611 -0.00590017859799041 0.0111659459287028 0.00226566006986847 0.00280263378710608 -0.00590665131092258 0.021880726238247 -0.0204703774820198 -0.00232820918250849 -0.00134042557559413 0.00020942359540019
0.923573839747186 -0.0190520101243809 0.0113067347713885 -0.0011331880682075 0.00808313830258823 0.011466355551778 -0.00959605587984784 0.014078204438233 -0.00495479601411375 0.0129019873656986 0.0149632317934216
0.916351475751029 -0.0122713782736831 -0.00218011691576808 0.00966358094490863 -0.00690821468545273 -0.00973663857223237 5.36375179045416e-05 -0.000553598514717792 -0.0112152515751532 -0.00467765524846616 -0.000591659490373913
0.990773505700238 -0.00424850052323459 -0.00503316482987182 0.00217548724009536 -0.000111231099357552 0.0113836826946159 -0.000828064686181213 -0.00565819013118165 0.0145168126802384 0.011606473830805 0.000845894453290482
1.01920429975789 -0.00327476686538269 -0.00528270546325232 -0.0122793058341709 0.0114480676101025 -0.0139210922729227 0.0276300029800472 -0.00070605560910545 0.00218380869588407 0.00726764257016448 0.00952424863294547
1.00508634323268 -0.0161169774221595 0.0136330027423968 -0.0114326337899729 -0.0192664125740877 0.0157154628485101 0.00243100352564253 -0.00973151729407198 -0.0012225892682375 0.00653047663800085 0.00332995916712744
1.03129308215184 0.00174101542253883 -0.0152572335945582 0.00720783710663009 -0.00922092939531119 0.00467406813527222 0.00462645133133163 -0.00737794580036135 0.0191536465152903 0.00313424037995871 0.0137107605177408
1.02461992311909 0.0122110807676493 -0.00189502609752732 0.00651843639099366 -0.00333592009126628 0.00930018448262683 -0.00226853095813198 0.00761090906758712 -0.0219125734544272 -0.0108900190982297 0.00349565323644072
0.957439625737382 -0.00469644263337209 -0.0118190236699933 -0.00582607020198152 0.00010501504221126 0.0209885792860076 -0.00329760190534111 -0.00450529956378482 -0.00292472413411592 0.0039056476919982 0.00650098140119648
1.03867437686961 0.00305388360819892 0.00916646294235992 -0.0140287819443971 0.0103107909786483 -0.00904139134887278 0.0189330313126161 -0.0222081426880032 0.00636983408794563 0.00954983697334372 -0.00837101172608596
1.00456463169032 -0.00469110609213535 0.00902360927187661 0.0170671483230362 0.00181187357112655 -0.0032078927941113 0.00122199778486841 0.00573821346724524 0.011176681746997 -0.00529461179236557 -0.00176991537591043
1.04900842698635 0.00998416148357972 -0.0031916229727974 0.0113868534221639 -0.00129245056233864 -0.0063638865657784 -0.00456678670653547 0.0170360689965096 -0.00625971002562956 -0.00356640411530259 0.00437529444706228
1.02456230592239 0.0110514927253986 -9.0626013839994e-05 -0.00152001670370547 -0.00796515179314615 0.00405811610660346 0.00545995495578102 -0.00670353957994718 0.0160582547962928 -0.00484721852623613 -0.00946247529466833
1.04370657652515 -0.00251096885342802 0.00352421842281673 -0.00195509087181769 0.00717640537911848 -0.00823152660046134 -0.00254057778778514 -3.52062766686653e-05 0.00639090296862349 -0.0165318044864744 -0.0154977469184984
0.978924966967738 0.00146856518389523 0.00402418983266202 0.0137623872323964 -0.00792783103126502 -0.0076940293931654 -0.00456131217491797 0.0124805143159102 0.00156171975698029 0.00874091616595342 -0.0159429814221135
1.00921070571004 0.00239867941913743 0.0119446668374541 0.00541160499477957 -0.0259118477862729 0.0114875521729085 0.00780321093896462 0.00902006724439358 -0.0154238746818791 -0.0189225877687432 0.00719992322364072
1.03480075270173 0.00329908278612577 -0.00137794706841386 -0.000884156131721639 0.00761364055511821 -0.0136741376500931 9.46786496956217e-05 -0.000282893765487372 0.00415182631703419 -0.00721706548343282 -0.000762636253625178
1.02531205585715 0.00647368448753505 0.0041591238912809 0.00535187171451212 0.00458093781904079 0.0017943416329518 -0.0105977157991895 0.00645171552886633 0.00393071703636561 0.0124908074367236 -0.0101283201721371
1.03400889412431 0.00563310484085127 0.00853385126936428 -0.00666504795635255 0.0133639660996709 0.00248125003667556 -0.00427735955514715 0.0129360945069899 0.0114096652998703 0.0131062666755669 0.00208948489706056
1.01012643278459 -0.0170155991779965 0.00548306736505718 0.00402695844013597 -0.00436719070671615 0.00616316455139477 0.0092034975077272 -0.00170815572564675 0.0014708122719515 0.0223987582208341 0.0168970016620226
1.12413478396972 0.00231693343690277 0.00361729401823337 0.0103597603906606 0.00663547851284875 -0.00217180350127016 -0.00195835726974962 -0.0121995985707632 0.0161508165282205 -0.00202675832088548 0.00963864815552169
0.982080258559531 0.0137822091847218 0.0201502230663516 0.00671464252600706 0.00162725920992037 -0.00281132975528042 -0.0101976436125377 -0.00228051385364443 0.00477743329971646 -0.0110707645187608 -0.00558545952739458
0.940388872885536 0.000263061835182789 -0.00945598974491342 -0.00504186120479322 -0.000627599587897168 0.00707665723349366 -0.00620022046864476 0.0118286282084847 0.000137267656673452 0.0203564626157244 0.00375159263879464
0.970078584522246 0.0107147818267928 0.00748233557421178 0.0121576480140637 -0.0115617073229543 0.00379786360059725 0.00631876641654115 0.00513234460775436 -0.0159016259168096 -1.70181857975155e-05 -0.00745807752309173
1.04542290044188 -0.00885388508707352 0.0091849298353479 0.00154158041909093 0.000861778466138724 0.00351097541191719 0.00406815345456548 0.000879251625754985 0.00405615459189803 -0.0071576979031493 0.0130262445958592
1.07333523129841 0.00194098764754313 -0.00806060163112011 0.0199745499892542 0.000735757568874148 -0.00345771652094761 -0.0106093433729316 0.00520420709683761 0.0222095244721549 0.0114456788813861 0.0220479023861253
0.969853999282485 0.00611576561075236 0.0160393111418543 0.0164724192694153 -0.0165904111689365 -0.000548838852664529 0.00643001877339544 -0.00773651737111099 -0.0119058519817497 -0.00755583607208729 -0.00152175888245546
1.07729695077149 -0.00468731889331513 -0.00510891117749378 -0.00925545374631431 -0.00464959582730586 -0.00070698228512415 0.00375976675984047 0.00846728050622861 -0.0103258369345272 -0.00242190166400079 0.0032939871621204
1.04697069067463 0.000505643891933001 -0.00460600943603023 -0.0176305339527911 0.00740743196231006 0.0122756750117777 -0.00675968379216696 -0.00132841294047132 0.0188637305439614 -0.00376415742397561 0.00913540246827987
0.972228475145817 -0.000692399957883735 -0.00134646187683246 0.00416860077935771 0.00586059392568143 -0.00900554373812242 0.00942136657356836 0.000389077583022635 0.0015007804851118 0.0139748028847521 -0.00287917661280348
1.035585890188 0.00297860678058364 0.011378436778027 0.00348078235493347 -0.000400235158352315 0.00574218469654925 -0.00950004106254456 -0.00353389383651675 0.00507105903395307 0.00655977006232228 0.00299506074424271
1.01591234691892 0.0102544509178057 -0.00321879898419451 -0.0115028942492521 -0.000836092243250821 0.0078168270325076 0.00418155035832732 0.0100762348812403 0.0158621558029499 0.0129531905706895 0.0119311584288502
1.04506110615512 -3.37291332412617e-05 0.00875569624960327 -0.000264588231759605 -0.00375149654695867 -0.0135954897901246 0.00105345070057733 0.0028841282305645 -0.000700707579478511 0.00588800164127879 0.000908505006110792
1.05045152881034 0.000299012584584627 -0.00172231786573826 0.0103189419816436 -0.000499944684155443 -0.0107946472519329 -0.00407709006434566 -0.000726534689033741 -0.0119290304255254 -0.00264521123522395 0.00777749542597992
1.0506411587376 0.0119216415770588 -0.0282706311656607 0.00230539798827399 -0.00298929524442391 0.00444595024483451 0.0140126015287247 0.00538800128706864 -0.000392976968487544 -0.00146398241284081 0.00454920827495106
0.953590132160707 -0.0213849391500172 0.00502158326693545 0.0143764774627834 -0.00610323461105011 -0.0175520344752503 -0.00603249149433344 -0.00290332336098717 -0.000363543924513012 0.0136079520117447 0.00312265448719187
1.01124878375431 -0.0141405829471375 -0.00312044115640829 0.00839570844089857 -0.018749182013938 0.0169098196648463 0.00518639760311344 0.00128624060171085 -0.00373820417562082 0.000160315677042021 0.00271305658946423
1.01514349059292 0.000421852045442875 0.000948313468608023 -0.00251471404786873 -0.00200628568694632 0.00183468827377769 0.000205901315036323 -0.0108334990472427 0.00458566422103651 0.0191462345429589 0.0121866490956008
1.08906652357132 0.0322485621392007 0.0133366610838224 -0.00595456904707703 -0.0174896376549242 0.00711471049472484 -0.00199310117940024 0.00379160054774485 0.00353003937525506 0.0054175450145 -0.00819853384201192
1.087832087314 0.00735245323570873 -0.00109264877901954 0.0187243176049403 -0.0201312359827135 -0.022755789746456 -0.00774926792793744 0.00326352370458376 0.0149879368039715 0.015990544707931 -0.00643169850735555
1.01365963120231 0.0118900569991591 -0.00111686701421096 0.0173387433498403 -0.0263926163854797 0.00427800931802969 0.00658172009787839 0.00302888307284009 -0.00618678933870543 0.00532046944123798 0.0213172933522009
1.01636759847596 0.0146021883492652 -0.000245737091476436 0.0184191185574508 -0.00534287793720512 -0.000809018540982587 -0.000590562981743628 0.00076922542173674 0.00273730676958139 -0.0164516095804353 -0.00151273141393642
0.98338436148664 0.00282159555362567 -0.00191134241040354 0.00858420680853246 0.00302295730868826 0.00725050626649609 -0.00875999594758406 0.00470146832199684 8.79445428341744e-05 -0.00779216255252552 -0.00761501857610223
0.982498715184555 0.00257174839932004 -0.00990215817446774 0.00438966923446088 -0.0127034224656028 -0.00246832971654693 -0.0043999802427054 -0.00264961983083094 3.84267319604265e-06 -0.0169793038283724 -0.0094402251805461
0.978884505467623 0.00515653559691313 -0.00491134131197224 -0.0103557482442117 0.00391637299095046 -8.5185085383601e-05 -0.00496113184775151 0.00418725661800008 -0.000769189330842591 0.0127618640715134 -0.00896032813617709
