"V1" "V2" "V3" "V4" "V5" "V6" "V7" "V8" "V9" "V10" "V11"
0.983873303611632 -0.012503535514019 -0.0226713103649025 0.00377474846279833 -0.0032032732776448 -0.00400351734672779 0.00172392797355216 -0.004010980775469 -0.0120396246551354 -0.0211337839289268 0.000915984450461349
1.05902918302825 -0.00706034605253259 0.00909492824124221 0.0102351794492989 -0.0107554591135947 0.0149497876993952 0.0126631832007028 -0.006795811424064 0.0026872143449157 0.00174906049460973 -0.0109562975377007
1.02411497315644 0.00233655353988683 -0.0123000005324003 0.00805113458757503 0.018332334085025 -0.00236480761442329 0.00238768409176933 0.00525266765146411 0.000818365338492927 0.00301783956893267 -0.00157609047071266
1.14532049287232 0.0079362281088065 0.00390199275989719 -0.000269342030540208 -0.00430704506754315 0.0105521440714753 0.0178511309609995 0.0069123652502293 0.00398414087634843 -0.00151813530297911 -0.000337972008196139
1.00948294610641 -0.0150242843619438 0.00492938412508994 -0.000493832747107855 -0.00455571124743117 0.0144016712212206 0.0126313606183305 -0.0160009923481308 0.0169546843693373 -0.000322851052286016 0.00538347518345774
1.00426237066678 0.0206728336414749 0.0223071354614593 0.000123300998350739 0.0100362765755321 0.0103608151655851 -0.0118061490040549 0.0215345419695596 0.00309176259236747 -0.00756152998289317 0.0133654280655217
0.961651078270257 -0.00660946924272973 0.00963747614386529 -0.0353450217748253 0.00861056126564272 0.00830044863366861 0.0120211685229057 -0.00644092778701912 0.0155914295143394 -0.0022835705763175 0.01348993288745
1.00647170064392 -0.010099731543333 -0.0035855495591463 0.018647368523855 0.00503646457520162 -0.0174139958722882 -0.0133132812408521 -0.00829582505812484 -0.0153244588741819 -0.00413063271254634 -0.0147527753281978
0.98968415076143 -0.00334556569231642 -0.011128290459475 -0.00638232574585564 -0.0275332845503791 -0.000831995251355831 -0.00740904884551127 0.0133246465272505 -0.000693329027491965 0.0126550263708989 -0.0119844908150177
0.900074083438598 -0.00290453756246686 -0.00304455808978811 -0.00386224472450055 -0.00648887596211511 0.00342236569925658 -0.000908747717444819 0.00540656383019547 0.000895931586653081 0.00717716413317363 -0.00426773431772496
0.96874485014543 0.0121983790904278 -0.000969172635826273 -8.24159620248808e-05 -0.000579246087870454 0.00451201780643793 0.0210534061734272 -0.0041640124936705 0.00538198314700469 0.00631931396170807 0.00933706578968438
1.03081435959097 0.0120360259483562 -0.013610537358808 -0.00215078070448949 -0.00741992795108253 0.00819349778072733 -0.00527271847470332 0.00802923227117489 -0.00760908576419227 -0.00239740036514268 -0.00644847243445551
1.0154606925113 -0.0253196007537705 -0.0090475679040712 0.00527126450453004 0.018373699719782 0.00228339269351404 -0.00873065795074716 -0.00346408812109413 0.00485272951870046 -0.00313234711332639 0.0217821330273513
0.973275442757415 0.00381886810361861 -0.0133272005944466 0.000836528191200468 -0.000266143391213159 0.00439708995903637 0.00416350865136609 -0.00669967304509059 -0.00349173949670078 0.00880677354773064 0.0090154785067076
0.998524697543447 -0.00802062052650388 0.00920615136405412 0.00485811558009119 -0.00129435294434523 0.00061228570619344 0.006666907081581 0.0113625830306131 0.00194871534401051 0.0126261570767641 0.000770888184249887
1.02567203243559 -0.00736231580140825 -0.00888852013084149 -0.00883917794972049 0.0112665778133189 -0.00807564614696453 -0.01028156579731 0.00289974109017912 0.0199525739962894 0.00741927458686967 -0.00195163848319599
0.949674109401653 -0.00306368741132035 0.0116803427873253 -0.00758426533798098 -0.0277900472620759 0.00730652862656832 0.0115920380610726 0.00737091164233779 -0.00242130594220883 -0.0134727482612065 -0.00311832573561611
0.95687428853915 -0.00434954776800238 -0.0023146756874349 0.00878871167833166 -0.0177725077726971 0.00653890280482368 -0.0228958009682816 -0.00790433140562562 -0.00305266392296006 -0.00620466647013463 0.0194647802835667
0.984482289258275 -0.00251972312244984 0.000467693253742787 4.34361494680055e-05 -0.00626369043889422 -0.00406221488574692 -0.00644134507414149 0.00288465878240836 -0.00207665207691145 0.00795147992587979 -0.000327709918185991
0.981082038432132 -0.00803277958557727 0.00416982601440891 -0.000675120740819504 -0.0155491421769899 -0.00868195860705612 0.00715726418157777 -0.0104540622977541 -0.00676840418417126 -0.00804418635744494 0.00833690616933648
0.971339162917735 -0.00490249361345707 -0.0099090267439907 -0.00436811951549555 0.0095504312073808 -0.0202401918125318 0.0158369841006418 0.000418694019271022 -0.00650659970362099 0.000144407189463066 0.0067607304149035
1.01828106641664 0.000134649539558625 0.0141878640423687 -0.000759057641015233 -0.00992658685077057 0.00457557451108576 -0.0123307157009324 0.0162944628178131 0.00573457211283232 -0.00723904498752288 -0.00487276961677057
1.08133390504579 0.00619076758058468 0.00395927861733339 -0.0119814590158652 -0.00894021841903953 0.00703289363664796 -0.00420565266942378 0.00544169375593596 0.00245576457349276 0.0290974329234025 0.020334810651754
0.937122252093825 -0.0129045467732458 -0.00642046727323783 0.00358132757790036 0.0116784365890315 0.0223988863666593 -0.0121961551276991 0.00617900889523319 0.00538999998952084 -0.00684127068546542 0.000788565097675081
0.924970663372534 -0.0137216419881188 0.00670234131470458 -0.0125553042249226 0.00360348625134066 -0.00624348770588771 -0.00262323517755588 -0.0122372068486184 0.00371562603215542 -0.0178486560030535 -0.00104157692866753
0.965557972067366 0.00452939675518072 -0.0300540346568148 0.0126281945875076 0.00782138670149425 0.00660983566623558 -0.00968176296843362 0.00705828048238882 -0.00570974785120359 0.00308572941804037 0.00998811003008275
1.01912497432358 -0.0145703830959696 -0.00905078437839688 0.0112885647169712 -0.000776084464710155 0.00305817528119898 -0.0173443381519537 0.00407483234136729 0.0035101423684739 0.000506506352040359 -0.00328200607888698
1.07090013341296 0.0204597109792402 0.010063285875326 -0.00304469691421035 0.00438651433309114 -0.00908601914418502 -0.00237922226942205 0.00565482499958521 -0.00996613047430506 0.000706109031223936 0.00197534790803897
0.956455279391185 0.00423063206554036 -0.00550835881263953 -0.0103411263789776 0.00991695533409269 0.0105053181905533 -0.00681652779439355 -0.00425406608490756 -0.00639804518391235 -0.0119768653796025 -0.0044574048385659
1.00329620440803 -0.00725975961417673 -0.0221044313307123 0.00552458936054133 -0.00645483704023492 -0.0115565127739017 0.0177711203320609 -0.0132962824307391 -0.00949287986058083 0.0102804992518906 -0.00931725987635579
0.96203845461416 -0.00427871766687834 -0.00548016826890167 -0.0122657896755849 -0.00831342651962756 0.00280056634121708 0.00398207913342442 -0.00184618948701833 0.00056828138673231 -0.00526445152163358 -0.00430424863849802
1.02742635682433 0.00829103363352525 0.00338624275875492 -0.0218200967290221 -0.0231197678460353 0.00101308342952665 -0.0062072566682969 -0.00765799211580304 -0.000212914214749591 -0.0103726162969892 0.000809925877627211
0.904838421413711 0.00211061263663762 0.00913659125576445 -0.00678262194785506 0.00854314067930674 0.000931026048189855 -0.00189217944788597 -0.00445252712923784 0.00741398251284833 0.00426351653884336 -0.0200508910326634
1.04605874391614 -0.00863786233212988 0.0126973418488871 0.00714216413414582 -0.00253677070988981 -0.0039286150941731 0.00021418709221291 -0.00308782910223378 0.00365007845567286 -0.00329444042517752 -0.00698131878629099
1.01907964421097 0.0067201773606142 0.00986802822120569 0.0122327031819747 0.00780427797517998 0.0161789535350463 0.00216598942294955 0.00113512611353709 0.00102886001479795 -0.0142013023055068 0.00761280668527145
0.977885740789761 0.00423781984697421 -0.0148567944151487 0.0118659608920346 -0.00162944181912694 0.00114567608838351 -0.0228939251806745 -0.00520856961575178 0.0187728358161837 -0.0023289535157802 0.00625999161756694
1.00172534412264 -0.0173775939637061 -0.0162329713492686 0.00333113368869378 -0.00218738930000909 -0.00197151442900795 -0.00448276559245599 -0.0161201249778636 0.0182817467308995 0.00150797599450807 0.0168356692838429
0.954252800518208 0.00827075520546427 -0.0189325071474059 -0.000920068211696789 -0.00934703869523798 0.00680174454056168 -0.0173606178232621 0.000757468726524637 -0.0158155785007838 -0.0069734822389382 -0.00514531879450509
1.00969559802964 -0.00132191613168714 0.00607802312030779 -0.016866081272297 0.00113556169527814 -0.0072473408783341 0.00307350469763292 -0.0160615567560432 -0.00237016628090136 0.00768781033123395 -0.000389855254020732
1.04742269294899 0.00746077979374046 0.00629771312498915 -0.0065596990479204 0.00430398878542574 -0.00598878104062825 0.0129954371876467 0.00790790785179094 -0.0247045430757297 0.00109902109583218 -0.00477920031155743
1.00283278956957 -0.0042521517160288 0.0186783210234415 0.0120408866428305 0.000370477510339123 -0.00770933458318406 0.0116603371606551 0.0298370881408522 0.0083390103587643 -0.00433716258290359 0.00341209588903258
0.949558862831527 0.00963274699704714 -0.00955292056559358 0.00435545334806468 -0.0201229533787832 0.000236092917935592 -0.00746978403060236 -0.00465198552993807 0.00521020234729032 -0.012549896088972 -0.0122842456475989
0.888555031523832 -0.0129507862805078 -0.00263855864492308 -0.0112984567161926 0.0272366620470582 -0.0056013821071015 -0.000854211719616322 -0.00973003902170295 0.00507713683204117 -0.00107651267109606 -0.00595211556085271
1.01282649429129 0.000699673047463532 -0.00698566317343499 -0.003171617967635 -0.010046278810105 -0.00692372954324728 -0.00508786212860419 0.0118409251226368 0.00263381483593921 0.00587942904942567 0.00757331341390399
0.996629239176694 -0.00595111806282516 -0.0277537393688576 0.0155013456544601 0.00167068134566908 -0.0110501147941142 0.00581965919245983 -0.00714738815062099 0.00149549993955127 0.0134663066932251 -0.0107148009483327
0.981064021922834 -0.00260241884833397 -0.0150314063932025 -0.00553808427439004 -0.0153904865322544 0.0153464793498862 -0.0154810510247915 -0.00667655938414387 0.00659109621146548 -0.00370236150606861 -0.00147203953115966
1.02770407361038 -0.012728160934833 -0.0139427886195181 0.00408988636556786 0.00135086335599235 -0.00814360659622835 0.00294335915037428 0.015360663513948 0.0108005044383851 -0.0112594625034395 0.0062377301762978
0.986613956070911 0.00246814209147582 0.00745793547996282 -0.00164490697282107 0.0161933101466133 0.00275371084125359 0.00522284536424546 0.00461528196109378 0.00154959470180281 -0.000740062987107413 0.00405883581156867
0.987001262823676 0.0216784786391549 0.0101999204845936 -0.0103550471528024 0.00203639691675881 -0.0134561963484503 -0.00154195631978027 -0.0174771077230972 -0.0102761313769117 0.00623150923268276 -0.00395144148576275
1.07540047589449 0.00740721950526836 -0.000261950959942361 0.00425074046927289 0.00260093721622417 -0.0148921078411256 -0.00551691986190697 0.0231678234454703 -0.00238128273092454 0.00500741025151318 0.0155462900250925
