column1 column2 column3 column4 column5 column6 column7 column8 column9 column10 column11 column12 column13 column14 column15 column16 column17 column18 column19 column20 column21 
1.0161910482210037 -0.008418938930373586 -0.025510928203013847 -0.004758530224498267 0.00480920378072057 -0.0024152541030034898 0.012268442471391734 0.0018960435573599538 -0.005499403469565066 0.01211294245705654 0.011747512778194625 -0.016778944714690353 0.02741357990209309 0.004490114621087404 -0.0010741864834958243 0.000835768816905578 0.020324355705746353 -0.013774081065731062 -0.001111193707013721 -0.01471151885662058 -0.00842427502820213 
0.9892173414840858 0.001392951316508179 -0.00434057092540031 -0.004165127088000933 -0.0018751172248385164 -0.019100368600226635 -0.006898150910910077 0.004191587250224444 0.002743076048365996 0.009748212022952061 -0.026233325442957197 0.003953498744601514 -0.004155027006659215 0.0212477186260252 -0.004597865024247729 0.018070556049041724 0.0035649158929869345 0.0034743179380472646 -0.016456802690519905 -0.0030699898626602553 -0.002408867098681706 
1.0312717485061413 -0.004815687985121567 -0.004074876470878417 0.011399384048339152 0.00470828402332497 0.0024292134431253554 0.0169540298675334 0.006830415811563787 -0.00221182129522158 -0.008432728130583404 0.010231051605424184 0.011512922639814628 -0.015515348017805441 -0.004014941948711876 -0.007601782558022797 -0.011353819297131782 0.0006073132743635468 -0.008362298360604302 -0.007311768612384152 0.007269254257848688 -0.009463340980767971 
0.9858456145983894 0.007004941598254516 -0.005104261067942941 0.0093570135177188 0.005862379535247454 -0.0077237572659634044 -0.004837606429577036 0.016321266761905418 -0.021298247219099346 -0.0032854465862312866 -0.01816808617889106 -0.0021899223940353885 -0.0061213643565076374 -0.006803753835843016 0.005107779200889893 0.00823171541274622 -0.00699635724701186 -0.002021514224798377 0.0071611084455820385 0.006530172514199072 0.020072295154505225 
0.9805996401495828 -0.009234654194684269 0.004014843447158446 0.024245760302458987 -0.010829579663420234 0.0029020445735142516 -0.00652253405644487 0.005456360781055011 0.01104632590937462 -0.006731322259475909 0.011822512226828633 0.002849976731115242 -0.0021545442405864717 -0.00401944674550041 0.005594197600741832 -0.0066272039526394716 0.01072769281790718 0.002515252679566669 -0.0008020797153970974 0.015997023659503444 -0.008743443998163805 
0.9658653116359561 -0.014650470987211185 -0.00631224849444087 0.005475055963602839 0.0015605413388814111 -0.008293003758755848 -0.004743001662594311 -0.0032403528290474645 -0.01117858750804632 0.02182357611301283 -0.005102082263473428 -0.005870069588027085 0.0035023733702957338 -0.009791757801495264 0.007717705218350943 -0.0033181733937481844 -0.014818434238435728 0.0005668063531876472 0.006646837477602283 -0.012877318301490982 -0.0018872759629124539 
0.9433000302782428 -0.008294605238441504 -0.01138178960058204 0.023499279154275982 0.007119583061176421 -0.014439950455413362 -0.008093469609287479 -0.0008639965198335177 0.004015146695025931 -0.009298176297837097 -0.004638615400357175 -0.0133355096769597 -0.0038009123518383974 0.007577792963398501 0.004155323727167426 -0.002313552952882583 0.011968203369845219 0.0015160341992470723 -0.0015169542166268643 0.0038760717781839787 -0.007398363123567007 
1.0030014998575099 -0.007547443086284122 -0.013950132280598855 -0.0005385426432673618 0.011244736225315053 -0.0002774441490627079 9.221096257094656e-05 0.011301214618509095 0.012585936054676467 0.00018612995333254067 -0.018528314450728053 0.005919733294649755 -0.010046356022301113 -0.004986687815191246 -0.011916602408173495 0.02795196486218739 -0.00023721007804661313 0.0111152858719735 0.015861464335794086 -0.0019613261668718794 -0.013191489464711046 
1.0017044193131428 -0.00075444824931339 0.0046751028968305365 -0.012479933930061634 -0.004175541740857412 0.0026929023333130057 0.0002719252620070847 -0.00031095282671860994 0.010388869093257775 0.012161496787108126 -0.009527921913587964 0.007296748340742945 -0.00919737044420983 -0.003109642876978997 -0.0014151638483910997 -0.009050239827686782 -0.012308189645186747 -0.0009000144294425273 -0.008886632794061133 0.0028724066143163 -0.00987369697820032 
0.9843043896712261 0.0012121813337567092 -0.006040941232434752 -0.011141351970807204 0.006545323125729288 0.007324769019084756 -0.006536537191411944 -0.005689981979258834 0.0002570844666275148 -0.014597420808640588 0.021964585964398663 0.0009145337768439875 0.007241755512612287 -0.006458108154429008 0.015555647617728756 0.006019173094567377 0.011405770135958478 -0.0026050209594376443 -0.010986932924786101 0.0037780675679850444 -0.006418515409449161 
0.9509174411147662 -0.011938768678286023 -0.0064384482448987465 -0.0037724195886175093 -0.0014629817782610224 0.005228695094472388 -0.0031554906304041325 -0.00827552728396938 -0.002321177183796991 -0.0006564980183842449 0.002091825158073363 -0.021679995521762415 0.008768974236470281 0.002947059997015533 0.021459917156058134 -0.013566143133649369 -0.003287672905839123 -0.00038583694908367935 0.0031050679521509466 0.013836053801115616 -0.007658559681895754 
0.994072761917777 0.010210492942196716 0.003190248437423049 -0.0035935389887751627 -0.00022393979395399132 0.006166539897420605 -0.0012006061779013932 -0.006136059396250155 -0.007383158853865997 -0.0071760115363209845 0.0019334394599497778 0.003793408809426966 0.0007225813910700124 0.005244665032936919 0.010781516372882709 -0.009274882157697666 0.014932390927566874 0.00023274780220027192 0.008256007094635715 0.006830242285547623 -0.01791658705605762 
0.9349791984267436 -0.010412281585925139 0.010502982937688034 -0.004788544586418222 0.0034024806060261683 -0.006957918264024436 -7.130969078333692e-05 -0.005649114630171334 -0.0010069992163085693 -0.007434831867138192 -0.0038887541702178376 -0.00999595546867748 -0.010798950200890434 -0.003918973284271325 -0.011188252379832666 0.011188706524891477 -0.0018162035325671752 -0.016066968114489877 0.01206755827030582 0.02249464587776186 -0.020598234213364194 
0.9796423513786195 -0.011329020240431285 -0.009146211271072681 -0.0009031310257162311 0.0038930608955657893 -0.008483769971724918 0.006966083353786397 -0.007458947145496398 -0.003101340795377569 0.014929650623630946 -0.018893701263022176 -0.0009530113241098564 0.011120100320184885 0.022117463650220222 0.005194244015304182 0.005527928289888296 0.009416121076458187 0.003275489903566397 -0.008310202540887622 -0.014723366111286123 -0.016077322101868196 
0.9686537680501726 -0.012586908164060107 -0.0004987605415848529 -0.0033410185466187375 0.013293573889136007 0.001583448245034598 -0.01523565270428826 -0.01220715219120525 0.0001927218576119606 0.006783370520629779 0.009904457536766885 -0.007970724241981251 0.00985643037601578 -0.00695805730825901 0.007094630529691241 0.006691963673470969 0.007158900382581921 0.007498138324780706 -0.000831148722954813 -0.005956916014144561 -0.005329921174442704 
0.9717487660793311 -0.0013211973817986963 0.011052614377398264 0.00896256961886666 0.0005940129891763611 0.0018450558988115837 -0.005581889318512912 -0.013117076810566213 0.012737587012798297 0.012960652013059498 0.00020790589538742952 -0.01234110932630598 0.002227073161078429 -0.004237206856496544 -0.0081644276879429 -0.0070573124626920605 0.004952469261773971 0.00806043406999783 -0.011405350088223725 -0.00515117173847648 -0.0006257576620238359 
1.0168532059018023 0.005121657491013235 0.008534139118686376 -0.013732429856105064 -0.0001957731683567071 0.0015804500126122914 -0.0018183790198911596 -0.011219124646284969 0.02020373520677778 -0.01104936207724876 -0.010277270628078133 0.008185606664149173 0.010061617376901196 -0.0028544167769568463 -0.009338680646016515 -0.0001524161717483091 0.009918943059693297 0.009573806848703844 0.009231892280780927 0.00962009531043299 0.0016882363142707362 
1.0149270097677512 0.009467061835400385 0.0064399532996992324 0.0019096699290022398 -0.011210420271751002 0.0010246631844768523 0.01458487763877981 0.01283884663284591 -0.011804986073618448 1.807150399299722e-05 0.025202484750827966 -0.013865475762490307 -0.0037182410333422584 0.0007616797437918013 0.0001245186170728189 -0.009202087593674363 0.00017236969682046644 -0.007832699080806653 0.0011012802404730727 0.005505851682397789 -0.01066034645348047 
1.031237490009786 0.015670386905155372 0.011577920798148162 0.017220436571827508 -0.014833071654370708 0.014110480720631846 -0.00036620311857368923 -0.005868450295037952 0.014251282928443874 0.01987826592029283 -0.005944938761975621 0.002510767082164207 0.01240020157196201 0.0035869143365610924 0.0046608947639065965 0.003651382493874048 -1.0275127166351289e-05 0.010095922673285938 0.008354211914198774 -0.007822544176325172 0.012484952363214228 
1.0187031140973675 0.0034372297963235644 -0.012180404795532718 0.00021272560246722903 0.011909853993150074 -8.920426900194424e-05 -0.004367861199708292 0.0010726364460648548 -0.015447165051815846 0.004670295012490743 0.01152906954355732 0.0028063277947644317 0.00554630789421432 0.006306322428744581 -0.014968032231139967 0.0006762007892906008 0.012162897572819572 -0.013832788886229764 0.0010149594316672438 0.009868779835112784 -0.003328196970582417 
1.0337783566443086 0.010082853989400176 -0.015926931824522057 0.009862818120072198 0.010697580371777727 0.00991087435677199 -0.002622264121365403 0.007936056207844235 -0.0064910235919028005 7.447639388496959e-05 0.011758577368723695 -0.0005471821873145149 -0.007981101443131642 -0.0036734091501945195 0.0037862104933805638 -0.004502054138433741 -0.004576528844729101 -0.013115661186073362 0.001082755081063471 -0.0007146435043986607 -0.0033685822622540294 
1.025692546532992 -0.00593603528598264 -0.003167741379591595 0.0035206453701082546 -0.005072592291955955 0.012026135479499139 0.017943142809100986 -0.0030094183068727037 -0.010350059480512059 0.004038884162707273 0.01604359655401195 0.013902685020957513 0.0009250908227650519 -0.002191429952192971 0.01114303656659796 0.009035141572887996 -0.028516659390799226 -0.016612423187132415 -0.007293364934849669 0.0007554971815838871 -0.0030784955144111444 
1.0146467492141917 -0.00297699915719626 0.01749340921352385 -0.005175769070517546 -0.00215168077031313 -0.006076081849875736 0.005539108840016367 0.007560307820867333 0.004596784666429219 0.007929121735362811 0.004512255115693532 -0.018357134649140038 0.016150629943519516 -0.0010526763071181352 -0.0020483828959033134 -0.005771591446188213 -0.003854346937986194 0.023130651592038906 0.007082994114596659 -0.0019692359492184943 0.002862379478583722 
1.056138400656261 0.002744807475646494 0.010128608213265087 0.021397682260066834 -0.005014751339279392 0.00038306487282853635 0.011148951650672737 -0.003985376048544987 0.019791666308753224 0.009220673822427219 -0.0018949111878387047 0.005678487652312991 0.0007344640118007371 0.017395535126998353 0.02205682822592593 0.006166397968990695 -0.010817602056739532 0.003744272704025131 0.002858674547043067 -0.015779665371715865 0.0165492202449806 
1.0284730560470052 -0.004326994782776152 0.012149355452707289 -0.009659279957381419 -0.010075795084172768 -0.0013310237320735918 0.004432492324200426 0.011923074123076902 0.010463024811344939 0.007279938814614002 -0.012176628363885708 0.014537057894491539 0.01181580069408224 0.00748750059030285 -0.0031415884297030473 -0.0005598082656450838 -0.0017968171279964227 -0.008255836955446209 -0.01704483753418119 0.004902395688978187 -0.004719060871255468 
0.9778334268319228 0.011544733809915999 -0.003948417238280005 0.0010408121253141114 0.004655219680814269 0.018054698642969956 -0.00197687273180241 -0.004052922509350882 -0.012265079464113687 -0.009358776971896545 -0.00344108215072958 -0.0032537916540616918 0.013979208226480529 0.004810386894763024 0.005001017991302005 -0.0031787285685246957 -0.01756834313852979 -0.0010714239849171623 -0.02036088219683216 0.004426772706320932 -0.020107426862079062 
1.017586451916319 0.006980246604496053 -0.00012568098951418427 -0.009332909202359433 -0.013452210802133038 -0.0015373295630291834 -0.008634468772024912 -0.015470826199269077 0.002213583741765927 0.01936239252780993 -0.011158865262763218 0.0026207265964520816 -0.00425324567906736 0.006466852037726039 -0.005405770747990546 -0.013925295400394302 -0.007281850382547447 -0.005466104530722806 0.00036335028638239823 0.0008530423477448342 0.01179141996860699 
0.9828803895270463 -0.014846771930960382 0.002584879222574166 0.0013405406352504279 0.0024412780485010862 -0.013430497924284374 -0.008834060694334449 -0.002778997074486135 -0.008160845372593853 0.006729558247111981 -0.007913507442107838 0.003066145180490042 0.015658516627537887 0.0018698253078898686 0.007770892980849181 0.015355533471830517 -0.006418222535044829 0.003058045549797912 -0.0071429878386227675 0.00031672727349525226 0.011191199065407983 
0.9413092200219344 -0.014784252612866429 -0.007885726807214468 -0.00590341535193176 0.006857029696076084 -0.011265873561982671 -0.0019043836294706713 -0.008261956394142055 -0.0028770479044864356 0.0019210993609520373 -0.009920054538548091 -0.005400649004492213 0.022644860180738715 0.005816602943758302 -0.008019726791783467 -0.006380521231044786 0.022424852853419185 0.008144947196256611 -0.007719561122624161 -0.005391112189644658 -0.02454433771992288 
0.9133774562995459 -0.011889025793028859 -0.009961675683962275 0.006409370666778144 -0.007125258256465428 0.01403705498118626 -0.02364501556776351 -0.002188929726795228 -0.010922109488616622 -0.0062985800461501885 0.005118638525328507 -0.00219128868802538 -0.010476196083193818 -0.004968016877585308 0.005362160812018262 0.007899910001755866 0.010835133837117037 0.001711010883165501 0.0009838765573700987 -0.005672037439529939 -0.008106366801757352 
0.9845205259315316 0.009618783847114405 0.012152522540955063 -0.00883401090827933 -0.0007886282305940839 0.01079999836979594 -0.01621209408629578 0.0028517935951642803 0.010891799545996854 0.0014645342611322094 0.009159696103103727 0.0035436097694416307 -0.014744657381139666 -0.01850364935266133 0.0032045979840084273 -0.01270039349018209 -0.004905950584748646 -0.017793679108087487 0.008080513739666693 0.007697501354655749 -0.006199823713242326 
0.9935725217787541 -0.0018152981258097581 0.004129825511899839 -0.011100141503011923 -0.00786596930490353 0.017012886412609007 0.028507743502492928 0.0022024944575721613 -0.002997058967718981 0.002891234401061062 -0.006785492296818855 -0.0009885335608444974 -0.006958760822427734 -0.006228464698522559 -0.014374952265984065 -0.007638141388675812 0.0008205996748136604 0.009975688638105358 -0.009180321639918386 0.012750938016825886 -0.018212360501758177 
1.0021313774896123 0.0023884780368346363 0.016245792073354297 -0.0024231528612878917 -0.009901928950074204 0.019477395715861018 -0.007114941238148054 -0.006101850255373199 0.004998030953794606 -0.002886939098520478 0.0003255221820367526 0.0005219238875786295 -0.006006166415073219 0.004384247546384233 0.0038291390586064106 -0.00281104961495151 0.0002521288905105489 -0.005523177665610625 0.008905225519092553 0.002057724701009276 -0.0009100486826543316 
1.016878635334273 -0.00764560456237208 0.0033353891621644848 -0.006994978330172591 -0.010203531002807464 -0.012608412171396832 -0.0008629143599411883 -0.0025657174624067443 0.026553077356328315 -0.017442070645746703 0.01507581880783663 0.011649566690078939 0.0011543826261945468 -0.0036835034487962275 -0.003236171527604294 -0.010327829099307202 -0.016238473954463963 0.0012757173155201974 -0.011885682842983527 0.0018481210065493811 0.007231255224516299 
1.0229744698913494 0.009331877494654339 0.003457572454431847 0.00957837757809592 0.006276185427930987 -0.014334532921484637 0.01677513681647355 -0.0020250424666766716 -0.011266692710660971 -0.00803330258628967 -0.012980456089902215 0.0012887029438186407 0.021813177863654772 0.003100940552975222 -0.016704942996829977 0.0017441336997311785 -0.002588295981794565 0.011205724019943655 -0.0022218332775512093 0.004746387184216849 0.009701430345745332 
1.0461946129214978 -0.00033682999019298324 0.0025769830094226165 0.002002157212897168 0.013305847303323917 -0.008950304931469666 0.014287820872119375 -0.008426662111773902 0.002551874842030007 0.014811216009139632 -0.00034194230307388947 0.01578620564487619 0.002953538759577827 0.005132422003297903 0.015135779426371308 -0.004705439640580607 -0.019551220066330612 -0.008640886687148549 -0.020731230400754645 -0.0023265373656397694 -0.007419688691596548 
0.9533374104961327 0.0053814341812874365 -0.004812413662451024 0.005095236046141747 -0.0146361025384447 0.0065341145416675794 -0.005869268205599258 0.001119906515909237 -0.010930310956779425 0.005329536093279628 -0.016059588918999366 0.009523123963781252 0.005237722023467441 -0.021200007910898044 -0.0026005576185852185 -0.0034440520644184788 -0.01334971749682852 0.012502168110160874 -0.002646327340436987 -0.009431108331448002 0.002384718575937538 
1.0293432728733258 -0.006595286045872465 0.00797004867053469 -0.008594457074091275 0.015232356901064358 0.011199030393146785 -0.010138363913026503 0.018283332158952253 0.014280398042681311 0.006580741629934307 -0.000571499234620639 -0.007191183380208489 0.020010080131375393 -0.007056971365531638 -0.013582285069334621 -0.0020453209276180035 -0.017268486160200467 -0.014883838792182389 -0.010724063690708779 -0.0018479812187191433 0.014672120476092612 
0.947553490540774 -0.010196361851550366 -0.0006088586820740128 0.00013863119846633124 0.007097213206409926 -0.00033484026652428825 0.007677723389843665 -0.00545877940629261 -0.017200171841399884 -0.015469016488161577 -0.003215872253591127 -0.005577475173495096 -0.016808797433115863 0.009156001722140147 0.014400623306513106 -0.010893806449246368 0.009602934896278184 -0.0007142038778822519 -0.0011968287979971432 0.004918432500054193 0.006438537429196465 
0.9943926873978248 0.00800220580836089 -0.0010512082018305985 0.002306390882225874 -0.002829162613528095 0.0025880294314142844 0.009324560058458557 -0.003075659650661233 -0.00018587117844070348 -0.0031382101410377355 -0.0250061738796468 0.0012991846705279167 -0.00848936918878929 -0.00046187147598012845 0.002034988450343672 0.007430607534314958 -0.018169013034712904 -0.010582084762102246 0.009577313527535136 0.007457043192739911 0.01942052024523115 
1.0629752704783935 0.020354469886259365 -0.010077888957604504 -0.007558195331762303 0.011557863888984247 -0.01810551697807037 -0.004290014992825307 -0.0075553517953338535 0.005886036490264158 0.0307660295237064 0.013957457513989316 -0.003068281099222164 -0.0033603603594002684 0.0012439502769046218 -0.004330836170021393 0.001591939681649906 0.012961102589572587 0.0074471599492309925 -0.014764152781649003 -0.01669441299188823 -0.0002903598876328857 
0.9608506800576488 0.006429753005470686 0.014184909729924533 0.021975101172174646 -0.00797809832617897 0.004760484139382656 0.004985933111618736 -0.0200054492378453 -0.007259640474451283 0.006359357485005085 -0.013329365995858919 -0.002468618963995312 -0.011880177921702746 -0.001980893995946822 -0.015356081494235535 -0.008291335959744262 -0.0016162324903617445 0.008933969423820944 0.007055505461706095 -0.0052518004352913195 -0.015228202340713802 
0.9789118530485293 0.0090658310560558 0.021668007500395308 0.0035179795336189486 -0.0074841406806245205 -0.018210648377956398 -0.019378816742998267 0.017759930605030554 -0.008845264548953131 0.0009210559239240012 0.0023979651237511137 -0.008581436197514078 0.00022432445035639712 -0.0016530166621937952 0.012357875696126442 -0.004962476939115523 0.0008177109285069602 -0.009375068472853432 0.01596928150040309 0.010390899613554225 -0.0007882279422143467 
0.9965771588635572 0.011364497862307246 0.0055186028178842396 0.015105327036398147 -0.0012336149120853843 -0.015597067302509808 -0.022763160783924086 0.0084901030577095 0.01321393003991722 0.00661096121089034 -0.00602711510373036 0.008813666616007439 -0.013626316376783422 -0.002121937221859661 -0.007001887502753594 -0.0035873458184439012 0.002715400590563125 -0.005315086812332881 -0.006641288216145746 -0.016526755312783983 -0.012163344467817389 
0.9899534633917341 -0.006879623169130592 0.0018284376721056017 -0.009518271299021653 -0.014800666662847444 -0.005396990741382457 -0.0011133610147987072 0.01844551435047642 0.001443303398089726 -0.015490409826276547 0.009838013866435617 -0.014349507266408532 0.009864390209780208 0.0009782699645231668 -0.0058866881077578774 -0.01714897086870255 0.01789353344596368 -0.017239621090665184 -0.002780837339949422 0.007830828505202865 -0.004577954192513788 
1.0044690179052747 0.0019320103913269694 -0.010754032138508755 -0.00024556283034316776 0.008421629720225693 -0.002659233458183593 -0.005904041657948793 -0.014181819547746282 -0.005702342209995407 0.0028349763055000587 0.007382004192607855 -0.011106139935720169 0.020548968320008045 0.001027335820467752 0.0034022032084197857 -0.0011509673538904694 -0.0022863023516750676 -0.012256584398049287 0.01623022060666459 -0.01076623162077776 0.014670079795433808 
0.9857588776650804 0.008929970312863267 -0.002876838319932742 -0.002980847780107156 0.005809743972425681 0.0008500192072135549 0.0015267503660567822 -0.003596735097636736 -0.024149786177849113 0.0025388644116102785 -0.013433045472528856 4.180746299110262e-05 -0.006357441133233345 0.019730055604301775 -0.01254437786429862 -0.01030534367500316 0.00434364763329483 -0.0035440848985514527 -0.0035158277719019547 -0.015037870119378205 -0.015650348388925678 
0.9879312037467168 0.005476930526591705 -0.006424197967127489 0.018124905811039604 -0.0042261086917038514 -0.016659132801443908 -0.0024726090634800686 0.005839840246138837 -0.00021158388732837413 -0.002081156992052273 0.0021890675858603045 -0.006052166066013004 -0.0011100011697632549 -0.01073302001841398 -0.0009056990711464528 0.002054139909288194 -0.0009628886854852786 -0.012350477036816295 -0.019225927233700212 0.008346140010552257 -0.00631228591725317 
0.9726295438110565 0.012498831877108351 -0.0003810645624331839 0.00210753925232667 -0.025804107679985908 -0.0025577923882980635 0.007752605818835527 -0.016665976636663214 0.019732185622892237 -0.008068136744557546 -0.0003857674590060399 0.00638360996989614 0.0033640308786221647 -0.01435472919131127 0.004049827253780512 0.0032204015241511564 0.007771827082839692 -0.010521514187643376 -0.007248191668401641 0.0072216131806147775 -0.0016704899489097952 
0.9843661361233527 0.0023351267980916313 -0.016806023072508686 0.003984343012184335 -0.017312585119630984 -0.011340032653497225 0.005522957143394588 -0.004734924822680775 0.0012751794709774515 0.013142038264238967 -0.008779926373156192 -0.009182667986360204 0.00027058186086301227 0.013631626157085424 0.004477943409436614 0.014471644236367787 -0.01600104523706947 -0.0049798860640428945 0.005863549017120526 0.019773164367937256 -0.00478845923284012 
0.9993745790549694 0.006235334128365031 -0.004168153155691141 0.000216695093256967 -0.006251156812358089 0.009581976798992422 0.008108502562592337 0.015072728666861379 -0.016903122860246193 -0.007202477782523562 0.006248938442380007 0.0027658803901921066 0.002293667882139813 0.007922077021402988 -0.0030010057752443524 -0.012931527039180907 0.007015435531940003 0.009220448096494124 0.006433142059769104 -0.014061538918873094 -0.009770040499660909 
1.0210668559222251 -0.029599248816541808 0.0004094972806739286 0.005488556908923859 0.01653814582448401 0.005254723834683532 -0.002644123681828586 0.0014075631733959301 -0.003752721021143004 0.010706234315849144 0.00024175567946911733 0.021483370766324273 0.00628517575569091 -0.0016041006765162519 0.004063183587890705 -0.0021767513205966237 -0.010663641826146444 -0.0007906560745274606 -0.0019386891633772702 0.0010655531784841666 0.0072079035190890095 
1.0255147560901117 -0.017655192823208567 -0.015039439189250022 -0.006474525575147233 0.00221675465635078 -0.0058296926868733135 0.006695391727542366 0.006487148258183532 0.006536068034204993 -0.007183950746452189 0.015762190057218413 0.0012464224870565774 0.009724689611234537 0.009009699429034481 9.944389762416472e-05 -0.007244408677255846 0.008010428723050722 0.0026004431463212134 -0.008315020157863964 -0.00027275039336738065 0.004865855197937822 
1.034192675429724 -0.009055682286679545 0.015839092849281686 0.015361691912036948 0.0030131766612466553 0.009263381276041592 -0.011161016466565928 0.006424587887400294 0.019446955132456686 0.007214109212427106 -0.00462509150897248 0.01824414331007118 0.0023661108423352513 -0.00567877074266146 0.00955643763847088 0.01425739913459701 -0.004588782324413765 1.752090955990748e-05 0.0044285052520934565 -0.0018665149085057406 -0.0005243469732077297 
0.9594625908386823 -0.0012749497422157997 0.005949612193085819 0.004546556615475354 0.0015161029911430755 -0.007890914743594222 0.005875498061826812 -0.009921949157089488 -0.010704527597942458 -0.0033229205275459588 0.005003910874370708 -0.011851053447167238 0.002663160171109158 -0.00022415932366185373 -0.006308314003876792 0.008666290972357134 -0.00290333693518174 0.007532521267388372 0.024801473938556567 -0.00041417774391081706 0.00018208572259918257 
1.0528198476225832 -0.0064479787920304656 -0.002561167596969439 -0.018679895965727177 0.0015067272085464245 0.002697007443462363 -0.0003649495645073484 0.022910617800075847 0.016054989871418738 -0.0061244844395151946 0.007980316937867158 0.003202937432870032 -0.007514894108409415 -0.010617497786778896 0.010676873536129495 0.010532219386311777 0.015661617757434236 -0.0065098896032046594 -0.001613128387379379 -0.0046335604280072626 0.015598044863849537 
1.036555482578824 -0.007103305156830461 -0.011131609716579834 0.01293887383559477 0.009348798318264446 -0.019479117017447353 0.017464169638879833 0.009988897965582569 0.005292792975797071 -0.011650856721454703 -0.002326518374351355 -0.0016181231802953572 0.004372511516096832 0.012065628368778962 -0.011579197169036175 0.010289323792421657 -0.01271821559504086 -0.009459329568283343 -0.007113381334077534 -0.0002324369655127498 -0.010956198515990537 
1.0118680576108352 0.002756060906650529 0.001500708290721535 0.0017661699442860829 0.013636151417621261 0.023904361963517497 0.019909590855510882 0.008259473737311644 -0.006289338609166725 -0.007452523692635951 0.0064958591845406845 -0.00047896162175477665 0.0031389752830289362 -0.019844733211224756 -0.00419383479289093 -0.0021281759720517056 -0.004858585111844896 0.0027969633258900363 0.010003185951446218 -0.0017518110040529444 -0.0040345448526402025 
1.0623840898817474 0.020147638982680283 -0.0014895966231274593 0.007884182026874671 0.03176460745199015 -0.001048812496956889 -4.90553981190478e-05 0.002607141553500959 0.006445193590316556 9.599786264479973e-05 -0.003914993464913636 -0.009263732524149911 -0.0012456270741254816 0.006728938989854254 -0.009886366335794794 -0.009550437162983746 -0.0018554583394435559 -0.018855553890337093 -0.012656160294405569 -0.008697417286416445 0.0021422468127252946 
1.0214911542775928 0.0133627501643309 -0.0008543065028733768 0.003785074914019705 -0.010779599868514135 0.0026331823287084285 0.0013219237682932398 -0.005078078345724149 0.0030580440756032487 0.008532463472150536 0.003997935360628684 0.0018022990768839133 0.016141090315530036 -0.0010983327848770189 -0.006551343798527056 -0.003625756098472464 0.008814479582978194 -0.0007904091533751486 -0.003740047042759195 -0.0031203484577822715 0.017660893845873275 
0.9675582645548706 -0.0045067718332867865 -0.006733101904899222 -0.009462139502383074 0.020236165446299838 0.01588689023893154 -0.009171449402699193 0.008125637898712087 0.0060173302297012125 -0.010070136088642935 -0.001261558114072416 -0.009875875361191838 -0.0070321357616149206 -0.015417665404467507 -0.002876655832144502 -0.0007344323227270495 -0.0049634161432502 -0.010796416298542338 -0.002982784595025022 -0.012333689648377815 -0.0003557143858270421 
0.9970553736181172 -0.014270990214395714 0.014409094596463494 0.004303191739856816 -0.010408887016137682 0.014690502945275638 0.0239087752216827 -0.010320168227787198 0.00021323090239096625 0.009249164041587316 -0.008474999134874473 -0.01835283529087472 0.006548145122638535 0.007390203798783776 -0.00912414956669159 -0.0032780504505892996 -0.009183511498426758 -0.0028741470538949103 -0.0049274075588956676 -1.9713318940968558e-05 0.007872600291617888 
1.011210123882493 -0.007636576908525128 0.014602620818593995 0.009452379068344145 0.0075057560738218424 0.01073953511855973 0.005412774088875466 -0.00662482593092008 0.0026712987046165234 0.008438426887034268 0.009476750623083405 0.0036375002641236623 0.007705037968931411 -0.005517616241899734 -0.005493817328417631 0.031149672271060212 -0.0012956489779550671 0.012802040531465438 0.005320805030551614 -0.013243680870325363 -0.0046848461554980046 
0.980891701444864 0.006077115912219583 0.005828757219672559 0.014778905316000096 -0.0016175274274935442 -0.015352227603892661 -0.01960284253163934 -0.004477952002245086 -0.0026687429696568687 0.011460998379740024 -0.000233779799716087 -0.0027257034160605782 0.007845267910694507 -0.002014247810214508 -0.011574333760072811 0.015714948779954052 0.00461314952354053 -0.013549420085026822 0.0033564361277528577 0.003818851659799826 -0.003433875991329373 
1.0264312641277031 0.00507521194114423 0.008935452317720615 0.011207722765044783 -0.01818909262153651 0.003158189444440462 0.008415790347365112 0.015127802070741807 0.02152288575802585 0.01587385770596246 -0.02068988378528775 -0.017109323688222485 0.011760396335784063 0.007364755475134282 0.016030667658617048 -9.352482899350621e-06 0.004904763645466929 0.014334741125714132 -0.007918690072142926 0.002015387690191781 0.0011803988597849414 
1.0533960418141508 -0.004019007102700442 0.007060375755435132 0.011017913450103412 -0.007565112738872912 0.0003088441270030639 0.007654980238940193 0.012505365278032577 0.022788378987195858 0.016565793265484925 -0.0025311826270406883 -0.0037143674278180844 0.003234896640813845 0.010412086210076537 -0.00738164793807302 0.007392943656552558 -0.0029137595775736817 0.015510718617392607 0.014479788134277437 -0.008937722740729643 0.000634589452169413 
1.0088731025300195 -0.006261175459861506 -0.01658619851986729 -0.01788440152084845 -0.011846086355581643 -0.005214648956101714 0.002686272936360875 -0.003146436685442681 0.006907391769998545 0.020862023276462242 -0.002726671565474425 0.0020618556987330857 -0.004413397134264728 -0.01573170626165618 0.0034974931666244247 -0.004803491879456569 0.015940097718899336 0.0025186515655538557 0.005327059272251998 -0.0007490568101932906 -0.002053211531395859 
0.9964105879842258 -0.007744868074093809 -0.011506992703113958 -0.006052414818045272 0.0003078099563904083 -0.018163864414961577 -0.0024131831734003936 -0.005928488273918817 0.008528383457666332 0.002875162877076192 -0.012322006824549796 0.013067141676780348 -0.0014257760571754268 0.01939904137593064 0.0023369176304169057 0.01603822510916848 -0.009648378760783645 -0.013199858530070914 0.005552088347542514 0.004165766367271236 -0.008733866017049098 
0.9963239137138564 0.010006292335469498 0.006105979546797804 0.0033801596779751914 0.007060346100313178 -0.01729883557712344 -0.005313909181577166 0.004555180254449274 -0.0051743450729222415 0.0009596593354132103 0.006800140077395493 -0.0040012639359289295 0.004126539296016118 0.0005892987921917035 0.009167206702187505 0.0005721811046633877 -0.007842163421980233 -0.011759406401660732 0.007156674692169733 0.018511844150100383 -0.006181321409532598 
0.9382586242523318 -0.0008812693142585338 0.002928447629912224 0.005192001713529122 -0.017434177920165363 0.005691323487196619 0.0005663370761182307 -0.009467120414963365 -0.011644555759382372 -0.006227266912957384 -0.00662543199076054 0.0011664883120447614 0.002276606778311659 -0.002489422397901672 -0.0015064955108325818 -0.02477194105161094 0.0002426494815101769 0.0029930629640935826 -0.01791693204498654 0.010586514486219247 0.006814003800230749 
1.0527771162181303 0.002982866722244106 0.008724332039622888 -0.004148586546323778 0.026414028203601073 0.0015207942261922652 -0.00023960315310847202 0.015704256041469404 -0.007820287288765696 -0.00860332614181178 -0.0012538115220534136 0.011418319508664308 -0.0044348402010889925 0.012362716604639272 0.0016171312828690576 -0.007008769031080465 -0.007548124992442679 -0.008597056835939969 0.000507293382780637 -0.0026289639406120173 -0.007118668977667343 
0.9723836734308615 0.012167911929256585 0.008926897385242825 -0.004399591399096707 0.0024148802626854766 0.005070437337279491 -0.0032370274945132454 -0.008095364235343594 -0.00430448697277855 -0.00994979560485045 0.0010211336677176646 -0.009620467935277092 -0.017729349358800793 0.012657512951260138 0.010080461580580862 0.01043857777857681 0.008935984723079856 -0.002748278922322711 0.002597264102506347 -0.0013312567696416935 0.0018178310302770315 
0.9607861745015537 -0.012801678540885294 0.010943449843927582 0.009267262870019144 -0.0008664652576142921 -0.0019001727512871725 -0.0037551733962436808 -0.013706819457782323 0.004415144912229792 0.0029877690817354664 0.005514796403053893 -0.005228732728154673 -0.006584584219743044 -0.0022953861845348865 0.013398822477209861 -0.007907992658383886 0.01984627944761711 -0.005564303773674716 0.01105895824186502 0.0038339104519444006 -0.008648683040396492 
1.0017508892356053 0.0006542049453209936 -0.001526697985124226 -0.0008895242547833539 -0.010583579773709875 0.010639855718732622 0.004177909063977739 0.0038405847010855856 0.0016048548400596056 0.006355630081621802 -0.014404866462089595 0.00435400354260328 0.016265479539954907 0.013489504841329028 -0.011910667658062224 -0.00804208126033186 0.020835937654429988 -0.008040713929908518 -0.012859359351065445 -0.009149375126129572 -0.004425034197613825 
1.0246822711102361 -0.0038532255909470513 -0.005245965439620937 0.008827402722652436 0.009003596929044368 0.003791684519316051 0.01456738400326207 0.011211073242992822 0.00761364621578159 0.006751857792230987 -0.02462169409117383 -0.005599428742735204 -0.004212268575337252 -0.001548281787970161 0.01790217781286987 0.004287275731585506 -0.024519950302257287 0.002922002707795734 -0.0037734760109715032 0.011392581920893263 0.0029356299908430633 
0.9971121607956736 0.0063080760476082985 0.00022012335157339932 0.0008320026185713052 -0.0035300504615547283 0.019561517534745557 -0.003784535653986856 0.0017472400845264869 -0.005776833719143405 0.012727404277355582 -0.00586440277899347 -0.006573211415685768 -0.007073268009489941 -0.0003188837565512234 -0.0013668281111231576 0.0011799728848007679 -0.005710120641529695 0.012939129895720767 -0.002750646736129664 -0.013271880580014361 0.002217147557620046 
1.0254046073167666 0.00816498101807255 -0.0057811255297577305 0.008113310181705236 0.009936591050933134 -0.015270775164490508 -0.0011681277343973376 0.0035170718378466173 -0.009848776993137189 -0.004496066636481468 0.0063978819510579635 0.00514014291373978 0.010804123580406394 -0.0047980165005158375 0.008720197671341036 -0.013796304153496135 0.010333831629660973 0.004247527022046539 -0.0037580297204037054 -0.013879128019099313 -0.003282832962200501 
0.9691621783312863 -0.01990401619395569 0.005291178494932286 0.00657635850143266 -0.00040255777145154777 -0.004257808791766704 0.01021017378650947 0.01113268809808492 -0.005371042124381562 -0.002326572897365481 -0.0001873500447253886 0.003543817548655994 0.024692991658380268 -0.0016798486229051212 0.02338513241947793 -0.0037345991037563433 -0.011245502997179089 0.011381516788246384 -0.005072545009597328 -0.00010319401791380983 -0.017321832295914743 
0.9789838633653017 -0.009501249413737206 0.005258461275579211 -0.0041815996392226724 0.00704389811100624 0.0024832302153098566 0.005707234606098712 -0.003435662201158685 -0.009856872257321013 -0.019315052761647317 0.007911292508164495 -0.01170581049760467 -0.01398515853147131 0.025517285934250362 -0.005517469177077692 0.0062271971711604195 0.006213711647964184 0.006000362436702366 0.0014434621580928164 -0.00476747106169676 -0.0038961286287003388 
1.040544967883439 -0.007740051303731839 -0.0007924485150824732 -0.00025870231383008895 0.008352179834659 0.0005886212246969425 0.001952087146819516 0.005943259593411503 0.016119033605295464 0.009395589300111145 0.008371199036844695 -0.003007526046196618 0.004185494621386009 -0.0025723355617263276 -0.00034946191141815424 0.005387835026908676 -0.0010632148057150095 0.007478257269508475 0.007670177007101898 0.014406530736111086 -0.002747636902782698 
1.064438082027834 0.016577849926413448 0.016114751434736927 -0.013976153050314886 0.009921390992967774 0.012898564038598043 0.011720825572667702 0.006261752163544235 0.005277641048976207 0.006714309803360411 0.0036560436252361553 0.003258788231397603 0.005682743182908762 -0.0012406040833976627 -0.011447183602931905 0.002319033551250675 -0.014136157807831836 -0.0014178658578661019 -8.320086739050707e-05 0.0017074526249014103 -0.004866581394279791 
1.0150555746700878 0.007483982509316968 0.004283131163343295 -0.002353445375970337 0.006092026533094509 -0.0004191369437792415 0.0063616810035644735 0.006116932419591397 -0.009004069312492723 -0.0024006106684022143 0.02325095650453152 0.010850457379995975 -0.0030182488883865022 -0.008426807491556894 0.009837500828715973 0.006397750525361199 0.0043546688419753826 0.004265581010759258 0.0036920309162689143 -0.014254215481149744 -0.0046775200417778825 
0.9816808977630571 -0.004135590399923189 -0.005272151459054778 -0.011353158894215214 -0.0017017032616187494 -0.0075933496651945185 0.004629925770666531 -0.005376011417398854 -0.0009045678980360021 0.007308550037956182 -0.0025373374234187534 0.0008560274252954105 0.0028026330639026016 -0.004813829292475726 -0.01642507507410576 0.02103671489108606 -0.0034163767025216095 0.014576620055426256 -0.002616768346181412 -0.00021545998542869604 -0.01413643036851284 
1.019735569506338 -0.000726675721913237 0.0037750567848397194 0.004271793167880946 0.0022567008180733577 0.003347214333021546 0.011310063726979482 0.0054950635145602535 -0.004614477405891792 0.005655860031636767 -0.008090545494165572 -0.002702525216482171 0.005180049117065414 -0.001500846741959148 0.00035719913442154794 -0.019649593617844713 -0.0064485939000999415 -0.008761257210770913 0.011220081961120022 -0.0053487920428056945 0.007423239674172938 
0.9789854895061287 -0.00023334093317731942 0.007537956703940444 -0.014895807815778888 0.0009208659394724217 -0.0001968379862369074 -0.022066746759713256 -0.0069463661794065025 0.012267016363781571 0.011446132021393522 -0.00032075137478988666 0.003580287922132497 -0.008527143406382897 -8.350796440194484e-05 -0.021111496301862164 -0.005478903522793443 -0.008852757812853449 -0.018166568768617088 0.0063355902713871015 0.0032705453175980856 -0.001986485411911131 
0.9358557037977461 -0.004070754137423443 -0.0015019975295855817 0.005608532215005121 -0.002918075790849968 0.013068398227674622 -0.0235697758254465 -0.005395169474742818 -0.012942387694521742 0.007156658065506998 -0.009160602359049936 -0.0027588873991203984 0.01367910862227225 0.007028151762678503 -0.01660760645121718 -0.00038164978262023936 0.0064059540817670724 0.012596296241060366 -0.014845575286945259 -0.017702527559790883 -0.010685244843182869 
0.9816683933249755 -0.01183787286512841 0.016732095295476757 0.0163123578572473 -0.0023089165377504837 -0.0007578675789269178 0.008385076040609365 -0.019675017244693355 0.007857050650949934 0.011136652179607858 -0.015018466429025943 0.009370555795372201 0.008723199820910577 0.007361770943475973 0.01218043943219102 0.013019492045714287 0.0012499033833524016 -0.004644319218137041 0.0026878440733522878 0.0057656387456668555 -0.01567007029806458 
0.9910543176390136 -0.008627348673339467 0.014776497729767609 0.0024571506592920927 -0.012195692627189223 -0.0035764856854569827 0.013950179741865985 -0.006588621985662963 0.006719779882261339 -0.011534028612098922 0.004842097409860504 0.004398067742649837 -0.0057748621646369755 0.004226086101217444 -0.006989100976116044 0.00409052996332458 0.004184484997672255 0.019937016554794646 -0.0021808515988991253 0.0008436947198213239 -0.011649346605205113 
1.0060082672136192 -0.006745999753837127 -0.0012364039758966038 0.002927638565108958 0.00025604657261427984 0.0019675299907723014 0.01356837826375126 0.008584938412505787 0.0033477664876531556 -0.010130532921581645 -0.017401806700130605 -0.0028550487459298897 0.000764482753507276 0.013884312084531475 0.010709255424191766 -0.014662812169923172 0.012150593042955215 0.00020908501651840028 0.011529320771309429 0.00558539450412062 0.005398246535713048 
0.9816722470091878 0.007707726665799071 -0.0046478613964403585 0.004985902940334225 0.012126101105257673 -0.013139310809086096 -0.022747944434897468 -0.015228503094127979 0.0029636246485738216 -0.018894981811270545 -0.00027838886085725177 0.010383644539765207 0.0039263318130194945 -0.010294254038439775 -0.008807334204213651 -0.009113491314056282 -0.010996208653901452 -0.022380027293022273 0.008127576911733873 -0.02014244313489426 0.0022941480399662423 
1.108422945985973 -0.0034716607794005486 0.002819199213965961 -0.0006439188968496274 0.02191537772973062 -0.01695258939445461 0.0048597683335936835 0.014017180420727781 0.006672254248051947 0.010860032783804709 0.0136042123984536 0.013229778288818913 -0.0133585036485062 0.008331656337457104 -0.002918347447500037 -0.028943742141623194 -0.008329867825188778 0.004603123912565241 0.006097400720249224 0.013558495839092518 0.014094416662598459 
0.9897045463029214 0.0022228785576924137 -0.011483429423659881 0.005413101623197862 -0.017657215320242645 -0.019507509289003026 0.010051019218518758 0.006289884051409614 -0.010470249157153153 -0.00777985703359972 0.0011156633206197944 -0.007914251745922337 -0.0015699288453982442 -0.006932077137616526 0.012166910437868484 0.016634603567194227 -0.006313273031138219 0.02609539199612796 -0.02865346609660581 0.014404902255595738 0.01611205578944734 
1.0304676807942719 0.008042847191251036 0.007736527574786782 -6.501638164789635e-05 0.0002828951426422282 -0.01098601671914057 0.007734879437423619 0.006755026984102696 0.006214628870231687 -0.005541703326892372 -0.003880432853937049 0.008705599282228242 0.0046840007939633185 -0.0011268283961244204 -0.0165804681994584 0.0114157971368122 0.0005987774137341702 0.016026360820318494 0.0021637088884032727 0.0012577612492199611 -0.0063645867365625195 
1.0298221996579096 -0.00684070276253004 0.009274717226403124 -0.012814797836892128 0.001804161478266081 -0.010637009433382243 0.001446672243058957 0.0007419246035762562 -0.0020981112330145466 -0.000420921469912244 0.01783155037886617 0.014605110307947953 0.0008544970053066343 -0.005346028182721308 0.008113226576257319 -0.004068531599977051 0.00895058060971734 0.011218258953805625 -0.006041375677133325 0.002506769154948686 0.016820569890879128 
1.0202317102367673 0.0017759407774778316 -0.001991214743716457 0.004148685231163993 0.008468119778735943 0.005647018168814311 -0.006688904809966091 0.005020815512424285 -0.001651795450199998 -0.009856249150313377 0.005004739022794869 0.0008040605818481552 0.001309314540095075 0.003419368343637699 0.01581972207236682 0.0074495318389231424 0.01648265721788675 0.01145032378031133 0.009787464736683089 -0.01767116246644054 0.00757741091219452 
0.9766821437197858 -0.008892001915048244 0.0018109246166333774 -0.003078647585554108 0.005466319783129915 0.007959520456892811 -0.009385792160325274 -0.00785940494767917 0.003867981833182315 0.006820639337648753 0.005952187557771994 0.0013745813353758674 0.005237990632120699 -0.0011304086367662247 -0.02004197980432235 0.0012499746264625546 -0.009675387953665727 0.013933136936422303 0.0030338756831003568 -0.008586270858497638 -0.01111940414213078 
0.9569302623446234 -0.009718455643003245 0.005252335981474256 0.006401899343787395 0.01083173359996414 -0.012947807503267688 0.0024233718681419235 -0.005671550167178941 -0.01506312067453535 0.011322915553577064 -0.0005109239512864659 -0.014838003201442693 -0.002218283115813311 -0.009152310723142756 -0.006501259031908009 0.021403677066904728 -0.003779555257854661 0.011164410149137423 0.00440386959226855 0.002564623844742603 -0.009802447722092147 
0.9586972048538206 -0.014175486400460692 -0.007162510147803152 0.0035405603149808863 0.02130189013054529 -0.010641211765185583 -0.011461590686891178 0.003703752151177958 -0.023070040578993593 0.00854256519143116 -0.0035513381997951945 -0.005571091188888499 0.004325050396530752 -0.014212020004659336 0.00529714039278696 -0.007747646790293106 0.013360618249829084 0.004474713754332549 0.015951918861870727 0.0007490096947588156 -0.0014202006784822707 
0.9686955942572655 -0.007077687782065249 0.007596085461985104 -0.006223396609486412 -0.021667786382715888 9.684759423596553e-05 0.005008166039672413 0.006194764325539999 1.6433608730223604e-05 -0.00164370028520091 0.006864115952855992 0.0016519823248235669 0.002311435768262172 0.0022430746227652047 -0.007897262330721563 0.01364922144004824 -0.007876223388521415 0.000757925395455442 -0.018884909606068506 0.003053242034635383 -0.013765205796892617 
1.003445603193132 0.010322227073790845 0.020616942724934396 0.001846731489646422 0.0060319005739075575 0.00336451855963083 -0.0044066551983193295 -0.00543148708543975 -0.0012670076596747431 -0.0059625783708322526 -0.0011822536958816196 -0.006412072073986229 -0.00015405229573160347 -0.005469949403211747 -0.006639421863179731 0.007073015171354921 0.0031611549878778652 0.015374934583402045 -0.0036434523753851762 0.00861124973293031 0.003758623709141972 
