"V1" "V2" "V3" "V4" "V5" "V6" "V7" "V8" "V9" "V10" "V11"
1.02102061716956 -0.00827552153848873 -0.00590926135304621 -0.000705982231137722 0.00162003978675427 -0.0156097089999308 0.00976831460433893 0.00772531725941268 -0.00259118675675356 -0.0061758146776029 0.0173817396193151
1.00398087221369 -0.00963573067306352 -0.00361781028894027 -0.00455494961237627 -0.00297158650130004 0.00971208132145422 -0.0168530451757964 -0.000478840431409705 0.0126672460014046 -0.00961469486032726 0.00102025125026886
1.00905684476392 -0.0196336649723721 -0.00254580680633451 0.0136837480667222 0.0102087185523561 0.00643171622051643 0.00854434736082756 -0.0044375646265902 0.0017643028781335 -0.0182987980074327 0.00478899402238582
1.00740253505293 0.00416043785949672 -0.00244897820382601 0.00187770034638824 -0.000791912727737454 0.00426866928578756 -0.00408286499404418 -0.0122410529528739 -0.00709217697961792 -0.0180232750819198 0.00196075919709361
1.00534544492298 0.00453314051989351 -0.0141804502738952 0.0100985830912758 -0.007963229771698 -0.00678317273915451 0.015697667063817 0.0098674723729346 0.0163796326919191 -0.0208777249205922 0.0149430612236923
0.96579622190996 -0.0176953260318535 0.00347156712440015 -0.00120711096576708 -0.0020275243311978 0.0132815920780986 -0.0091026181885343 0.00508266846712131 0.0165923871500297 0.0243368783607525 0.00122455003581409
0.982914596283044 -0.0202596674595705 0.00603143206834797 0.00100804246237581 -0.0170289935037242 0.00494341872042648 -0.0113779304288929 0.00326058959978123 0.00026716068589063 -0.00855272778518321 0.00707166430821848
0.998373714075892 -0.00572253854624448 0.0065886096434108 0.00486009586240916 -0.00598172310602224 -0.0186158178097577 0.00306816309440879 -0.000444265820377392 0.00658949350393764 -0.00413183255613844 -0.00424390589943515
0.915706053814315 0.00251819537876937 -0.00229859653171269 -0.000743889911750051 -0.0091608053593957 -0.0203202667031611 -0.00510450027899537 0.0050895519883928 -0.00654353326682095 -0.0170914582051698 -0.0107965501673515
0.95972861864019 -0.00166548278342052 -0.0154091088399858 -0.0083902143133439 -0.0111936026785199 0.000557756159019601 -0.0320050071868571 0.018670225175543 -0.021174709552021 -0.0143588372726082 -0.0105624285804886
1.08119829759087 0.00269001871472012 0.00999347038775805 0.00595320841252806 0.011525340826602 -0.00216198807383379 0.0132111553854352 0.00978675683680715 -0.0380641352862608 0.00437555570110791 -0.00347094066453264
1.00604999530814 0.00375237681751495 0.00507911418958001 -0.0051027604590276 -0.0077336096899282 0.00143733153182148 0.0156133410021318 -0.00984874014701905 0.00350929681474871 -0.00212980207400717 0.000863378808582634
1.03686992731872 0.00705493363669218 0.00962095420069317 0.0040550343831437 0.00627419612293747 0.0112374895529257 0.00676674011271679 0.0167940483251427 0.00277059124459121 0.00496390942202267 -0.000569552515662432
1.09657369519991 0.0107628014886237 0.000519184581020468 0.000168189098502992 0.00570922320500417 -0.000418639934233082 -0.026210421815774 0.00723279518178257 0.00542946663375225 0.00935870359719249 -0.0032450538685639
0.942638783971885 0.010888589339164 -0.00424724466147966 -0.00317754186541111 -0.00741433190593405 0.0243132541227554 0.0136090819942728 -0.0004581103832414 0.0139837042248763 -0.00219217486699511 -0.0061580745981731
1.08251794949753 0.00784976791590532 0.00334869170939475 -0.00384897061518029 0.00167855101245852 -0.00295134396042204 0.000850744495737097 0.0101859800096835 -0.00603922893045979 0.000701825589302708 -0.00378972170934731
0.994236078336449 -0.0102626497883241 0.0128352039606013 0.00377039930914947 0.00471667780672692 -0.00608320543518193 -0.00225003893083039 -0.016179629210492 -0.00896386405667706 -0.0071998001894706 -0.00556182680603948
0.974639541356518 0.00628722806319353 -0.0123698937359099 0.0191285444496224 0.0264735550384412 -0.0142632009765534 0.00708602902990597 0.00653226259239322 -0.00416699394345378 0.00606280869731834 0.00526132908447627
0.992714578112843 0.00665018491261617 0.000283554280509709 -0.0155248385771294 0.0117673069325317 -0.0090700650933645 -0.0220133951200189 0.0114567748468182 -0.00293282988368896 0.0117241670113774 0.020515319933403
1.00635862875308 0.00785396257890526 -0.0127032130925918 0.00966605978462632 0.00546604474131842 0.00247369344903772 -0.00386910317837754 0.00371983977586537 0.000866162520519728 0.0113481238889893 -0.00910869563389985
1.04437791059182 0.00637060572383724 -0.00414175480926861 -0.00384155794778917 -0.00460469415627741 -0.00717749842112508 -0.0176776448549722 -0.0135841691023969 0.00661257145503855 0.00956896530676733 0.00916851202173956
1.06803432020439 0.010305724461453 0.0108474305920976 -0.0145322598275849 0.000363763874597989 0.016223311224416 -0.00175787055659018 -0.00877456502377741 -0.00319304275528488 -0.0233014327058625 -0.00707173715675464
0.960974845475554 0.00689101531107076 0.0145171199769361 0.00826878679723156 -0.0086636078020407 -0.0047780210376302 0.00345997515832511 -0.0148964176956124 -0.000390635387846733 0.00243069428333744 -0.0132005186906459
1.09165779486838 0.00344947015996071 -0.0045622845858902 -0.0111286877481528 0.000668500019699395 -0.0011552272599825 -0.00638160043473682 -0.0245722347042258 5.73942532642127e-05 0.0108030739596968 0.00656407114811504
1.03422891066796 0.00196000252897688 -0.00565890044954956 -0.014991336565581 -0.00807236998332524 0.0062599749945515 0.0123506655543611 0.00396412482625615 0.0239791072645962 0.0159615986953291 -0.0201901623727971
1.05001338797734 0.0116556891888038 -0.0111548306066555 -0.00836432928471088 0.00499553211458326 -0.00999070498113423 0.00975021002272073 -0.017013721459218 0.00106489664805399 -0.0155864269443804 0.00497454045229909
0.992694624311568 -0.00234719395270569 -0.00209879184138088 0.012681326302754 -0.00599678564343114 -0.00128889961936019 0.00679864891635545 -0.0186339949300694 0.00785692792076315 -0.00206005752985844 0.00560957894784107
0.94880891285399 0.0125056579577096 0.00909420082061774 -0.012891213238475 -0.0213766815231275 0.00176108141432529 -0.00203445007053474 0.0118705332438211 -0.00125982759340677 -0.00925845861664496 -0.005914384229698
1.09694507559393 0.00440268290706015 0.0218576623556371 -0.00719510011085249 0.0180426215151263 -0.00171328191149807 -0.00137616256232479 0.00422525794544405 -0.0179986043089652 0.0014117744630943 -0.00263930654844862
0.987175481859307 0.00408555568419755 -0.0177590975500687 0.0177518396867737 -0.0164021192176995 0.00657116448111173 -0.0107841909935475 -0.0107815226656575 0.000622005481109933 -0.000821228729335477 0.000493262952988867
1.00009861856544 -0.00109990021185755 0.00283618388733779 0.0201528655652488 0.0176235816037982 -0.013697706642021 -0.00584882060930861 -0.00668388278912331 0.00776989042213117 0.000679013718830748 -0.00392873383892484
0.956917047846551 -0.00605629995809392 -0.0198146000118847 -0.00261578817643897 0.0109528003138564 0.00521132804814142 -0.0129544311006739 0.00390180183829342 -0.0257828704580048 -0.00330106371396796 0.00286766651024363
0.93041474859082 -0.00536007103852154 0.00358750266870442 0.00220402912188981 0.0195200341696052 0.0270187371999038 -0.016981562184053 -0.00928071095785047 -0.0121780866312109 0.00669457309346613 -0.00150822871475983
1.00096160709635 0.00494380146763055 -0.00395946063910576 -0.00349082275972308 -0.0174669765375252 0.00359091760358604 -0.0168685892571582 -0.000414466762159616 0.00679319289863591 -0.0053705513454877 0.0130312692961708
0.991228526815918 0.00221919191224298 0.00954839664103428 0.00854168922499885 -0.00437293559424583 0.00228825161898628 -0.0171634751434407 0.00156177651569397 -0.0056399792182464 0.0164185502880024 0.000324242334757471
0.975072804863652 0.00427139522121161 -0.00335982089345677 3.72447414321933e-05 0.0093126378288656 0.00310088738842324 -0.0052970579411184 -0.0092016020508117 -0.00414070515867896 -0.000819582525649394 -0.00801687244605815
1.06830251314613 0.0150354593771008 0.0098223674952032 0.0144323544166289 -0.0057461821601486 0.00383689387088301 -0.00367747596150207 -0.00291470795989243 0.00852534252529897 0.0024435721877579 -0.00891320541189209
0.904237043840339 -0.00314323673960755 0.00477264712429552 -0.00187408530145834 -0.00292376245466082 0.00708870347924182 0.00768691735793526 -0.00586540691253703 0.0120334558475576 -0.00487737734675628 0.00355361558658356
0.939924262910913 0.000102497379460737 -0.00257393640649582 0.00809683083183263 0.00170881139512529 0.00755790324924526 0.00662970109643711 0.000305277292510975 -0.004792503417982 0.00292315778566958 0.00719678146250691
0.961049883050925 0.00774946964491904 -0.000916057002369599 -0.00971320020995459 -0.0059692635575174 -0.00326054110322957 -0.00855312476121353 0.00242482551554583 0.00579364280887622 -0.011183186071493 0.0138812825669365
1.01951364672775 0.00285633153172271 -0.00230883882634949 6.4403861508133e-05 -0.000330987084743898 -0.0132021892984443 0.00774273568308862 0.00153577913850406 0.00304874082044473 0.00607926367473286 -0.0122123018809918
1.01087290705688 -0.00758339229790925 -0.0171550453542975 0.00650537125701803 -0.00606496820941332 0.0103935562848535 0.0123117987663954 -0.0113977401876126 -0.00828586050288643 -0.00705173828982075 -0.00773551009213439
1.05634534382014 -0.0031809145072058 0.016650494101674 0.00876210722697985 -8.42367964256535e-06 -0.0129485803117331 -0.00539428164872057 0.0110935759548574 0.00454469254694988 0.0133790125937173 0.00588836697150276
0.991400402130988 -0.00501163440617119 0.00890868330208873 -0.0109225331779038 -0.0170240485135153 -0.0138366203136642 0.012114685823209 -0.0148661021055082 0.0103716624699485 -0.0129221971204137 -0.0043088005529529
0.985132117520673 -0.0194496747261778 0.00105909171472369 -0.00876004445074424 -0.000398108370811177 -0.00412054553542364 0.0109448503600816 -0.00342360011603526 -0.0097611948698446 -0.00195374195549965 -0.0144378748984149
1.00051465606279 0.00397949005769047 9.48486169585297e-05 -0.00210181949764525 0.00698346798354782 0.00459781077326018 -0.00263775962668632 0.00768568410830085 0.00346255791692825 -0.00681297641170899 0.00237811112851971
1.1063611616797 0.000846558386418733 -0.0089820066833308 -0.0125609669920666 0.00964141317203355 -0.0103324440082714 -0.00395581139013555 0.0163901542593067 0.00752833486260357 -0.00396140367726705 0.00813686842231557
0.976546162857253 0.00919595223166172 0.00817295047166516 0.00469221295724583 0.0128357148591022 0.0124533271939296 -0.00865088569389272 0.0144972647932568 0.000237840761477447 0.000196749313067023 0.0153819534936769
1.08376945537446 0.00637873505972509 0.00378762309990565 0.000129549948277175 -0.0163713897172751 0.0110809996809246 0.00575342324312998 0.00817833583270556 -0.00651983743729831 -0.0077019005122242 -0.00997267066140162
1.14427493517711 -0.00321127310569069 0.00478489444948298 0.0159656369436246 0.000184049486235872 -0.00060933605560606 0.0180081167254004 0.0102492950480111 0.00660068608618006 -0.00830630605642072 0.00493261558445004
