column1 column2 column3 column4 column5 column6 column7 column8 column9 column10 column11 column12 column13 column14 column15 column16 column17 column18 column19 column20 column21 
1.0122482344095982 -0.07120482328680366 0.0937916294544539 0.01493894263422286 0.029719323534238354 0.032106194489090883 -0.040465971774511555 -0.0013381255316334724 -0.021691871222838142 -0.04028387221572481 0.00013106555392215278 0.03042584688181897 0.0108649319628502 -0.07367050952717313 -0.027518517956174073 -0.055144818157636014 0.006926481667468381 -0.02413062827751271 0.051821634704835445 0.05462639513328946 0.07741151075672725 
0.9127404070528136 -0.09726757386711507 0.05391204395264202 0.06464455071167655 0.012584070453215046 0.0011450063335229678 0.02528245511261258 0.07542347354713785 0.05411162628384025 -0.04863951523317661 0.0130246677310231 -0.053926977524577514 0.012207243292066966 -0.008586704720847623 -0.04402109405736351 0.03497357768784813 -0.03336994078539902 -0.0482661459570649 0.013306525269640185 -0.05556270140265718 -0.0829727479463928 
1.2758811027224473 -0.016812408467465696 0.05986234694526357 0.0214773935507662 0.1052073443199141 0.08693553334526749 0.0653791714303984 0.03651969649133569 0.1286840416883031 0.06466320037069907 -0.0518540297928321 0.012267480692310808 -0.03157482421237172 -0.004579478451032476 0.06067999132603698 0.01278801308173664 0.03785602380214411 0.051976544607959446 -0.055237305428334264 -0.056365982206417246 0.1372107332813621 
0.7432378467437185 -0.06910139999919723 0.032706750406347344 -0.058129942129453105 -0.09959679119220567 -0.04506719972135131 -0.0020402122962968504 0.05895507324415394 -0.012590154863699472 -0.00300244014539362 -0.05659517042850096 0.009677045743422296 0.05904158444202761 0.07098029018367331 0.010817460306174642 0.04386607845241888 -0.0005539596455709427 -0.05442258533605637 -0.013153485083778373 -0.01696688046601799 0.053272414162853 
1.1919403826636592 0.11766287697812212 -0.07690371203551977 0.0360019282032095 0.004555919309355861 0.016965104443400058 0.0753428106834861 -0.007439764673978822 -0.0703042739985361 0.04335763047214337 -0.017941358952038303 -0.006867461467714654 -0.026765453145731494 -0.06555632279532862 -0.022016308249202657 -0.006441408282397039 0.006461740663898101 0.013060031583488362 0.043793298876399225 0.06422816111258918 -0.042667816466756436 
1.0712881387661957 0.004050832112662906 -0.023009750374549796 -0.10219196948791226 0.034766200793827313 0.057444546117098476 0.03641749352162905 0.0561013724094838 -0.0904686496008686 0.06544094468279392 0.10747904992392623 -0.05844358306152846 0.052413504877497435 -0.03496797498998152 0.05245148415684554 -0.08786208533058665 -0.015036132481145546 0.015008033699849361 -0.021785097962798747 -0.009847521957001181 0.03253128914763336 
1.2348939294739245 0.001361470321306872 -0.026898661444379662 0.01305731396331587 -0.09906144582697828 0.007644311376291635 0.02906666946892579 0.03372216979628554 0.0009531518839821758 -0.031136433205820532 0.0034493296625490635 0.02707599117351127 -0.044073420673734716 -0.08114799752007236 -0.050357976884111026 0.041823474289834614 -0.028668532677404063 0.03380011436365397 0.07184843831723445 0.0332825173240328 -0.043674708939754184 
1.2627726885622437 0.06140422046693585 0.050490591736427996 -0.011808598788721978 0.016448122567606954 0.11422460273675826 0.003065935324617826 -0.1358419085937531 0.0778920869232926 0.04270068423812808 -0.03773921192150986 -0.07093034997813841 0.03330621994100736 -0.04294093904504106 -0.007977442459103248 -0.029251793362876883 -0.04100025923481517 0.016969560151475657 0.003356825322072177 0.014536205756116 -0.0560860336202087 
0.8458294105915329 0.033400725229294596 -0.05395882719789946 -0.0672807340723606 -0.01264950453101025 0.007633042628245598 -0.024320764738083284 0.03055968139980486 0.024292613971673666 -0.004171020276494347 -0.01787820137464231 0.07072158152382864 0.008706081952706656 -0.06044672726550632 -0.013735175266043726 -0.013862380273426185 0.0355947646736195 -0.01616832681654351 0.06883294353006947 -0.06832252008894554 -0.10411524195509876 
1.2916030990558658 0.02675181767096855 -0.05584993970091742 0.030926507321903513 0.004612659178035976 0.04379204513805894 0.05952689879148564 -0.041239359162262186 0.0035936716610282557 -0.0143549012358286 0.06675595694635793 -7.362121836374018e-05 -0.0688344946186911 0.10573640005782581 -0.0023402794409054695 -0.02245075183312918 -0.042209460688409826 0.05804528612659676 -0.04065144608698082 0.07276941407087577 0.06313860888231218 
1.2702409151585883 -0.01251445597899465 0.03339938142759793 0.010404731826384794 0.020977619486488158 0.08278739866205131 0.010520282108834537 0.03519248651039932 0.007935680171024782 0.020886587425002424 -0.014432393920171593 0.04170234077611863 -0.013930906667071384 0.0010545380642800193 -0.07192615009334208 0.036088960488823145 0.008824439836654726 0.10845182896034983 -0.028003206704182722 0.002398708123733155 0.025574903629350672 
1.3774963809075356 0.03359265542799849 0.009036208388437692 0.04026752395547675 -0.09628355342104111 -0.02472685760318044 0.1059036877497776 0.02298960645176709 0.005260376309780237 0.05911459496451418 0.09645587859170943 0.062033122905939014 -0.03432005506913901 -0.0890431349252381 -0.022874942448783724 0.0748527207105427 0.005553396471093149 -0.06387998812859665 0.0562537693355232 -0.019720287070120517 -0.03304709291320556 
1.0652345720460488 0.004588749188394108 0.01981024306811624 0.04110930146260219 0.018549096701786377 0.037586185447589585 -0.05840590341481318 -0.021229010978706518 -0.03550569000183353 0.01545917455360208 0.061033297239117074 -0.02817118152963434 -0.04756550052932166 0.00040135619845106907 -0.12133946272466159 -0.0018038999442694223 -0.03607595348110406 0.0012392441832747797 -0.002166063166908434 -0.02538845146900985 -0.06228770170458864 
1.2408338292021635 -0.0025768064192479337 0.03016624694765987 0.03042490585049476 -0.032286557644439745 -0.0025639797629756693 0.0347445359394616 0.003916833246338101 0.05989017586934428 0.07877952839517578 0.01354316249813998 0.012262078035784555 0.04264838551501634 -0.00915450893470431 0.049517029511961026 -0.04541450913799336 -0.011309042611873639 0.10277217890750666 0.003991651305779187 -0.04650040938326039 0.05100875019277881 
0.8813875116539606 -0.00013894829655546154 0.00884196751327554 -0.010647943888955722 -0.021878558117828337 0.020944864870004208 -0.06243453022827521 -0.012844864410015398 -0.017156113325870942 -0.03782177451238114 -0.10325027297297107 -0.06672288228479538 0.005790458881270659 0.052753109020737814 -0.07082554926578483 0.08883994674267111 0.028534344982948108 -0.09213828924660833 -0.005363836882337928 0.029073279437962646 0.004549170569926114 
1.2561009208512388 0.07685255845876046 0.02997068008591035 -0.020107632627859674 -0.05298818888541728 0.04859020331004703 0.07124380558057018 0.010528921216000853 0.04400851226219999 0.06217308159306676 -0.052382419660132976 -0.014906040917469266 0.09549833408786704 -0.041981955482443746 -0.10302474442138075 -0.02729223219934008 0.018460288172000638 0.06359432526266906 -0.007831950502085632 -0.021705147829191612 -0.02275239484548676 
1.1214044639976009 0.05755934784282826 -0.039266573160077096 0.0005146361184131646 0.03513282371001318 0.011788904471959197 0.10735937868465269 0.03325196858254117 -0.02395762879516858 0.01690175611567315 -0.10459189672359222 0.07324234054301278 -0.01656387059296411 0.033949400949145836 -0.023125657921351392 -0.03834026755675683 -0.04140665477483052 0.08588120143034493 0.02965179540777046 0.011954477414299834 -0.006450105934043582 
0.9116320369333248 -0.007605308262674234 0.056075006687731126 -0.039306841133425065 0.07128146292245012 -0.05624417741641533 -0.007404172249958842 -0.05920836310982072 0.0817710875290048 0.0450658257498696 -0.007989791475339991 0.012260808704579042 -0.03074519827088153 0.0291993093891184 -0.065256546249488 -0.07417878524860376 0.047121214010296834 0.006076881825315475 -0.03526954954316217 0.06006820369750343 0.030635988157074575 
0.975669948858105 -0.02230450840607144 0.004290193349834058 -0.058116105051545575 -0.02138268175156416 -0.0807244627847591 0.031372641750879664 -0.01728197563787218 -0.036995121921277095 -0.015958477207723584 0.023226389043981933 0.018618745200871246 0.04602917939341378 0.004829905831735151 0.040092325166700325 0.04904489548028377 0.03288868311388355 0.03369354661046581 -0.014619595088706545 0.06542086975883868 0.008263333480224863 
0.5879803251073745 -0.08745411795047453 -0.012372824632108212 -0.09281201574039373 0.011132148178486805 0.020953278084396343 0.022933105958611644 -0.054276141130728095 -0.019433946178518614 -0.033260394845257876 0.0023033358977718856 -0.05015467167811122 -0.024988205521791474 -0.10344116017067358 -0.10715554667183187 -0.08477593583579698 -0.044094129444502694 -0.03806600060385071 -0.07163745876411297 -0.033285140307849036 -0.026319843397344406 
1.099217134990225 -0.027545551863769554 0.07208275638506138 -0.07048657751572983 -0.08543892304582769 0.10291038274067302 0.02816387721309358 -0.043646647344014695 0.007597442737832955 0.003365612318167125 -0.035846214597744355 -0.006881944391920321 -0.03669995259430716 0.01692111764907841 -0.002060211442106409 0.06409006203898958 0.017236825211787137 0.0067517306051477575 -0.017999743290646245 -0.059899732681389074 -0.07915351608010825 
0.8727782691698089 -0.06882805293322518 -0.0860127663702124 -0.07423454067271994 -0.026454630323499925 -0.042468623807442304 0.06132336482662862 0.0057463913711033356 -0.002741963208662063 0.04858857494913635 -0.014738659258175333 -0.07119893010294677 -0.0485235097560722 -0.023810633429240502 -0.06081841021980697 0.03667830517367282 0.029841364727600614 0.01756971712355112 0.01353145277692407 0.012617753803976069 0.007259203037630073 
0.8067491076257634 0.020333285150443327 0.01591566385103707 0.05035802914441604 -0.12460448011644909 -0.05046973854673153 -0.08141943921313327 0.016081203438462477 -0.013775056062925598 -0.10312291103810592 -0.004126913031969495 0.03462090836140133 0.008735989738699245 0.017985456776755716 -0.004038742316608581 -0.03196682596825069 -0.004725967713267682 -0.03966239061743634 -0.03533669806064749 0.04713982511206588 -0.0907320189843778 
1.1084245734449927 0.023240685111467208 0.06690795893264452 0.007605983559553369 -0.10473685688511768 -0.0059415824413074775 0.039477347061796196 -0.023048660638036483 0.09530505640101586 0.05814577813305234 -0.03294952676563719 -0.06936017151573247 -0.061317169247742435 0.09119678753075493 0.02445290355096033 0.0030452055839663215 0.06357345699516583 -0.034553910585337126 0.11733701869424198 -0.0472193613858551 -0.038538057338502574 
1.0494266914768056 -0.01624882942089331 0.0386130813678878 0.011388703220038317 0.026235961659218893 -0.03734571395339039 -0.026499794322035704 -0.03367831711661005 0.028041755773217193 -0.034822159052406286 0.06542480465898283 -0.04412977549743479 0.005523454550782306 -0.06129585929348516 0.05912199962282986 0.024546911658663493 0.10308348289777221 0.12277601344395075 0.019038654706632106 -0.10830915751940576 0.01992079369484805 
1.2532801011798784 0.04048889071526135 0.00018476156941092897 0.024208132861089533 -0.007647509783820609 -0.05876252398708562 0.06183388301099744 0.060525721517733604 0.0775524333389393 0.09996250427992692 -0.07693430677891677 -0.0009192683507420643 0.08468022118988615 -0.03758713747028993 0.08223105905299097 0.03500396565699766 -0.056049786478660095 0.009151327199721556 0.050846201385022986 0.026596618037344456 0.019258323875943152 
0.7832394751914589 -0.049318722285153084 -0.08857201269488658 -0.04437426477831784 0.03195863498108072 0.04286278243202328 0.004055306091774492 0.01980500852234671 0.02666398693075699 -0.007100091822473207 0.029600928288789036 0.009028305254378073 0.03682743631052989 -0.006646050465092261 0.06362109245197083 0.028256476070909354 -0.002149702308295989 -0.030805195562101415 0.028777260509209358 -0.011704416647506275 0.029135518061446427 
0.8281296293462975 -0.0435264405512884 -0.01201736474062931 0.020226442149646823 0.003307258294815444 -0.0359111186000624 0.033449974365318345 -0.01731616046542047 0.06713191712656001 -0.1119417589637226 0.0407054334398354 -0.019197656306868902 0.055409837540087895 -0.059900002109272876 -0.013095337097641883 -0.0004006412287953053 0.06264403187690741 -0.009214684295732982 0.02329957079181877 -0.008647733724514875 0.019727497188034925 
1.0685701212921186 0.030661707944615847 -0.040389435646380145 -0.02581831262742141 0.00010704380852222993 0.012028787029020115 0.05724768863602225 -0.0024868803825121005 -0.06906664269467445 0.07802042946277955 -0.013069311784604094 -0.07760536500562638 -0.07518157827951405 -0.06721969706190493 -0.08198758573826607 0.04459542348147864 0.02139354198985849 -0.11643664847097207 -0.001009980445104164 -0.03039307865126181 -0.08254050336514783 
1.1114708444133488 0.004985447213701897 -0.09177645898291609 0.09769007996636475 0.10148768027776361 -0.044116038711678 0.0797456606507503 -0.045608807723089895 -0.039939060051418014 0.06047011299874458 -0.009829076468299752 0.009244217921978617 0.018471414313618362 0.046240018495919334 0.0342174164585394 0.0036584325799200474 -0.08000846327143254 0.032960569245490616 0.1686643938419719 -0.022652647828938485 0.03152420912374454 
0.9717255054256172 -0.04215809070382224 -0.0173020430453549 -0.00014116601492735842 -0.03047525538996461 0.028534091295123035 -0.045167537954681314 0.019603718782732742 0.07711457401145123 0.005099072312464415 0.021051895889956818 -0.04449504490056705 0.036717013480147415 0.07210276959088187 -0.003843700260917434 0.010103268449462164 -0.006465147067162731 0.019921445720230774 -0.03467270461580606 -0.031461209309851274 -0.09918011235312689 
0.8845745393739256 -0.026373014031877806 -0.00027825818070552637 0.00026370298001146265 -0.04564605197575432 0.003517990381066621 0.02548969210587933 0.16148277539412856 0.009727944392306022 0.008146830222017771 0.051789876980258456 0.0518826709990489 0.03170712380748087 0.01595884546891969 -0.029764309221659548 -0.004638933134450557 0.0026285290975970863 -0.07432824704387746 -0.07733542875284834 -0.09172373697087906 -0.001240945542482498 
1.071917974740675 -0.04687823472533575 -0.025499999363358783 0.05981206171625811 0.004807424472711579 0.04592175097591427 -0.03625191363160906 0.04822113920762214 0.0193513036766469 0.0062493346064447265 0.052984720443993195 0.05617002992181341 0.05912727522260783 -0.06570911460644684 -0.07158985930912837 -0.050626907126782764 0.07579095987739204 0.06341355643183635 0.0005379767462669686 -0.0037749501693809754 -0.04581689038482151 
0.9387098612979023 0.031715309302332066 0.04620854869969027 -0.01658745105823276 -0.06431626188153636 0.04739805655518218 -0.010840610045374418 0.008145098593152633 0.019062655266448666 -0.00916860475221354 0.011160621606549279 -0.050199988320138215 0.03961315047799687 0.008982603284794525 0.006580480307330875 -0.05484113525892437 -0.06248833620590493 -0.11650605644708452 -0.039656204421615264 -0.03304112419196433 -0.06411973205564277 
0.9990555922276755 -0.003255902326537172 -0.03602143676495653 -0.0442438725641691 -0.015438057875169484 0.011221797886767011 0.08211086612409194 0.04555239209990559 0.1083930868025887 -0.04622228532763436 -0.03768458267076663 -0.0931935622974001 -0.03917728685425945 0.09468449544480141 0.021019188296085952 0.05539030141715954 -0.01016934947816011 -0.029281976324516235 -0.02915498397270047 0.03980937647930036 0.04661829962631584 
1.1725704610739698 0.0654535877903372 -0.09426844525949589 0.021407763160010307 -0.020634016945414585 0.09553070685148646 0.09870811948842725 0.01701699514185163 0.002928089372164301 0.028031206821490264 -0.05095220269581874 0.054128575316304044 0.06625448142166725 0.0031570906329021296 -0.04659941696368075 0.03548259338407534 -0.007682171368800593 0.04946872454964438 -0.016073540525894464 -0.12030297000047921 -0.04191558701916211 
0.7428780629573392 -0.03188574882447424 0.020624507777671785 -0.056579349517381555 -0.04254118400563928 -0.05623655782091626 -0.059659089829967774 -0.14919989720585952 0.013060569495595812 -0.030703194126514788 0.020828174145158515 0.0006933720322919332 -0.03673699898345122 -0.043917477600131705 -0.017018146844986284 -0.05406801069230421 -0.027561902881101736 -0.028482339050972458 0.007827742237922715 -0.007061789624394913 0.1017892754778052 
1.3132118031676283 0.0019329202195363035 0.12885661284707559 0.030513188398033464 0.09864456872905965 -0.04004222670290028 -0.008468115699054497 -0.013590916752207461 -0.0352493056543854 0.014097728560976332 0.08199353368382417 -0.03301358359376149 0.01772045983289494 0.04283528394899305 0.00290583452994869 9.389428868707505e-05 0.13000103439451646 0.026391717428970514 -0.011908773931983245 0.07568578531763785 -0.07058381267300955 
0.9614886064408532 0.02398048276429156 -0.0506180547459187 0.058424537353473416 -0.04730954596184064 -0.058570639862963174 0.08770285644387438 -0.048190782675260446 -0.0377867415836606 -0.07699209566937722 -0.054309722327569865 0.05339679757124693 0.009122629796598171 -0.09673943963742426 0.0014744700688190272 -0.05228216007544452 -0.059345803077153036 0.037924047618415606 0.06819404596527508 -0.03812255686617258 -0.05949819242936412 
0.9871592867015442 0.0016711691560948238 0.030731275196162616 0.002700118259552348 -0.035692722220530125 0.07210324108822061 -0.08472654080837291 -0.12725876864030536 -0.06592786283757815 0.03556324307671961 0.00975276423941023 0.06893004865530973 -0.023462622171008363 -0.009705894485565369 -0.024153271009506136 0.06037422261426868 -0.039262299411352675 0.00946010184868741 0.0015497797237715694 -0.08851142572331282 0.05479647625873962 
0.9693487047099815 -0.011771558396978311 -0.07593501100288795 0.09910854693113177 0.0029212394460377453 0.021391881502559704 -0.01147874631768414 -0.12004184099339021 -0.04227478204746131 -0.09682025811958486 0.038901596968932674 -0.03859407940110851 0.0298285768664643 -0.024921932970284548 0.019230732101484127 -0.015903174728344623 -0.08512544641931788 0.030884530798705574 0.01213641860279119 -0.05856764759549175 -0.00353558516677994 
0.7228577808561879 -0.05846485185418058 -0.01861311360766121 -0.04323609675384772 -0.02041008471405952 -0.03009990332853925 -0.14958833673837388 0.018892144959329726 -0.037083681823020735 0.026016625015854056 0.01737681970428197 -0.029445389328623728 -0.008385995815475033 0.016408812314311103 -0.029449494295280005 -0.03848040174323931 0.010849135381617622 0.011973465515468823 -0.0315635709321346 -0.03190760382832082 -0.042457439778244066 
0.7019244653590299 -0.0424436796181143 -0.06550737631581877 -0.03315032016775943 -0.0930809103946727 -0.03273012836030303 -0.043043083738307 -0.03692179669482351 -0.046968239395561676 -0.02786559777977364 0.05583807586119326 -0.02991236476185624 -0.012190070224398976 -0.031258466974834455 0.016762856003248023 0.009296285954763337 -0.020418185666436026 -0.024927964802043217 0.004420306107329547 -0.04437480432400093 -0.002716578470491641 
0.8709784359498209 -0.01639196237391622 -0.0035896098640757997 -0.020149060444885434 -0.0028691107959494377 -0.001640544626392848 -0.06398124905552692 -0.05930235768075673 0.0813664268127204 0.01521623298079966 -0.057385884565082826 -0.10140783024465827 -0.04420991087233163 -0.026809451934321684 -0.013362107282421496 0.026378251546837823 -0.024024386456743367 0.06406989826414167 0.005889665289299187 -0.1161948818368454 0.06857418190935063 
0.9178096649747427 0.008817718210551693 -0.0859298144442023 0.06705845869604733 0.04412210586154853 0.002606907982129671 -0.0089751412883772 -0.0913549899101309 -0.003999661196880541 -0.0771144368667383 -0.016379689750102157 -0.045293765105043834 -0.10266527730389674 0.04222000472283605 -0.05849477469045392 0.0194651124134657 0.06606116004331139 0.036494012926613216 -0.06744092981163989 -0.042978980207231926 -0.007580029276578851 
0.8799334217738016 0.027623360578505497 0.020507342480502788 0.06580827498482568 0.018391922750481966 0.031810383637652734 -0.08980653938706507 -0.014117279696340648 0.020027624176866442 0.08795864097755157 -0.0676321583523418 -0.07352387615132606 0.06428118439905404 -0.04007650545085162 -0.06350242887015377 0.03596611246592342 0.024407983264076248 -0.049766737494082613 -0.032478918517279694 -0.12934372323940166 -0.01092193424825465 
1.3088761164088931 0.01399047659177925 0.07792419214233835 0.013173308158660045 -0.002362075617829165 0.07687050748387528 0.029275429077190197 -0.10469138143523474 -0.019430173528944245 0.05511866608348125 -0.050379030426404216 -0.03417370991379136 0.03457968183369878 0.0012390760992687065 0.07098776359088095 -0.016719980855276605 -0.0005718017441798677 0.039671711704521294 -0.027092854708782494 -0.007988511620273503 -0.07155687694787637 
0.9265380444750708 -0.03254023885507066 -0.04196767186486401 -0.07436764817720416 -0.007182380239413218 -0.09614349234418841 -0.006606695067725068 -0.08192232727536472 0.005339026128706397 -0.009650499483146491 0.05235488119259481 -0.06261623608635546 0.06889514807271299 -0.03904533412373825 -0.06505985528666407 -0.04958620238495348 0.05788198249798204 0.06568344128932789 0.021048943440353556 0.06274256083634906 0.030041613730958285 
0.9116082840036094 0.0733951268681802 -0.11026825761575686 0.06767669567679363 -0.04469525343790793 -0.07857436898791836 0.04999179126448946 0.05439180927683223 -0.05950701648391619 0.0009902528948117454 -0.005503491754486294 -0.021979057634218497 0.08523594000277468 0.015069711120370984 -0.02041585151872603 0.033940053427383314 -0.08485769851575219 -0.09564862529238008 -0.02861838574651729 -0.0700787457374644 -0.009117682318905354 
1.1138288089293518 0.018274740910044128 -0.022589891013201205 -0.032758963921155786 0.012951925530234353 0.029694971328897892 0.038845633571407405 0.0028759602056282175 -0.0705886187329662 0.04426348675664188 -0.06150304471556859 -0.00997035496680323 0.029535339183913534 -0.05956542846367955 -0.000881094988251289 -0.02272369580009551 -0.03244888647916672 0.04332801822676191 -0.07562625045720028 -0.02420971247430681 -0.03871558450255696 
1.0289762225067633 -0.006039145417029523 -0.07884467992514216 0.013291792684229243 0.020244133908842426 -0.047364934032188145 0.03599656255912672 0.08681405259135336 0.043548240990483725 -0.041060425068076715 0.039968124684956585 0.0684642053856724 0.022088143909050933 -0.031513827211409794 0.10374517810042201 0.024228474600062527 0.012729265771191043 0.09503034910949514 0.04019288255296187 -0.01685297845229879 -0.04158671984104631 
1.000603938086529 -0.03650528670912522 -0.0016996807620634727 0.06464303943836137 -0.04295713257135389 0.046099526864910076 -0.0932346910528138 0.021628754274732483 0.02934083730036662 0.03203129908830648 0.011922050010371749 -0.05615949435913975 -0.038151431088223636 0.005645470263262806 0.02506815339662595 0.004268008141498012 -0.0003494257051124227 0.02867192484816788 -0.04362014396670341 0.019017633170678467 0.0412656260199586 
0.8435922164087172 -0.042324505135164586 -0.14661814557655783 -0.0462016563168152 -0.07040245263044222 -0.050622997668926466 -0.010759322442442962 0.019039981344501338 -0.07788834645035851 0.00782530828501959 0.012661786307245477 0.10443574710302815 0.06576370657332353 0.03345514357368947 -0.07496077327417182 0.10209972060861101 0.025315425928992042 -0.0054518190874366535 -0.10987841432973705 0.05322641907471853 -0.1144659268487442 
0.9133866952488379 -0.0005110260412705218 -0.09496313546315417 0.04194481012610768 0.006533315535720025 0.10280802627793531 0.0024097469027659847 -0.02162510771046939 0.036384183248177875 0.0034612273696976777 -0.06122583923654822 -0.02256661809642191 0.026238195059314736 -0.04481263127985685 -0.03105437541388545 -0.0058924540207380615 0.1339736881342932 -0.07011851263660283 0.00974238263655073 0.007714685271784061 0.0635028579918268 
0.9742860843373913 0.06652212606106325 0.01366607688881651 -0.015189010640902093 -0.007960347078955864 -0.014795059514943113 -0.008213789725520382 0.03032165125424971 0.10323763679238603 -0.012788992437644307 -0.04349139613399469 0.0036047598761537666 0.05475083387396251 -0.04194107612211431 0.08417532046672796 -0.04446330692904931 -0.0020544033779225303 0.037299853002984995 -0.04726734567916762 0.08171786116607341 0.033191576894522665 
1.1218102651877497 -0.005556031976478395 0.01947747551933279 -0.0031385471277697295 -0.015232576321875763 -0.05013234113635073 0.0714724317914497 0.029244554145846466 -0.012291842687226936 0.005795101442752298 0.02627098526235699 0.0472979173689793 -0.026453679045169487 0.051021754189657965 0.006164354360097247 0.06123303153725617 -0.0023415323306503278 -0.03417459408690678 0.03779823233134905 0.06502420825808067 0.007855722142487155 
0.9936534512769208 0.033801628616136295 0.0038735648678701906 0.02053667802825151 -0.026094258295541146 -0.04925190019831359 -0.039801990866033185 -0.03687048514497005 0.05852566619187312 -0.009761255374527029 0.029553501179086727 0.0600168981789456 -0.07315772294563327 -0.08151853566232847 0.018725041782009955 0.06725666219503573 -0.05657823834271705 0.01172653812387506 -0.029430795905137138 -0.04669330993822057 0.06694619795882345 
0.9557652029136826 -0.06476074590596229 0.021991134827837294 -0.09996642613985704 0.05497461804855835 -0.015525036933555829 0.09029870856540215 0.0431928858607375 -0.01891547485044394 0.0052598249959844206 -0.00203572591771029 0.025861944582324027 -0.05780876914213108 -0.07912670546609121 -0.059078896098463896 0.050573913533912176 -0.009658827921971988 0.005180994214773261 0.038768245169105195 -0.015419886628219371 -0.020387852563000075 
1.0002688048968653 0.10542827692838906 0.03072332040765456 -0.08108332067973399 0.036360820018183714 0.007587315446027899 -0.04745896634132307 0.009901262827028752 0.027608059416916644 -0.07569667862973091 0.07067076389451478 0.002593403341062069 0.017804356943992312 0.050276347098433184 -0.04338069139869341 0.016449000185308597 0.002276920773621974 -0.06955033641681774 -0.004632477961950703 0.03045668408244144 -0.07600325217556309 
0.8293359641098904 0.003108168951170791 0.006255976693997143 -0.04539513059740316 -0.0221919717170303 0.01359262666253274 -0.07147369680361775 -0.027723345122257766 0.04269919879642947 -0.014121827061070123 -0.01103418307450215 -0.12937281121364325 0.08962145908852263 0.03456149216062959 0.03286006209079265 -0.09236522693202237 0.002736729768463499 -0.039767201322743494 0.007290401577269816 0.09216429458306434 -0.011878052573836988 
1.0640885142837992 -0.056987477093504185 -0.0015492402474311861 -0.038774079233586715 -0.01554910740358023 0.06554524658319119 0.03957020246250822 0.019136703281030235 -0.021689337675516694 0.04888048482415122 -0.07096361207364271 -0.000782160464699239 0.03362058161260374 0.038996615201573964 -0.02495626133489716 0.05535712708072965 -0.012451219265092583 -0.03729106305275591 -0.030770837308194684 -0.01826316565757839 -0.05363276272610695 
1.1541614923385164 0.014278490515536228 -0.08874651971053138 0.06269716495183636 0.008492778431890757 0.10010918991569902 0.07749457705815876 0.038362891293605095 0.08128704757650979 -0.10607508669025195 0.013003517124344192 -0.009827411100086565 -0.00043368105244848707 -0.059731904004156455 -0.06732177462699025 0.07867569623733163 0.003730015225448167 0.023205537160806124 0.011007459055172447 -0.03608053066785647 -0.10517019637266228 
1.0406907257122664 0.09127816248095064 -0.038306392545204244 0.042904931271969045 0.003995517185621776 -0.08439105575923024 0.1057760946794779 0.006444861356661315 0.01049734876242904 0.007017144687844312 -0.01765067909596345 -0.0011040148856606153 0.04776142454206532 0.03565940112824659 0.0036509082590092134 0.0024809621395721552 0.025408089460868023 -0.11045168172901057 0.015485693379785798 -0.027709081157319633 0.04411592691796845 
1.162729136962176 0.09601129214487673 0.005792279830432208 -0.014373713295298502 0.008116542754938347 0.03264202980145857 -0.09404849200976095 -0.06357349591042204 -0.0841153849677288 0.059751777635017815 0.0444821725919346 -0.01568371878956064 0.012297682282237567 0.007474788001150374 0.029981596847881466 0.12138986390248091 -0.006844338661818198 0.025878849186386027 0.02817917689116063 -0.021385261497300394 0.05799123959292113 
0.855799789509631 -0.04516548290272322 -0.042747139416627056 -0.01951889627767914 0.023184101857516036 -0.07249399499783031 0.041856168100805835 -0.025596068018241165 0.048982051741957376 -0.10385095729607902 -0.058211301399680816 0.03204145974585694 -0.027198626564744085 -0.029174604542882177 -0.05390890112425874 -0.003893343404066661 0.0068519698525783814 0.0723439366973888 0.10063167312593756 0.0018834743346948304 -0.016973550861703695 
0.9603276145469652 0.009794368083981814 0.0020138488630311513 0.009330074900383817 -0.05851421378089355 0.05141611438541746 0.04494372525484814 -0.02045020195082575 0.052676557162712 -0.006242656493599547 -0.024811000198219954 -0.07297878354054681 -0.0975288066384528 -0.030026600212113577 -0.006107873983175573 0.010571324679518577 0.09688676359572114 -0.0729276500115927 0.004008196746962171 -0.0012490109174950357 -0.03837046665873237 
1.1187875781705567 0.009606965885765824 -0.04391961352570095 0.11909908441100002 -0.023920344589125293 0.013603085020306778 0.07666547900530479 0.09373519731657481 0.015044789727333389 -0.0037660106030857096 -0.06763100820278133 -0.01607111941511837 0.021517405854777044 -0.0638179787537335 0.04610963804018728 -0.020416072823208346 0.0026936619281909377 0.022034528384113454 0.04797909157399757 0.0029283558158217744 0.001039106736619322 
1.0197145229693931 -0.055787967427320985 0.015414450302995706 -0.02119381574673852 0.002422649744109117 0.08793063924887712 -0.022045706208860066 -0.06261584654600189 0.03206243903905933 0.050974277837626494 0.013978420116693742 0.0037564668440393267 0.025765608642345617 -0.04205674768395525 -0.0073805421575136925 0.018085899467778006 -0.04103352741428812 -0.023675520578585775 -0.0752807914690307 -0.0309210388898056 0.0035735868869848798 
0.8367737160808812 -0.06736974191655515 -0.05244527331288343 -0.01687605426286358 0.03727357262748548 -0.02341475295638358 -0.0032791592165036347 -0.03326100529452584 0.027451915412315717 0.08216307004102952 -0.0018003337593257924 0.05190689782747198 -0.014178537696418842 0.024760736375774268 -0.07208178619840316 -0.056571364031953925 -0.029560696535690136 0.0018288456040020688 0.02159629201681739 -0.05837509143465665 0.04696030156358208 
1.1963694349507792 -0.03918884491247798 -0.05126136197306777 0.008177502210477734 0.04690031836241667 0.0415076019867146 0.047068494856524895 0.07316131566100709 -0.04036006134380585 -0.029324602042403666 0.08197171455616209 0.12197416083709028 0.10196265497130241 -0.12218382834027473 -0.00262172527307862 0.09620580361164853 -0.000521129704934736 0.04526588926683271 0.01601017428282731 0.06642470074369265 0.05584328058016502 
0.8092845596700762 -0.030447903270433636 -0.03121354300996844 -0.1277424011067652 -0.0168042554346951 -0.06152372884036833 0.07844942167795621 -0.043069046007409933 -0.010383797034380762 0.08171147775839513 -0.05321056599639506 0.056356831757913055 -0.013987898239477398 0.08630960872805055 0.022798843063895614 0.03897865733110476 0.002115855937421565 -0.028173251200446753 0.016502640873789835 -0.06995730870421016 0.018080585682889845 
0.9478630735217477 0.04779747009654839 -0.02728286257355339 -0.060134251521872656 0.030263494794154983 0.021493206859018704 0.0024963821038127307 -0.06719114568064503 -0.05038974967657472 -0.026798990693107164 0.05483839712568387 -0.05414645281116584 -0.020758551036552095 0.02398581120113286 0.015154293259858932 -0.018395943785337703 0.02411403152356731 -0.006602653398832679 0.0004738452474115625 -0.045797973930929686 -0.06547746459529301 
0.9368185833957969 0.04677653619342119 -0.013528729527404505 -0.048126260811280915 0.05474969065078028 0.019923764881738217 -0.054178381048403716 -0.013516612398773598 0.08416956850577006 -0.0499923484984274 -0.028781500576359687 -0.0021094954776637305 -0.07412088721958782 -0.044278498917788844 0.041765172752056025 -0.002262362472125571 0.07076960832889115 -0.03605935152841796 0.02577157788974759 0.017118495851592468 0.029948284805508686 
1.1395902030267708 0.0654700728899905 -0.0045241690656882706 -0.036005044834985775 -0.05263368185183479 0.0050920968817189695 0.025799574078174625 0.017703286552043725 -0.05655985107701026 0.0427062967020857 0.014572448245563294 0.05232316380764919 -0.02373824786770424 -0.02579798160512859 0.004094728674989495 -0.02049362700010241 0.04325011043598617 0.02340806882482352 0.0602651411907494 -0.05875876917124126 0.00630103973787139 
0.9121698121607562 0.044847202720342455 -0.05878180329265196 -0.01901762309386275 -0.05092146808104223 0.04666621726639419 0.005620796264524761 0.029118929425665074 -0.06759506253007533 0.002012835552511658 -0.028066256417755397 0.044453992208747045 0.08559471075098044 -0.06707851119855761 -0.040336623621128574 -0.06016704156797012 0.014232771872241208 -0.028538764952241287 0.022953231379214786 0.0020536885426923417 0.007601135757848556 
1.1356828564269446 0.05776208251007018 0.09012409410286351 -0.01375793187976794 -0.06158438158633886 0.016451612486218733 -0.02831176938702226 0.09328603679701931 0.06274916030578263 0.0786539492668116 0.0072321596915935794 -0.049381137993834034 0.03464212850903319 0.0954953081984513 0.04826273117025886 -0.006840870707086612 0.07977631918846644 0.05023372610469328 0.047860135092667816 -0.152370126164955 -0.049173405504295775 
0.8216194651242408 -0.023270176188925962 0.005099396289563796 0.03696045495006039 0.041476937211678416 -0.012524483253709246 -0.0007939692750834712 0.02599178581525285 0.02681191888776014 -0.10373921122539383 0.025156775007079763 -0.005393569424290161 -0.05850055715925653 -0.013198196344582847 -0.012915639496846829 -0.0699226899977184 -0.0004175140020850443 -0.005382029922401627 0.049871452422641585 -0.06957263760850316 -0.05129014155845435 
0.8467257849211929 0.035021070409367694 -0.018323612051025638 0.051989524710236074 0.04274001382768578 -0.08897610354377876 0.08557967230797346 -0.0493017697436751 0.04300659078349341 -0.07642746914625481 -0.02904448010041634 0.019566701747473783 -0.028471008437931142 -0.031061688953015188 0.055001105448363556 -0.005302042136730342 0.029996799525367657 -0.03554058671305295 -0.06857169352990232 0.0180943958408713 -0.014206235634767202 
1.1499772981152885 0.027772635581363326 0.004765146342128646 -0.02786780730811066 0.07004205050026291 0.015308847818995728 0.060852411218400106 -0.015378395545055885 -0.02382948186622258 0.10632908312422325 -0.07388503349423654 -0.05008349358407163 -0.04061286359307137 -0.0015182730713364366 -0.009569554501347229 0.0017320565792621906 0.0008367648698729684 0.03190195170301807 0.018493994230150215 -0.023382723234043414 -0.03300261285119549 
1.009079413634314 0.008538575934944401 -0.06495530803968738 -0.005619363788201905 -0.0949811044021238 -0.050126528837484086 0.005929641715261169 0.07717508730896824 0.056467926607917766 -0.028665482575621504 -0.004031274921321112 0.022943311887975715 -0.07010821257834078 -0.020513691756901955 0.03812059944168556 0.05895189070633675 -0.1003265902353575 -0.04076575848427458 0.0735893269061245 0.07153028733466531 0.02655610813324974 
1.0093030781869758 -0.08944365604972637 0.06685879358935766 0.021594557228621587 -0.06467980937187855 0.01307616015351727 0.0051428344646063965 0.03801531171621686 0.01803739195655429 0.042915795768714196 -0.009634891032942985 -0.025725888950796284 -0.0321164288338521 0.01851836551895288 -0.05194161618966502 -0.0018749887943208768 -0.018924055581655462 -0.010087833941957565 0.04641166054641508 -0.052443890474232494 -0.07731673776301304 
1.1668333765114702 0.10762731832663636 0.06146039416564857 0.060776645943790945 -0.007857539837509517 -0.012496794900614097 -0.01759763783810593 0.01817624868283116 0.055288825210018155 0.0188172304880493 -0.029740578306655736 -0.02622227303073717 -0.04232191091381113 -0.01907320551541435 0.07220506303336204 -0.011257006006190697 0.02062430863612413 0.012149113869165618 -0.07987952632797415 0.012561396793661028 -0.09765390719202013 
0.944821399653211 0.05437601978711575 -0.007901832474095294 -0.00489379782737598 -0.07404215003281243 -0.0018117789355059954 -0.02375493390812461 0.00886447131393501 -0.020694001716058605 0.003692712802810843 -0.09753591918427638 -0.0011694034643971137 0.041491469295597494 -0.005485124577127007 0.018016037370671794 0.0005892663385569841 0.04822220772457005 -0.015727458351036477 0.04206759242146463 0.0030504514045666545 -0.06006773913455683 
1.1211069955363329 -0.010750528896992498 0.04276393845466483 -0.0715423928676752 0.06948110738228405 0.08963232405921473 0.03846740674275292 0.024241692110079094 0.011660002807333777 -0.04015251939043956 0.05223310745474352 0.05735995553436381 0.06442353097018803 0.07634535734252748 -0.002033160457079172 -0.02374570854772943 0.049034831008984085 0.04289434237943799 0.0168780015823175 0.011364808248060286 -0.05742849601449127 
1.191726780595221 -0.015719237724792244 0.017005771249320432 0.0002173604829895331 -0.03191902039734273 0.07855852757141608 -0.02238583204972693 -0.01739632653534236 -0.06343997895005127 -0.04658246191488803 -0.00666130283611898 -0.03535608922510768 0.05009483826336867 -0.00021677018778599183 0.032254180629245593 0.02827873958750922 -0.08679754435467474 0.03853542322590576 0.020381019712680908 0.054255889538701266 0.022191364536396734 
1.224105946790258 -0.014374731984088255 0.03746381081582022 0.027864919575596593 0.01804007565989422 -0.03384738385683993 0.046073918486548106 -0.10451104895637826 -0.04638232753275045 -0.0378113062040767 0.048771963373540166 0.01798985606576578 0.02194563332202943 -0.019645807834819173 0.10005051889097108 -0.04511893241703213 0.06352678116916051 0.07672758221907573 0.07453649809455908 0.055920413386872314 0.046978670177906696 
1.1868024771071106 0.06880799158635535 -0.007419195924022339 -0.03244738185772883 -0.03693346684233273 -0.026114268337957686 0.08927300174868151 0.06508916604831512 -0.017284835139910287 0.014522486643167751 0.008124261043187912 -0.04889428933308542 -0.041789508283615134 0.06055388297975607 -0.019808564049463833 -0.00747410815010771 -0.07337335869676946 0.03258009432759896 -0.01695225580869105 0.06228617580941101 -0.04659629339887165 
1.1434720021945053 -0.01104804320962033 0.024412459871024913 0.04447858337159036 -0.0372549624841878 -0.04364168544367714 0.01571102958158034 -0.09996570889835675 0.043223454829092206 0.09289811141119897 0.008967933242402373 0.060609169917881206 0.029602363766817727 0.0350059798628559 -0.038292946025324154 0.03354321093172148 0.019805335819709488 0.013170547751648672 -0.022946759188600296 0.05477738270037294 -0.00956663738037822 
1.171826511832008 0.04592855100587241 -0.04792413480235095 0.1467279113132643 -0.02906262896886786 0.030997940006883884 -0.005796472218033921 -0.10522883415986761 -0.04129737066775315 0.03483557519488796 0.008395273127016337 -0.051209289758294876 -0.0902431670804678 -0.018649398045860643 -0.05412430336399598 -0.07222728851573822 -0.07130279620382766 0.003822746994123053 0.037999343757901045 0.014057185856398303 0.021134836645976172 
1.2644337501212701 0.04332659861465277 0.037581022989293604 0.041523403106508684 0.030932251580264927 0.01520694390338755 0.09781637018034915 0.03320265888901553 -0.0055968883375322916 0.10308503737825576 0.038945081440767575 -0.05343652898473494 -0.08680961503556861 0.06784006107110145 -0.047783814266018125 -0.06036551006723687 -0.06418747515432133 -0.010695260286847629 -0.04527626124216208 -0.008883144518058318 0.07378103935843587 
1.2379180339674696 0.014895270909639 -0.013887022033578842 0.025433403572246854 0.025822915163973528 0.049254830062620464 -0.04338420719928568 -0.01976515199061861 0.03526954020265839 -0.12821475353935735 0.041742695666222455 -0.09133370698508636 0.0981527201597596 -0.0067265816257643845 0.03922442342917287 0.1295419727194512 0.011330124114802987 0.04366315397085169 0.057939041770696344 0.08612013656229506 0.02512443497185948 
0.9289955716989025 0.043216026763423086 0.047495027493282195 -0.056483354348189324 -0.11623636885007055 -0.017062491705054424 -0.0412251633494394 -0.00824734881292719 -0.0558592127834784 -0.0189501902311093 -0.004077765149983387 -0.04878796790148981 -0.0037936891914003273 0.04017292920194345 0.04920866841039456 -0.021587845867185304 0.0014786119119611612 -0.007483612076368254 -0.07772076125684668 0.007029131265710852 0.059951526944123215 
0.6531068566860331 -0.06015513363403723 0.029658010168003342 -0.06992369650280104 -0.00975474567784802 -0.03185336634632204 -0.10206275590526226 -0.021334200412960438 -0.01814511892583705 0.03246846687106329 -0.05558205393398653 0.0223317545449254 0.06631964729561647 -0.020621871715347177 -0.0769772882710103 -0.01801824175524354 -0.06689315241462203 0.01787314112660557 -0.009986160363079368 -0.06871828162218942 0.0297518965801464 
1.0842649528900312 0.05017937294167109 -0.009351245382446756 -0.010703831546851091 0.028720615549544845 -0.021643665645917076 -0.03430033164074028 0.09840141991411451 0.044451612516780495 -0.022541812910420893 -0.08336906630316979 0.06810506561204686 -0.11096723093837146 0.027174359731530675 0.020116660285719692 0.04270087607162153 -0.021311368638668397 0.09030346895778822 0.037358942314672086 0.052878357400956116 -0.06848246106657038 
0.9366415006595489 -0.0804259002160655 0.12361211203053452 0.0055753030385576035 0.07174657243366973 -0.016055936538128597 0.025479673014899923 0.02803045179181234 -0.008576134150236246 -0.014024397494051214 -0.018965990102294588 -0.05573408916462389 -0.05472900694744183 0.02099892918015464 0.09296242967137186 0.0032039311781630617 -0.016754835035370532 -0.018511788691732797 -0.0007574664391976067 -0.09166928889986237 0.05253931492944572 
0.79401109319159 0.04278145829029023 -0.08836410620217217 -0.03715501789728283 0.0577989225680139 -0.01911176766359265 -0.027406324516915943 0.03753346578149847 0.008017519027747218 0.013847733020159009 0.04535946274185455 0.007273085103293888 -0.017917229304453636 0.0015821566253090159 -0.0021572628851756442 -0.010546801128326712 -0.04777467900413701 -0.060123914708288255 -0.07434223468158016 -0.019520070781007186 0.010421041802781604 
1.0131355703376412 0.024097709373115173 -0.00485679977722751 0.016823687255332214 -0.044278829205995865 0.07735721713231611 0.020841952645152276 0.018499848606549164 -0.02051216165311423 0.023592910851658214 -0.05798422801278862 -0.0029870184832563847 0.053966103653638145 0.00036374627336547015 0.04430184641773665 0.019007684113139727 0.06023876718418646 -0.05246195660653916 0.046619564663986285 -0.03632546613606457 0.04440599201220936 
0.997592041698953 0.01754836603189613 -0.017532309012684558 0.07345944461171898 0.06510928765587227 0.0008461590525852269 0.03641944164818369 -0.06664965135995399 0.005644498435073637 0.04647693242490968 -0.0892918800639891 0.02327220846581319 -0.10048224901721117 0.056687940203562076 0.0426902689928167 -0.0879924622520461 -0.032718256212291394 0.03860899395984581 0.04954908001121326 -0.08140958931774242 0.03015710821707659 
0.5948064907216917 -0.04352786405776063 -0.03936228607289169 0.030174025686556596 -0.021277831287185273 -0.022145809838513386 -0.028566190461642573 -0.03763662749730202 -0.05576376634511269 -0.03904476844424776 0.012990678304167011 -0.030016348997744097 0.07751277251166311 -0.08487297828827073 -0.015144574659300478 -0.01643447585202759 0.0003810895982222588 -0.06740148630049612 0.02484291486174943 -0.08034247203807432 -0.017302150681887094 
0.8381113277864193 -0.08035381087190833 -0.023537020473006993 -0.06008263879556 0.06784883452523056 0.06112236118069362 0.0690913420630939 -0.006062500715509027 -0.0031730293602049314 0.04901320022368747 -0.03780948790141925 0.02867752193786457 0.046762374066909765 -0.006440054197081879 -0.04330643097255947 0.0018925460674183822 -0.052291483355993484 -0.04886602185162915 -0.04116930456927921 -0.017395493669328074 -0.029992400173571295 
