column1 column2 column3 column4 column5 column6 column7 column8 column9 column10 column11 column12 column13 column14 column15 column16 column17 column18 column19 column20 column21 
0.9885698885752571 -0.011383467486477212 0.018266136182691614 -0.005653623958139371 -3.741345745219188e-05 -0.009702596786330002 -0.00419057183786084 0.015122071928882182 0.004918412033683926 -0.0054040100203255085 0.019296837251906732 -0.016048804600011703 0.001504257257124052 0.013057888112712662 0.012771412418436386 -0.003458582226401966 -0.008350184584526122 -0.019136839850061756 0.023535443409751333 -0.016480453656786274 -0.005512011009189945 
1.0398621265289918 0.006145962112980658 0.011558221446053195 -0.00604474817518557 0.004594102095595826 0.0020114308144183308 0.00925329933523212 0.02349182313383155 0.002233325701488131 0.003701158646238574 0.008196796819196646 -0.005433655323356006 0.01109145427711361 -0.005432888803197428 -0.018635448087681424 -0.007350142988372859 0.006165275615569663 0.00887985899904583 0.013100161262380491 -0.002732637998648535 -0.015539560364701104 
1.0042938576628113 -0.009768908599209005 -0.0013014558635385805 -0.002389087974430709 0.000799525766604427 0.012065791014822046 -0.011310191737774741 -0.0025470137346260235 -0.016375738997062392 0.00902796539119127 0.0009440628255201364 0.0004652482987924391 0.0013325459603430487 0.0022498332111657643 0.0008596486292845303 -0.007750281467958019 0.004715793919304645 0.010607697599008328 -0.004059570701322176 -0.0021183337690309882 0.009264124960812746 
1.0453793655232282 -0.01373959180582191 -0.010235500500560952 0.011089904598393456 -0.016127995637228443 0.004862463052790135 0.023690491830586583 0.00907601994726767 0.004272497595737572 -0.0008059793235637982 -0.0005457356657882732 0.019396299098947013 -0.0014079828104363507 0.007950606798478956 -0.003098260615970738 -0.004365432615199615 -0.0015332352559957877 0.0016317739637106735 0.0016752878835264412 0.007897210074585034 -0.0016122835413349378 
0.9827799321286423 -0.017403870512072907 0.004143487151997014 -0.002678395041687287 -0.008332380919194806 0.003163672048894527 -0.007453720425255312 -0.004383181564204428 -0.006560394345342935 -0.0017651836923201591 -0.01514842778447889 0.012769200820722765 0.01806507642718977 0.006986317623709374 0.008974687643054329 -0.007134449720124489 -0.012861738512961712 -0.0038485949441209645 -0.010130332270939145 0.0043716946236875345 -0.011667594855219239 
1.0023736613350194 0.010268726790521206 -0.010461569818729902 0.02697489868302611 -0.0021687870574011035 -0.006802199903938112 0.004710828716327417 0.0007716637182508256 0.00434985469764267 -0.014594647413286477 0.012646083359951682 -0.010788643292356848 -0.002968915010499356 -0.0021594725908379163 0.00437444148414201 -0.0018989407477251266 0.008392962946631067 0.007890954440311402 0.0035077548145490732 0.0013288949708758335 -0.0004930052005901546 
0.9611141636676164 -0.012556363561347032 -0.009380534934325531 0.01953259507490098 0.0065342861116838916 0.009854956195273169 0.012641970251116037 0.0016091624069143919 0.01446071612047471 -0.025228351636853268 -0.01189425319879756 -0.013019201781745522 0.005087705866203702 -0.014212332092930333 -0.0034757468208359826 0.013413770559849441 0.010115157231707632 -0.010354509864768244 0.008903878274327818 0.003577355659164136 0.011920876666392521 
0.9680383401798501 0.003407069753871916 0.01248360369719177 0.004651589795713784 -0.0009144532160831123 -0.00579217877125217 -0.009507378700039214 0.007395372589449782 -0.0028531311713982143 -0.013958296441742788 0.004662873423966984 -0.002184114776225098 -0.002679293147241832 -0.012781899161751414 -0.012777262403921463 0.0010350988644785668 0.0036962819813577815 -0.0009617045055016017 -0.007758222924092446 0.006215131106229164 0.00698792124869017 
0.9434597548899708 0.013930515999485485 -0.0041732942081136246 0.008471807689523271 -0.014140816319807648 -0.007252181900243824 -0.006949156105835192 -0.009238575856382512 0.0033274381023486806 -0.006189016876449357 0.00522979895897742 0.005625772262709477 -0.0009836414293634818 -0.015918801455106622 0.012633214174933145 0.009893647787440618 0.00864247048288831 -0.00889551563499339 0.009437514052688613 -0.0056921386521124285 -0.0054848158314586915 
0.9590082091032334 0.0033634600649449092 0.02035982570051823 0.004101779383095137 -0.002942020078827151 0.0005618855979436218 -0.001928366662138226 0.0037787818036573483 0.007041606463850411 -0.014272459351059908 -0.009961653821019427 -0.006309225993176637 0.01685046870158236 -0.0005992178608463977 -0.01611070221385838 -0.003019414261606631 -0.003090122192003846 -0.0017181421860926532 -0.01335335469514302 -0.0039258683911078136 -0.011184847569088276 
1.0428732375105887 0.01087244756172215 -0.01032645957183274 -0.0050596620726582634 -0.0065315987679301565 0.006046204220217163 -0.0008112720776748043 0.014593569879681889 0.00542075696483705 -0.0019461025708538973 -0.008311230036497048 0.004936889457745255 -0.0029283012997870397 0.011899860158424517 0.00504305275857403 0.02326296882396938 0.02221247984198426 0.007344798646229348 -0.00038145851247032236 -0.010381381550147003 0.02195942907537859 
0.980767684958034 -0.0076140436990533725 0.0037960044294477065 -0.007316027308550572 -0.021894763857734412 -0.005194106204906572 -0.0012173500608387156 0.003590825383928958 -0.00992287214556521 0.0056800374593632295 -0.007237368236666982 -0.001228983565979513 0.005234857987383903 -0.004884098366680396 -0.011580236653934603 0.010143077908875175 0.008335317368722903 -0.012935595581625235 -0.0075419200865012295 0.0019386897535181968 0.0037411595517010906 
0.9758366320164643 -0.01687851230582441 -0.004545388294283829 0.0014570351920864327 0.004198157606041508 -0.008019132715820712 0.005745167481864627 0.010800375917560492 -0.0026019205562176845 -0.009569636566221172 0.0026083752174114834 -0.005807001996958324 0.00901346636213739 -0.005571900441297867 -0.009011165565846054 -0.005141420355568991 -0.0031894498023110436 -0.011271027151359391 5.6089994348110555e-05 -0.004414682292715334 -0.0251177467133086 
0.9971642495595757 -0.008543769791110585 0.0031706776936282722 0.0019143778557888169 0.0006022119229475001 0.015235370396540904 -0.018658201237889936 0.0044362488060352406 0.0003616669736493136 -0.008928946011019375 0.010815594725820084 -0.0037011968712404287 0.004275237342747056 -0.004585907674480342 -0.004916556489431071 -0.007851128107662227 0.008948876720869749 0.004687007252011736 0.007951854840273494 -0.00538525776435923 -0.0018116953285573062 
1.0137589850556843 0.001107532223465182 0.00145054073533378 0.018658005320724848 0.005490346656928416 0.003461854790873515 -0.012033263101463418 -0.002180076655685175 0.0050621151507835365 -0.01769259287240577 0.0038061866803722408 0.008330131563835077 -0.011278096050408689 0.005548769988624659 0.016600287251819383 0.021276736362517458 0.007988531722015114 -0.003038375104352582 0.00776140306237141 0.0016177307730852 0.008771332663741627 
0.9747966729528843 0.006233980633191982 -0.010195019812146157 0.00993659070340043 0.009724403901787979 0.009546168970997682 -0.005006659474573969 -0.006021670209803725 -0.0022537191678932886 -0.013757812184182344 0.009950800711408376 -0.008935528750403212 -0.005989914068744589 0.011778730982653019 -0.0012296520312590129 0.002259871446217163 0.01583621712379931 -0.007243076333093897 -0.0021506016828573104 -0.003533247284245368 -0.019310336945133375 
0.9660893897823668 0.004246908128519676 -0.011687728786952527 0.0033268630967552355 -0.0008040459730771993 -0.0006484289666690774 7.724336333986258e-05 -0.02001393867089791 0.012022689022441762 0.013429554600349594 -0.003702685918817352 0.0005593440783533244 0.011117353235201813 -0.006929450905143339 -0.007207205197280714 -0.011403749162089962 0.007759148459753236 -0.01215279269212897 0.006015122867670768 -0.018391446495200785 -0.004813672439769114 
1.0476545847834045 0.0019418512407849728 0.011803593973163745 -0.007482001687601995 -0.0056688979474664395 -0.004121798327475196 0.0010514440254471332 0.0023872840172141576 0.00021733302781465225 -0.0023186141684849904 -0.004816965306669948 0.007359337069723815 -0.0025382293753351587 0.02365983297413467 -0.008259958526126382 0.0015386881762963099 0.013970565467466587 0.0020372465317834106 -0.001585635045364265 -0.00051117391818547 0.004554790731849644 
0.9644716280773091 0.00460653091542273 0.002061350236451414 -0.004223664747476428 -6.780815995679722e-05 0.006099411870305086 -0.007328769141078555 -0.0022870598134527528 -0.006260349777886386 0.0026457601985126872 -0.01721130491764497 -0.0007421385804769326 0.007770484562417555 -0.016085966205754757 -0.009931325588373228 0.010981279203788843 -0.01273915792502424 0.004723964180217478 -0.00784514208436395 -0.00028751116582002265 0.01101841287759946 
1.0548133774577149 -0.005581821164640541 -0.009165834835567425 -0.0038446112052789865 0.011946413878084622 -0.004385801667918036 -0.001535229574185094 0.01916137612728126 -0.015629550229398548 0.0017924300093254773 0.017910425403654284 0.0071440038448235856 -0.015387793287538556 -0.004464822881233896 0.004678089606153455 0.0056610937369952034 0.01097635201434243 -0.004118862643317125 0.003566671825397261 -0.00633947569938544 0.0022623783181092505 
0.9853253333129653 -0.01714312634209059 0.014265270634021896 -0.007345415183633919 0.0012483991211189001 -0.0006698537522283075 0.004703158794050343 -0.004374449276316806 0.001620736324682242 -0.0030419236378883036 -0.006897718692659812 -0.004294333216383899 -0.0006025703625279137 0.014117052916378452 0.006980504760435081 0.0049251534978655125 -0.001603057611097913 -0.010878245198661447 -0.008675810676647631 0.012527900076752375 -0.008146777346252184 
0.9510210749208832 0.010939387921351122 -0.0032204758321142234 0.00920479744099563 -0.019855393854947688 0.0038938993456941956 -0.014073432392916682 -0.0073661445502364335 -0.005358207301946064 -0.0008106292872090647 -0.01095214917554756 -0.002309519308671067 0.003210814223067778 0.003961249588540062 -0.011996326886560757 -0.0262748990927138 0.005670179631833282 -0.016075044369622447 0.01159863453212468 0.004080341565767681 -0.014111065629092796 
0.96907393834061 0.005998741217589907 -0.0038654783306914025 0.0038521535374053924 -0.01070749747075209 0.014669607799615701 3.2113889010374406e-05 -0.00842949079441819 0.010057856794547989 0.002354767680762076 0.00045366166687981743 0.01822333900367759 -0.003969145516434385 -0.00804189921975286 0.009504195990113352 -0.00847805073489089 0.0066546560663274445 -0.0026038172046342917 0.001373269627607173 -0.010327793320918249 0.0029151739052213853 
1.0421093517198168 -0.004538131264369347 -0.002633228431626521 0.012692046550321535 0.004765184807526895 -0.001775254690242679 0.002883994800679325 0.003533094457763085 -0.006591375828757557 0.008392670777417505 -0.002844178725506273 0.006640016813209987 0.0006994382748575239 -0.012191179817402052 -0.013463063126343013 -0.007960802529542833 0.0054568515656008435 -0.005573914794419286 0.015595603348095186 0.004308721133564757 0.005132728484644174 
1.0195672327506267 -0.0038811606572327585 -0.019804543587696982 0.010993856857010272 -0.009569207449275963 -0.0037047092113346542 0.007323248360824379 0.001121893511505687 -0.0006594260449745354 0.00675256060553656 0.005241075453142601 0.00411615796365648 -0.0058196910770086764 -0.0010538908434168243 -0.0027137587677835595 0.0002534345097914726 -0.0031956222042322517 0.014254191719038491 0.0008070147117376822 -0.0046782512831464035 -0.012000255343955634 
1.0220856565913867 -0.0036086986098276207 0.006407209872229001 -0.0055691022188392135 -0.002728151935548844 -0.0037984475835793558 -0.006075095960161587 0.011452714255786393 0.008327282049804078 0.00013047874722059446 0.007641710467348679 0.014127185316653898 -0.005323233674772149 -0.0022395094292126457 -0.011441619270975128 -0.016022850867573258 -0.0016347185094829776 -0.009216269567512946 -0.002288919609940781 0.010299809945336507 0.004930721127574584 
1.0138063929979955 -0.0005837684489997505 0.010821079730130068 9.925525872813012e-05 0.005678644234042163 0.023083455782034377 -0.0070445167202998395 -0.00307880584021773 -0.01225144294732514 0.00035704373110011 -0.0050572390529127825 0.020419479262099745 -0.0005147724526834498 0.012049696744110414 -0.0007020443307491994 0.01192327373057348 -0.011491561693023527 0.0015492196090034112 0.007017825941230567 -0.016000698901838903 0.005975106556984691 
0.9927268180705052 -0.004136594712404322 0.014573322329554089 0.013723435039241186 0.0005248507734513852 0.014699116800066359 0.008715766140896298 -0.007772789187263056 0.0031526208862413837 -0.016975717883487174 0.01123972467866417 0.0022114238970672795 -0.018507428437629092 0.00881465909832589 -0.01650552877010422 -0.002439991548634865 0.004674878371321749 0.000567750008647677 -0.011726193375891664 0.0027281261638344174 -0.0006967961969108369 
0.9724539088498565 0.002496524237810329 -0.012254654593512713 -0.007525086048515124 0.01829144591395249 0.016925114407804014 -0.00873117750589263 -0.010942608758327034 -0.008301829971104983 -0.012155293486519423 0.003664727907540428 -0.0019528003621346326 -0.0009458111972945467 -2.61510307882884e-05 -0.016083179977777425 0.007061347922414631 -0.006773070565557529 -0.0008222594657724594 0.01049597930951636 -0.009384901157453942 -0.0031512857587369754 
0.9839805673053875 0.007913321307075208 -0.009961436965095901 0.015893004999110963 -0.012228817344373307 -0.0011678526672799277 0.0035916631413788753 -0.004096557700628492 -0.011875750989040233 0.00205624531112426 -0.006643104431903489 -0.003190599544137279 -0.0029105450394155846 -0.011790575405064821 0.0019913050021431863 -0.001104842910377947 -0.01373764113192984 0.01809252581527158 0.002125001879487156 0.0002487642563927324 0.0011874592319971904 
0.9821447674510049 0.005040755185578746 0.026583191653221726 0.011169235427527142 -0.0006239744528151541 0.002377949259554475 8.465511345244745e-05 0.011263527875908745 -0.01841159928800365 0.00314462023039087 0.020853758097600022 0.014647689777107849 0.02131964157221341 -0.016548251673063837 -0.013264138032520736 -0.003827713266404978 -0.011829399489028603 -0.004180330856422003 -0.013389274046553741 -0.002729035414871973 -0.015075172947804232 
1.0187567140762328 0.0024348275753289937 -0.004124783954249377 -0.0010378397053122709 -0.0015640653913552667 -0.0033500008375016723 -0.007802784315184579 0.005244656138915719 0.00039466031613553314 0.002686603048878054 0.0150148372406978 -0.0026623262437099598 0.006344270872352721 0.009949341156371274 0.008003422745056546 0.00030991317860431297 -0.004610520540934648 -0.009284578410781699 0.0011337677048813776 0.016970735267382395 0.0178614134777665 
1.0448181109498833 -0.0007445072025172366 -0.004568299189529078 -0.00230682284040913 0.024135344200106015 0.018028701121557335 0.011265763345659022 -0.006007996035759308 0.004482334132475679 0.008461725419750694 0.016565139333832798 0.0003398608891444427 -0.007722750827040863 0.0059148940223931 0.0036500785755296493 0.007469278411752373 0.000726641134346034 0.005545214148270106 0.0030278492411076967 0.007137532232868612 0.0032577536501469896 
0.9462093118795762 -0.002358115896484671 0.012286057318702982 -0.01436263008701831 -0.02178048456466249 0.008362703568369902 -0.011400019887526125 -0.007072944469544757 0.0169406532235719 0.0008636726336844951 0.0038680454866374943 -0.005056602483299446 -0.006454239139934223 -0.006417772549022423 0.002623729706718581 0.003931498269430981 -0.0055914680011043 -0.011283446324727222 0.012361830675102584 -0.0028492736614384563 -0.017543411564507526 
0.9711834506658852 0.00028319964034695914 0.00757643799042585 -0.006253131832812906 -0.009667840596870156 -0.003575400971954868 0.008007867363755633 -0.01457185832599281 0.0014442854139189098 -0.007814768029026718 -0.014275585119571147 0.007356967405908807 0.005731293525195265 -0.01290429027785514 0.0009918362474423518 -0.017075494508164164 -0.006199391772647699 0.007359115268992681 0.007012176982265653 -0.004000294010701516 0.011184548033101293 
1.0241997946453432 -0.02047359362816026 -0.0018940256698901253 -0.0023837621892323323 -0.011235405279453319 0.0015313617287050511 0.012842651216036763 -0.0005369503990580551 0.0017813430913116166 -0.01268559426927046 -0.013367638141953025 0.013786499536573738 -0.034087529975114696 -0.011987833250447546 -0.011406097033250014 0.005545211840976204 0.0025398193495185036 0.014504879816624803 0.013211693023930517 0.006098277968711926 -0.010622264372755073 
1.0201961261771064 0.0009026546933888226 0.015563472530839846 -0.01053460559851176 0.013621365820396882 0.004633987418653105 0.004087296902164644 -0.027166656111358795 0.0013935026065534243 0.002201248972791603 0.012732517381080501 -0.00025754339127937305 0.004930856800919333 0.004986168404839708 -0.008977248018291624 -0.00596884492393597 0.013217499382605944 0.011981749503108803 0.006147514573298708 -0.0032623788117614122 0.005490193087497792 
1.02325121239115 0.008980512659183724 0.0028960131307978238 -0.008365391750589452 0.008888503625233688 0.020748231989497247 0.008172221299805382 0.006149881071886937 0.0006069359723103865 0.003683355501447833 -0.0324256202233679 0.007309619868407611 0.006628390140171355 0.004840711355601021 0.009567494706009191 0.014467726115662025 0.008226879441776752 0.003823506168787597 -0.021720139514730338 -0.0010888127543676718 -0.0009554012448013185 
1.0037885801499251 0.017685769130026043 -0.0008528925111329341 -0.0009488548712438227 0.012634986342689971 -0.002987642300324566 0.02265280563637633 0.004031415834443757 -0.002875480825108238 0.0049903634095041435 0.0008553165804714404 0.0026357340306039445 -0.02493049358889759 0.0022767032523228407 -0.0037136097070241797 0.004578821475808529 0.01308112864979765 -0.0009268974011571331 -0.0265057112941921 -0.015506802941349845 -0.016512578256492917 
0.9631993576007856 -0.012482740466460657 0.013296510041807125 0.0006347304077030096 -0.004953386465877187 -0.006412865831812584 0.0016014374757781316 0.008028286811775018 0.014527452322374235 -0.0037430695087256817 -0.004025448382981579 -9.235539652168352e-05 -0.016645999057367314 0.0075613690014930315 -0.007418821384844232 0.0086012949003078 -0.00506722630354499 -0.006427700529711565 -0.014987583519723248 0.0007418874157203397 0.01090023034634606 
0.9665637566226053 0.007204635847721237 -0.0020683379149855417 -0.011254036332925712 -0.017968383141178015 0.013054572569465463 -0.01976466143269738 0.0017707166382337478 -0.002671135219397595 0.0069143507302150764 -0.007442453546460643 -0.0012859630422859822 0.01032094277213092 -0.018946156023726318 0.0035805399901048104 0.0006252592992453182 -0.0012015934116685989 0.007841295792968769 0.011381054559731882 0.004382286723490482 -0.013576091433409163 
1.0009903113992895 -0.013734308861659083 -0.020533899672989558 -0.000143485280559355 -0.0045286519055611945 0.008797817826142936 -0.0052217959845082375 -0.006687352462258164 0.00888577574786537 0.03642304116331293 0.0010063903274988727 -0.003746997893794739 -0.017840161448431306 0.003827405648895941 0.004469958126014184 0.00230229081461926 0.0025210310370281787 4.0462477304868027e-05 0.012681242810303289 -0.01690044064916265 -0.0012567885367724548 
1.0564921287325542 -0.00635721882776334 0.017067221540936536 0.0039198471004083255 0.00382992359897543 0.001035135355584184 0.01789324689312332 0.026003976947037228 0.007474416117119472 -0.0193729115952744 0.0021648259116455034 0.009787680933561945 -0.0008659500854984772 0.00577351148169114 -0.009801278782217895 -0.010750733726400664 0.014583767329011343 0.002139965331205194 -0.019979965940071627 0.00585818761517048 -0.015060808143060283 
0.9718891467556591 -0.008320552775501491 -0.006548492205581534 -0.0030705984874542947 0.004657548490674827 0.006084391915374079 0.012200160109541024 -0.03776522831746472 0.006755193889603233 0.014253628934318264 -0.001965589540970801 -0.009708116406617947 0.0177007407336336 0.005227919222442355 0.03180768074778826 0.005902265008018506 -0.006744322693173441 -0.01369668901030316 0.003215911380211614 0.012608190472517076 0.009078376845494389 
1.0422174719439075 0.01515215834248512 -0.008481520009158005 0.004553594457660022 -0.011100547853732051 0.0030889058967607493 0.022927190968189463 0.0045596749744098745 -0.008247308922779513 -0.003882658841665408 0.005663775311702719 0.006956378453426579 -0.001065071869429513 -0.00027232257625927963 -0.010398038628481009 -0.0006856279716598387 -0.002027451490737611 0.000450381516181235 0.001789962779173539 0.009711590000122255 0.005425978414404671 
0.9703435165425509 -0.006877209556481817 -0.006283329332091133 0.01195167466415577 -0.007093912865906204 -0.005720509368374701 -0.018946902688435567 0.007687399534921026 -0.008526625703378721 0.013436560067353788 -0.00984562072951232 0.01869656440950306 -0.01764360833924353 -0.0173669335778419 0.010434646094945259 -0.025412775510979226 0.0029254473745772007 0.00823436748638966 -0.013768651133410453 -0.009079645402376685 0.012888363058031886 
0.9681732494502747 0.012236498331834279 0.011645132098453177 -0.0018018579733409537 -0.009614704034962677 -0.005000268201478176 -0.016044454101097873 -0.007947454872737536 -0.0031294321309152475 -0.0003757843283134074 0.00011431811409511992 -0.01617956112165537 -0.011294748595942945 0.0053085252800455455 -0.004873157416621096 0.004781358424492213 0.011661277897620512 0.00592994075690239 -0.002347013755012325 -0.0009305482184864738 -0.0076671813289490125 
0.9827186003673222 -0.00854866014380404 0.019669992569847358 0.015199137937428284 -0.008999572737984348 0.017375574497185173 -0.004042262265542314 0.001454539082038642 0.005925451642607232 0.0037407928655115563 -0.005003436205344253 -0.015466303540187012 0.003565427944017419 0.0037772752985157573 0.01621339883388443 0.013756766414998761 -0.0028165299284470162 0.0066739370893216885 -0.0069757352899130955 0.0004885441802970223 0.01833215426188655 
1.0740722131503313 -0.013404911892989682 0.0054452141879742216 -6.669840224666186e-05 0.01617688217610682 0.003992049483486049 0.000812801995617801 0.0006482846224476188 0.0034762697915596713 0.006920543438501352 0.006338145911125633 0.02602087156438088 0.006591585810856328 5.427032972554287e-06 0.007359812785772027 0.0027197864015126305 0.01335423994892225 0.0107786718679723 0.0023366572741903187 -0.009115830229497494 0.010457366413509863 
0.9624841035320713 0.0029223380262042215 -0.005311643763654158 -0.00016506792591817576 -0.006391331781117249 0.014994807342189645 0.0067824167562925775 -0.008158967092095277 0.001349420373250261 -0.012058744534290991 0.005388479303591366 0.0006456063972203402 -0.010169244429745403 -0.004755878060744109 -0.002471285609502496 -0.002561420192677989 0.008138772692056723 -0.007346751784041495 0.011750758283115679 0.0014295690450982232 0.0020695257685915945 
0.9346385642032083 0.011978187981149026 0.0077715262911595496 -0.0027951596591910283 -0.002452212844084876 0.010191247073859194 -0.011438028592129676 -0.008575835858533339 -0.013908145499555014 0.00788015322400194 -0.009659407041588972 -0.005130714278496393 -0.012465529698040875 -0.0027385836063590395 0.003648510355855454 0.004931290842356555 -0.00830950551883327 -0.019693617243851595 -0.007252893612283587 -0.006823509504985229 -0.0007581183635611688 
0.9517957355467491 0.011586231959008689 0.0050781271131684355 0.0022866817038411373 0.00045053542501705 0.003090472088355828 -0.00880423899060475 -0.006065978934135111 -0.012455310127662489 0.005755596035604204 0.025023202512506806 -0.016044935610979062 0.012910048368999387 0.0006951690198274314 0.008654901440518774 9.314329680002691e-05 -0.009864852139626599 0.008781846647935939 -0.01739206547147799 -0.002523324836535421 -0.00444976426022359 
0.9955228213318005 0.003970177372230927 0.0034939877873165987 -0.00719090965262871 -0.018143481925652145 -0.01964903260235705 0.0007148491904041967 0.01902219739700228 0.0009681419262707484 0.003990939783696228 -0.0018140520311528457 -0.019136380433425346 -0.004651781452155681 -0.00243999475989771 -0.00042031299014935264 -0.002763752879545323 -0.008451954476165556 -0.0070143269068984075 0.010092600029777375 0.002244111296150077 0.0009284941290638655 
0.9922844468652108 0.008117605840616033 -0.0007427891694720377 0.004545879417193557 0.002194190325511801 0.005534957200961009 -0.0036504665359986636 -0.004603561429010805 -0.007624907831879003 -0.013847944358706198 0.006495388025065151 0.0014754707040647705 -0.0014502057467516494 0.007389920530247069 0.0046160523794729885 0.007459807427381041 -0.00975652886573804 -0.010669919586306108 0.003120027356354529 0.014612489453481314 0.005684089829351936 
1.028433231322831 -0.010646572637266528 -0.008478813045113586 0.006631723439042668 -0.025254697627682794 -0.004512264775831514 0.0012628913476191148 0.002046271352614113 0.007087060431363439 0.02132254330919606 0.007588732511088944 0.010936250838313814 -0.0015477061039245188 0.022269869291747547 0.0017199037510323275 0.01256702553705888 0.010983999811228119 -0.007288035352804144 -0.0010144359786752775 0.0017327884493422967 0.008350067214246661 
1.011284548466327 -0.005690075055645798 0.0006746009437922898 0.006239084751459801 0.0009493375050325014 0.013558440893298248 -0.010325256048608568 0.008851125876367548 0.008584214795018256 -0.012878319826870934 -0.005506743908898274 0.012878069908452206 0.004272161496738386 -0.023376638211932654 -0.005936583866855173 0.01036356325757487 0.020226819107003188 0.011608830810850625 -0.004078005052967841 0.009975168937989552 0.00814795498173557 
1.0768281205086245 0.00944408767526334 0.015736380545964462 0.000458059568693866 0.004551624815607383 0.0005972531561139213 0.012271437942845506 0.009076766786182928 -0.005100189546613513 0.008216593186964504 -0.010745308470001588 -0.009718639610964615 0.001221618647036111 0.00980694604692341 0.009391985202022918 0.009413506737738745 0.016043706612944682 0.0074443897489551445 -0.001653277069841001 0.007686491850851157 -0.0010005225934088266 
1.0507938549341003 0.00018148223047298326 0.008094919789422108 -0.005381367104008961 0.015129710418119717 0.022303719515061788 0.0013279930259982068 0.004017142955419178 -0.0037611588643145805 -0.0030009677599080633 -0.003118942931472476 0.02760290159755084 -0.0020917258422223505 -0.000979924149895534 0.0013275145565126868 -0.006278368792879638 0.009744083216680166 0.005143818806372125 -0.0006074348861793117 0.016203991898263093 -0.007021929568256251 
0.9749186968043865 0.014017280766090066 -0.010600355564122595 0.003987741736965044 0.01745213684997901 -0.01076553610224057 -0.0042980612397027825 0.0038378605109544873 0.010630778933242387 -0.01095159578872005 -0.003994833302403129 -0.007345288366345468 0.006430596712594982 -0.012982759386583336 -0.008568698739696831 0.021598877182466093 -0.0023820383741309046 -0.0025793834353907415 -0.007841477059358722 0.006044696676486751 -0.014894437623679795 
1.015072891135423 0.006347566941165464 -0.006786398631776523 0.005046445437765183 0.00755155377849436 -0.0077132804476158934 -0.009843808644158418 0.008685233592734192 -0.0016130433572149121 0.0025757124746419923 -0.008140990499378898 0.006514375005295545 -0.009605035216948235 -0.013410605786068166 -0.01843440807745903 -0.010814743296754166 -0.0002264381646388905 -0.007503240371702644 0.003019813550775875 0.013728435843802556 -0.011787451369482465 
0.9754067918943208 0.007755209397673514 0.004446892871246985 0.008400726125409269 -0.011063069718392887 0.0004947444711252112 -0.006034616642537643 -0.015872234306074914 2.084210152141718e-05 -0.007422221387497045 0.0049684423798439835 0.0019995377743950164 -0.017011429669585815 -0.00024287439773943093 0.004749531863591829 0.012970341651609308 0.018814840061323765 0.006290187023534617 -0.010752743429611442 0.0006648532713456957 0.005682148122275736 
0.9933095266565258 -0.018241516964812247 0.006096489136261103 -0.001048109141918691 0.003194458978322309 0.008261611761214583 -0.01014334629935222 -0.014142472724885781 -0.008629276700691904 0.025234148984907827 -0.013419246226182999 0.004948586177304526 -0.006718438330695496 -0.0068571055434977 0.018548760308969365 0.0021790806909563697 -0.0034007798640160133 -0.008448710792941589 -0.007048853047946879 0.004649136886569664 0.00956700308296368 
0.9750995956825789 0.006539212345799085 0.0193683639167307 -0.0015310983279041596 -0.033002850029778846 0.01704137648269663 3.2770821609572294e-05 -0.014209696593350803 -0.006647213051713613 -0.003865951802449959 -0.001397069664592581 -0.0007594601500774803 0.010552144720781123 0.008101870454327403 -0.00931485616971738 -0.005015867679168561 0.00570499848414394 0.0061724995799970666 -0.006813159953505136 -0.003407487292648618 0.007971897305312671 
0.9814428362637877 0.008666411656687877 0.0024468461481213263 0.010618152788053224 0.003998618812560346 0.02509340906261393 -0.013964073689410448 0.0023378097474633644 0.00605792329413409 0.012960454195796212 0.000281131323552682 0.00910940213006078 0.008183756425738464 -0.002740160708568865 0.008823794103204488 -0.010972437055482927 -0.01289384033136789 -0.008362971191654127 -0.004163564695993427 0.004195295940969143 0.00931087565442454 
1.0104686974880994 -0.013281383039359647 0.01984872704232724 0.005130963589457777 -0.0070609538459192635 0.008794763465157117 0.007657909989910722 -0.003339783670393316 -0.0022805326031304887 -0.00023249262828697607 0.00933327433202245 -0.00757426853374896 -0.008889090142929237 0.003251744896820333 0.019238935321590014 -0.0002340678035728227 -0.00885242995812957 0.01244838295300701 5.096051991701954e-05 0.004073889968717694 0.0020885014779312592 
0.9764842892222745 -0.005190624656770414 0.018165528427722014 0.00839052923649712 -0.004228504962069999 -0.010532353213505952 -0.006229819933052668 0.014272632044508373 -0.02029131080411485 -0.008863605175835901 0.009220092881199675 0.008136186055624894 0.000790216785506865 -0.01068963471583571 -0.009331043350986114 -0.011442826398360913 -0.005217662482751116 0.003079755859736186 -0.009522469946137027 0.002361484325446767 0.012789311604861962 
1.022632625410381 0.0014613976710922227 0.017814674354747415 0.0058331833163904915 0.0037252586665868065 0.0023923885254606373 0.008903512543604334 0.009088909455074592 0.002987585831043858 0.009499317137711457 0.005977100937748206 0.010275928854652835 0.008025682851905384 0.011591421698662941 0.0165291594403528 -0.016654358553232437 0.00494855874390881 -0.011058311351516966 -0.0015141640019840335 -0.020626084453847407 -0.00545906309054585 
0.9573738975595845 -0.016260688272572876 -0.006748114441790259 -0.0028321151241625753 -0.0035972795180002383 -0.005476386408494403 0.006230648717574966 -0.0009815819793150455 0.003277103295499285 -0.008300593302480026 0.007300117194035481 0.002473241888638538 0.005047647281863516 -0.015360490098444007 0.019669283379617347 0.014222866264012963 -0.0006725963147840441 -0.01591970488558401 -0.017620916424079407 -0.0002532893879276034 -0.013561663264111382 
1.0150024602326657 0.0069279017460040036 0.002651022010638498 0.009715471259261229 0.005724961356447265 -0.011440256149025564 -0.010050586910043752 0.00581186930244493 -0.011239038195191665 0.009334235933914815 0.007776847819484241 0.0030182344710369753 6.069869003849514e-05 0.01153963112868412 0.011274454281028278 0.011160218721132922 0.008615843232722869 0.0031771557956527426 -0.02011790263084099 -0.005391093164998346 -0.008027035158660894 
0.9449765007105722 -0.00361675058746738 0.003382223662819751 0.01774210570506553 -0.015296287278878192 -0.012376749729971315 -0.03474476791502207 -0.020366700377707526 -0.011082902984192806 0.009514138641047344 -0.020962207491010777 0.0033733367328703683 -0.016640412785979008 -0.006391862752065094 -0.003927633521579203 0.005324686219599957 -0.004048389256586869 0.0024478196958777443 -0.007064910950197395 0.008349011423762367 0.0015155650523667509 
0.9838462580874181 -0.00794665577234544 -0.010148811549599086 0.022935371036948662 -0.009061134638974302 0.0021635626739908804 -0.007005171445281194 -0.0014456205603911516 0.0010838610061061791 -0.00983328929228771 -0.00021482627935578698 -0.0017424051498735923 -0.004510978704551409 0.0014262481765510726 0.007145163421039236 -0.006446106869000641 0.004583723164561546 -0.0027051439409393114 -0.002037012421857902 0.0013864412825739297 0.0005963523989793668 
0.9778439659973541 -0.00015273876095676884 -0.0021766632525806397 -0.007131500235938563 0.005138668384356897 0.007400039873223546 -0.017889188452089182 0.0015401331640048665 0.002994716369910921 -0.0041891560336394205 0.007363478634811785 -0.003977942251011404 0.008175709936120263 -0.00937090393926171 0.004809535099864701 0.00634873475885378 -0.0015438660368416598 0.012830766026610277 0.0018382815847176155 -0.011122182410139535 -0.012154225822120517 
1.0115894893459634 0.014494398563501392 -0.0021543643576251493 0.009734100457397622 -0.001333587415582518 0.00566191168034028 0.0038798579177366822 -0.0043423237893283765 -0.012050929833969312 0.0061309296968360795 0.000302509227188014 -0.005307572752063712 -0.0038803167570811486 -0.0013530567517046786 0.022296790680677105 0.005933722712439475 -0.007524235060639919 0.005956989033803741 0.01811127831944265 -0.004531324233700707 0.0004187971727367296 
1.0061434394081326 0.00655801680248009 0.015541097092451994 -0.016224019424103155 0.021375982560120316 -0.004376271397047587 0.005351806605281902 -0.007884712189866366 0.002206378663997822 0.0019963187887433818 -0.007772176797997965 -0.010008541276838694 -0.0001189051386303945 0.01263301296215428 -0.001802444377092711 0.003500030369857448 0.0076167867122711045 0.0008032951932815954 -0.014308596782991368 -0.006285769295122462 -0.0008470506907986102 
0.9752239763845099 -0.0012755984983780653 -0.015034282794856442 0.005439906861101133 -0.012611357177878785 -0.0063297285493556996 0.0010296233807226183 -0.022734862521143664 0.01115235285760865 0.012421669115979417 0.006710293776769509 -0.017490423282237492 -0.0046857742201220605 0.0074301159221793565 -0.012835613165737699 0.0030346751936306637 0.005313223642330322 0.005408938483993069 0.0007455243769478259 -0.011354675309544053 0.006996714567600476 
0.9848361777533673 0.008421904488468003 -0.0020699272302229206 -0.002283021619113696 0.001554051037356774 0.0020606839152611835 0.02503947840676757 0.006027885089906421 -0.010447828806109345 -0.00700876228138343 -0.009152881352381473 -2.65141541642166e-05 -0.02038242164869334 -0.0013530707564483261 0.008026331350231092 -0.004153434757073666 -0.0032812917511606636 -0.016710521571232827 -0.0001950369530553276 -0.010322194892713764 0.0021284288627038154 
0.9709924915616753 0.01907501527785888 -0.006003801670424088 -0.016945740335810585 0.004106393560962469 -0.010077590706526727 0.000943261940994071 -0.0034009971566307264 -0.015627453338826855 -0.011245687246143107 -0.006165012338423162 0.0016275242721203059 0.010392858027461318 0.0041625823928652566 -0.004636679790304404 -0.0016602433891474294 -0.013410123962839218 -0.002202107380905692 -0.0073831936883735055 0.009619223522826544 -0.007917503158045305 
1.0374781367352266 -0.001290932827185204 -0.0029974174854353725 -0.0009576113476895068 0.007637860862635693 -0.015324983409354304 0.0019078286811246607 -0.014061999875382952 -0.0032469760661964202 0.0067010452366560135 -0.005838056162072126 0.00864402069011754 0.0006127943365180579 0.012042230226898987 -0.010363010556723425 -0.014706578966206205 0.0017259373062517135 0.020876247502900114 -0.0015159882685536782 -0.007979307450671824 0.015210977373805192 
0.9693189992983936 -0.0023673425602575475 -0.02191429319783353 0.009179035235806553 0.0028442358401572893 0.004322529494015769 -0.0010628421338737008 0.005726249583243208 -0.008879120487576077 0.0001730865605006658 -0.004152370083370363 -0.009278240937718901 -0.0009392952920667108 -0.01116710621811151 -0.003565116732887404 -0.004138768529213054 -0.009002023572859707 -0.01755796905922653 -0.0029299238043071878 -0.0020036221880241085 0.01294058921267092 
1.0335577677980061 0.0035102247752371836 -0.00670309604801346 0.005093634087785019 0.010460518835881553 0.0037789072927174876 -0.0032293430705020404 0.013962505274560714 0.010659339514762762 0.01182075215944773 -0.02092126168547296 -0.024768912158459996 0.010692415452439222 -0.004778557271848829 -0.0006650597589591263 0.0030730856393038066 0.0069694440133787105 0.001892541182277865 -0.007868951582369334 0.009334524509033307 -0.009516205165680518 
0.9805921924950838 0.01134051026173677 -0.01315380559029641 -0.0027901989788052545 -0.006890878141150062 -0.013979060611641897 -0.013161805289356765 0.0011582756663350757 0.004275575300649302 -0.012002222157551317 0.008390706334961003 -0.011781700205818084 -0.0008998019373139721 0.008644289095794446 -0.0222968979587316 -0.0011204833319503344 0.013421243587303129 -0.007598879141532232 -0.0012714870488108108 0.002829387323042333 -0.006896538148351604 
0.9944248644579373 0.011611716698460808 -0.007871096355674657 -0.0036765409157033554 0.008023079081147024 -0.007439550166947757 -0.007450133725357996 0.0044913839096564975 -0.007280696417606966 -0.011492056700295508 0.014597277288554344 -0.005066448676830355 -0.015489662543945777 9.217570850475103e-05 0.0019285582479580485 0.013081964084912705 0.006060164011308148 -0.0028243734681315047 0.016204451034118102 -0.003070613483053335 0.011959407078861074 
1.0135918268866966 -0.021078950789785937 -0.0009722744745114041 0.0043446305189968875 -0.003465529324127937 -0.0007581380243303409 0.01215195903933744 0.000986845833558727 -0.0001836668349475492 0.0065253520466675916 0.005593172443427187 -0.000792570163602626 -0.005895402095276892 -0.006997277163036814 -0.0028632073994293112 0.005012608143756293 0.005486666741830496 0.009195024613351763 0.002813437923194888 -0.002861942173800445 -0.0014040093385695657 
0.9541538207369785 -0.000995505576573114 -0.0006491697856980268 -0.01198604051754005 -0.019900438734799825 0.00903206151365787 -0.003381370336763691 -0.012376919540523232 0.0033660752144128304 -6.367529135759857e-05 -0.0041176862488214 -0.009782895988447109 0.006037861710532012 0.0018612848446350645 0.008842928091807069 0.0016761629335240128 -0.0010363401155469448 0.0025897014943671902 -0.00408373696767599 0.002950127339084248 0.003838253706734242 
1.0671840895372506 0.004831901549997331 -0.010529670724265802 0.018764878442234942 0.0032523174710512763 0.000893251214363034 0.029143818815086032 -0.000663972314850805 0.001004328341854113 0.01737587826597228 -0.0012835159410385605 -0.0223327806421921 0.009839690718709429 0.012208540828715402 0.0024532432457539926 -0.02454737837207272 0.018382704358023576 -0.003401362045570969 -0.0023030359794884016 0.0057562617797691385 0.010256182875798275 
0.999726586355084 0.012933074736502282 0.0027342595170196196 -5.218386408191051e-05 -0.00941998322244767 0.017242207828184093 0.010409695844031317 -0.01962658264051238 -0.001131196914558276 -8.792896615747477e-05 0.017586877347633305 0.01181948598324121 -0.004923328396688615 -0.004448463291558065 0.0013575007043057261 0.006006021521073874 0.011453247422896053 -0.013005209064997619 0.009158103878851282 0.015448418850361152 0.0030249690173725 
0.9769288338124087 0.008799489412630684 0.0030152810280815313 -0.00011174466321161438 -0.007215325842798304 0.005831483427480108 -0.02351620582715364 0.004131463250692492 0.020669050974228217 0.002081422607366602 -0.020488498338591947 0.004768770402863023 0.017480041448539718 0.0013595820533537156 -0.0004989522183146841 0.0027562244029785423 -0.004705720456065908 -0.007631208414267668 -0.005905533471256947 0.002408319120264331 0.0003646578745879604 
1.0540102075222095 0.004973228469869644 0.008971692176926631 0.0010186340888616958 0.007807051999576002 0.005990259584710947 0.014038755757373357 0.013977473150578073 0.010499760996235378 0.00964953712004972 0.016853278114577784 0.00529275393515998 0.013334624464882927 0.01014003606880808 -0.004476357144599939 0.01763677177490908 -0.008590574259717543 -0.01398033859783399 0.0030230852917245248 0.0037766438797376934 -0.009968289304236266 
0.9457712896935965 0.0022784732562922535 0.008575034858704087 0.014669374422419435 0.010006191912371587 -0.009153275909627778 -0.00847049969097103 -0.009236336012499216 0.006072435506411369 -0.009459943991687278 -0.01486703056648287 -0.02239234389434222 -0.0008876981787674981 -0.012784663220724767 0.029992459120060627 0.003018138974596674 0.002105848747755982 -0.01743649219399641 0.0027672855300787244 0.0108060186637483 0.004647554512903242 
0.9718711912752523 -0.0127296824249814 0.013015565002097825 0.005422396496369611 0.008668713022629337 0.00029379916545256644 -0.010612404582724652 -0.004038676409233452 -0.004310364613609208 0.004604060162363381 0.00822909707309813 0.00041338486808500854 0.0013795645425069558 -0.01276191997065386 -0.004850780047604735 0.0020656297780345385 0.017733149756677606 0.0018182994228466774 -0.0253533885732236 0.0028980523641317065 0.0020372917500663416 
1.0040144461222418 0.0032607007355003447 -0.01367039681394745 -0.013229878865926555 0.00821942027251836 -0.022416250116815167 -0.00875414916188727 0.008532223706009912 -0.0009000283839368222 -0.020992214827074526 0.010701922488981922 -0.009968785774182962 0.007712803401805018 0.010187362995979157 -0.005329560809718537 -0.013736825287290618 0.008941261306948722 -0.008880337910215627 0.007936045897084538 0.019058167583488227 0.001497543022446052 
1.0357893144586319 -0.01048468615025383 -0.009326970078123904 -0.005035936576623082 0.01729038908913705 -0.004090539686870207 -0.00030004912752550387 0.003127028797153279 -0.01058265713412733 0.005551061671955698 -0.013073459720611604 0.007957893732667025 -0.006720286925974476 0.0014827056508523013 0.0059675797785940345 -0.01303756956413293 -0.0012062887102991836 0.007023610526589424 0.0004754084423730573 -0.00712973339043876 -0.0049383091407718335 
1.0134832475273463 0.007457075561376642 -0.011805956914951345 -0.009296388015385957 -0.012993485671514647 0.0005538670364922751 0.008612188457856414 0.00325839146751249 0.003380861436159941 -0.0036852117521648632 -0.009582120163151624 0.004359390599839468 0.01048026801545826 0.01502615651333377 -0.008169858971626373 -0.01342844611768737 -0.01890958304511591 -0.00596535119859318 0.008334180073959543 0.011731183491330817 0.0020139911802916277 
1.0150274708781686 0.00678613507417307 0.011947364531451756 -5.947537306722238e-05 0.006937040451819969 0.01050883177498883 0.00015189744033833064 0.005520209343064518 0.0039335573189868194 0.0004462400611215112 0.009396772691976 -0.0008460113760086446 -0.0023973948302703253 -0.0018530609064749614 0.006859679281340954 -0.009675434326665107 -0.014526173014040163 0.006782655889726251 -0.0017310519614442826 0.003329088887285798 -0.010859922604624452 
0.9608200024540214 0.013116186352384856 -0.01120390721175983 0.0053850226975718585 -0.009492454193467335 0.00450528177955436 0.012968853780326339 -0.009252009134625662 -0.0010952313402966861 -0.006211501256830993 0.0012835029063318747 0.00035537944365465415 -0.0066827264442934275 0.009684084320477003 0.015175066318438075 -0.004752433061458805 -0.007492551698752273 -0.012031431577625712 -0.007375919072812779 -0.018025464485066218 -0.008181630131777425 
1.0748818757120913 -0.0045685279005555 -0.002097258884529235 -0.009062809436302327 0.007849258590873459 0.0014332231189330058 0.009492536844193466 0.016994992908674473 0.0014740927364983547 0.024331391846616923 0.010001783847794612 0.012559989982975833 -0.00677472488493927 -0.002409523402253321 -0.02146067082095702 0.0023798352441565503 0.01131960156124569 0.00857813334943338 -0.013951439368243406 -0.003312742618019843 -0.0002493368319108138 
0.9870113410096318 0.0034553200161704855 0.003642737011731991 -0.008329390046494719 -0.017147750493581852 -0.003221652355272022 0.008698183236727733 0.016091391925465017 -0.013695908338159191 -0.013530051024466746 -0.016337017000663662 0.0006209598984239157 0.009659711982624547 0.0008876582798141926 0.00596795273329654 0.022626995179570647 -0.0013440957887187568 -0.011826734109935066 0.02640597164807731 -0.007373211406406193 0.00966499234724498 
1.0287376911599635 -0.0008477184952125415 0.004812615125403724 -0.0057204112582106715 0.004066880015141663 3.9673679656886324e-05 -0.005967054024404109 -0.004101690243055469 0.0016989931289208531 0.0019615636883168093 -0.007129387631879496 -0.0033353645109721586 -0.005120849259115821 0.01381905085565568 0.004661984588419008 -0.01816487289550448 0.00854667897450451 0.008936523062906572 -0.004798325086115441 -0.0014928357921995025 0.0039575945857478825 
1.0082862074357695 0.002340862620813735 -0.0005338172778730298 -0.006776328139464703 -0.0012428811444236913 -0.0015477754905538219 -0.004802326521676806 0.0066043398025053 -0.007909386863660448 0.0025845112067183636 -0.015224753010797426 0.013415368755758366 0.0008824701869085517 -0.012056336637492965 -0.002391644183878961 -0.015110486707599232 0.008393515290502071 -0.00881069128765183 0.012090336941240305 -0.0006196976171943807 -0.011981845179335423 
1.0092814222335031 -0.0030087246903922516 -0.0010857087015472776 0.007448379962711546 -0.0075324128838694425 -0.009626652845066095 -0.010407000184981547 -0.0027155885638431958 0.005551744351395806 -0.006202641750934643 -0.012628855226127295 0.008572958980213997 -0.009967059737640569 0.014358037430103783 -0.006473461526408197 -0.01781746334025205 0.00026275728838029004 0.007390398815730436 -0.004803375092116099 -0.012831002049538276 -0.012563520929973131 
