column1 column2 column3 column4 column5 column6 column7 column8 column9 column10 column11 column12 column13 column14 column15 column16 column17 column18 column19 column20 column21 
0.953434464109088 0.0147763966906888 -0.01067254172850966 -0.020943311891805653 0.006992510858295898 0.0049186874174788646 -0.0021019847952143647 -0.007444092893675615 -0.007698082362491415 -0.013082003864127334 -0.010424508785477168 -0.0008462228248995633 -0.0005682925949056375 -0.02617314770116037 -0.0003955815277051823 0.0009150129495167013 -0.007760566167528815 0.012704908762862835 0.006029967092747008 0.014483306585605569 -0.008981247199112951 
0.9736917078682229 0.005225980495297033 -0.010893400810136445 -0.005500367211655666 0.004191415790182368 -0.0015965498863696154 0.003815201454450386 0.004915241844124312 -0.010949173366320696 -0.00865997842402323 -0.0006954916419058244 -0.004533172989997367 -0.0021037069856109864 0.0006619255570502089 -0.007840917889247958 0.002331120387351106 -0.009839276471713496 -0.007064928415019412 0.0017550352260866917 0.0030513253733940883 -0.006216914289288236 
0.9584252091235896 -0.021251434956844496 -0.007897379518812607 0.004811362485920029 -0.01419445381010404 -0.004293637055896609 0.0020678650485461583 -0.007601610842107847 0.009102368928539115 0.0022593465779437035 0.0032136592506279687 -0.014756743066136866 0.014275445976222892 -0.007537880875486787 -0.01536992857763148 -0.007403647918340461 0.009959747940903454 -0.002025802912932855 -0.012915338526289571 -0.0025934945344518864 0.009428150188194609 
1.0205235711980665 0.002906780060097307 0.002825406712959839 0.007969254529415683 -0.017668733074542687 -0.002377447209487203 -0.01543248606127301 0.013065036500272569 0.01663698781957982 -0.008199832284364498 0.0007063563060852508 0.005901155021959349 -0.009801563134430232 -0.0012491597838077595 -0.00781274389412747 0.005633959234359844 -0.0051463777409084185 0.013767932210495893 -0.011137580076326477 0.017129305178069765 0.03334654260911285 
0.9862305011014044 0.018959457784711604 0.01427538424443478 0.005861400255421633 -0.016510003028904336 0.012458926135326875 0.003532766627637019 0.004326421950307069 -0.0011699983518144888 0.011884068420705116 -0.01550129800623193 -0.003389398503476532 0.01862912798461734 0.0027379116922777776 0.0009882853361299082 0.0048467262370578724 -0.0128094112487653 -0.004042351705707527 -0.01026338922708654 -0.0048652063204168115 -0.014590815489093663 
1.0474672036986548 0.0027775190076972656 -0.021501247105882124 0.010991269950532139 0.01673712950548784 -0.026485801695743154 0.0024315535007988372 0.00035824807794444124 -0.00344209134171237 0.0043988364875486505 -0.004769947121252386 0.005543366251139727 0.005030083254160226 0.004472415439484952 0.013987905968543513 0.014009467977678032 -0.0003864611663428755 -0.011798045292343911 -0.0004718136972643838 0.01643505774913743 0.003622783480185457 
1.0098255811126708 0.005524278515879859 0.010231999877704775 0.002698908966255802 0.01230217662428096 0.01136406006819514 -0.002221373722530235 -0.015146943633171291 -0.0002028999793449608 -0.0007537794810649848 0.007846998404075232 0.005246904275659562 -0.005575312506620961 0.003173919838019635 0.014191354357293866 -0.0019982940848640965 0.009172202907839407 -0.014368884679981559 -0.01025392683327478 -0.009313094966320773 0.012225285354181006 
1.0163570400914304 -0.004753418271532414 0.007694333218068405 0.002505926561668334 -0.0056973690726956966 0.0022539809793128297 0.009128192227586407 -0.0001549134502807581 0.000120190112221734 0.013211837515349637 0.0010004987739994525 -0.0067696323213047565 -0.008873318095704102 -0.004582018794214966 -0.015408231978809781 -0.004271572630909893 0.013456309684631662 -0.011746786226439366 -0.006997072039262926 0.010424081880258947 -0.00254452082006915 
0.9969398527440543 0.0002750005701965771 0.01000896787204613 0.005556652327527341 0.0038363069511905047 -0.007371516165001397 -0.00571115475277084 -0.013116770761759933 0.007429546918023733 -0.007321720527524892 0.00711220752282653 0.0009255876278004419 0.012111853688359125 0.0022915633736021383 -0.00048409235359958856 -0.002563520530309857 0.007579528535817606 -0.014629456039120234 0.009312538904262811 0.006159159432191859 -0.004636226353214946 
0.9355477883132445 0.008960812697663242 -0.009461710477066251 -0.010107347695403694 0.0016824076063690387 0.006025808193274251 0.008099419515964155 -0.001523096269032416 -0.016299755985124495 -0.006526441858995071 -0.008637928395888726 -0.02017607084272926 -0.001664264500285809 0.002954774323250654 -0.0013219211801676163 0.010644883570976505 0.003866301042473342 -0.0019520753593368523 0.0046855101992941675 -0.011844874767843485 -0.017006820699971118 
1.0003805856041057 0.008669450620396096 -0.009695078358396406 -0.005387588656342007 0.010663590029290416 0.006811214422656843 0.012126011736881399 -0.004330790772119932 -0.0023627574979147407 0.0002139819774241127 -0.00947417248511446 0.010308039098588344 -0.0071351061279327855 -0.0083208812227846 -0.004561604492759038 -0.009119441374403753 -0.00510824651123278 -0.00036854275283399054 -0.018025170413760536 0.013757363872538316 0.010743971339555776 
0.9449361436849361 0.0020883348692838635 0.0002602634161319993 -0.009219030274949438 0.02082236421520486 0.013881339841727233 -0.009001117057279406 -0.0021434476263780117 -0.012638925129582694 0.013070231057062632 0.012895246907808043 0.005312606274386367 0.014961200220136445 0.007556893633022237 -0.002269087238778643 0.02108896052976345 -0.030681514572133996 0.00459916704650387 -0.004688984583477809 0.004290795728068977 0.01196218469056536 
1.0710998964773177 -0.004525731663368302 -0.0041167234290987245 0.013956621858781076 -0.005054227344288815 -0.003066858256354293 -0.00171510606362839 0.0032019234266233688 0.0003968078613011866 0.0031256736811192077 0.00252929562844563 0.011323267725009379 -0.0026302823588213588 0.009974386706115449 -0.002793814206864838 0.0056064736412947585 0.002117492667684492 0.013234884533196399 0.017327182665945257 0.011491269982161838 0.0074544120862783236 
1.0285802031597482 0.0014278351593324504 0.0004560475905698308 0.0077933908217020465 0.008394411833024952 -0.003251855375345122 -0.008225540221505652 -0.005391870058766002 -0.002441767035791336 0.007103400121807553 0.00024490855604413246 0.009370489297759755 0.007176557062720044 -0.024880330337127728 0.017107340731860904 -0.013098623734904096 -0.0029754693345727403 0.00614932547688267 0.006568872093039623 -0.005598498693385482 -0.0027582646715593895 
1.0009816622913927 -0.0022163455416098505 0.006437155183339855 0.010735288229441451 -0.007039433813905217 -0.01160821263429566 -0.016165403802223748 0.0053682216163574775 -0.018352187982289745 0.007101595961397469 0.0020353189841924575 0.007427166885641359 -0.004302468706686325 0.0013201472958092645 0.0030357010926408377 -0.0026849175679668903 -0.002905805474707172 -0.001671693125600406 -0.009471027803805973 0.008832270657302594 -0.010498338698693559 
1.0213058941222724 0.004490780985786749 0.007700458015730833 -0.0028745984159917574 -0.00045194061247173545 -0.008067920024251335 0.018485942626414474 -0.0025246277274713603 0.00012162239299521492 0.018320412906483764 0.006063268613430991 -0.011683895254791663 -0.0009497237242131607 0.02371463964042301 -0.00144920908867529 -0.00974108147544097 -0.001267223490958542 0.0068304787700431925 0.0006910617204977108 0.0014449932531745958 0.005051230963160683 
1.0571006084651577 0.0007328998599035808 -0.0015489970781041968 0.011011390837859694 -0.00935642959185796 0.007951310543484831 0.007736520634212216 0.005196665803108696 0.005992178935559467 -0.0009668399090523161 -0.006426530504020159 -0.0031105557200435527 -0.003682792803779783 0.00015434154869501464 0.012343457640376563 -0.025813399199501066 0.02901508340638403 0.00013002398746180842 -0.008819099591967725 0.0052742112924371275 0.0056121218807751935 
0.9979671392013154 0.020650810891272024 -0.02079817910133643 0.0004836246569178941 -0.0010008293874419357 0.0034996909037876673 -0.010428918516546037 -0.0019236779486112396 -9.895717957385628e-05 0.010477161662146866 -0.0008314991546622907 -0.013943605375145995 -0.0021478940092779036 -0.0080282921402299 0.015172485672608201 -0.00796977020384554 0.007933179430308265 -0.017245057157406055 -0.0033327976205285775 0.0040008218862206645 0.004579181645276352 
1.0499525421037263 -0.006247743605790591 0.006210693642856888 -0.008949940713446371 0.00989417755420209 -0.004474422974328713 0.010276533860964075 0.009793738781701663 0.015763909538633852 0.011421261203703887 0.00732107673962317 -0.013558775345344146 -0.003416338843064088 0.02677625390282561 7.127507306154431e-05 0.015642604793450678 0.022646785769330206 -0.013007406176950342 0.026554516487225763 -0.016626713288154016 0.012393000103706068 
1.045434977761347 -0.007959934538277586 -0.0044198083284926895 0.0058257353699652575 0.008229496281438955 0.007952438018657852 0.014603896210165664 -0.009151111714281212 0.013730012816034752 -0.008656113562231772 -0.01222913023232458 -0.0018356776650032935 -0.0036547302430032613 -0.012950508912058168 0.011946061831093521 -0.002944080373404711 0.008647640375124173 -0.012858329838622213 0.01401817980714935 0.0009510473618807323 0.005778083981931483 
0.9547958869726957 0.001908311991599652 -0.006183009957423136 -0.00885079895806957 0.0057817991858667575 -0.028796370837880156 -0.010922242101395243 0.002400561352407384 0.003046174512323044 0.0009775952335497812 0.0036267901502468874 -0.00689758421248623 -0.0003957365190694515 0.011508319049370544 0.0066502867519543435 -0.01058937250748691 -0.01929430536391455 0.007388258923150298 0.006780205774544503 -0.005023952694350681 -0.012512250118496646 
1.0046299356172512 -0.025183784176087878 -0.006076354935768293 0.007517515524935097 0.007799418503546003 -0.010201932480689171 -0.004754208766414946 0.008835727911051208 -0.005058224181420599 -0.005619883920006324 0.014097494344481551 0.027171592596628828 0.005166558315412723 0.0010663621850963282 -0.013917938317047445 0.018640175643653414 0.01083600882404973 0.0038182962422764538 -0.007312753980686988 -0.005189479851041138 -0.017493050846749042 
1.0150722354406352 0.011023682731434892 -0.008458539780374422 0.006596308173069002 0.0006173888889830194 -0.002234109804443319 0.017610142318581167 -0.0034996121266218927 0.0035949285037266345 0.006912504406445374 -0.00883001175765889 0.007916011260992185 -0.0173137548463619 1.7739642548073983e-05 -0.002578950464292399 0.0010255145049428204 -0.012022980645039136 0.016809046664701434 0.003081121158938009 -0.014822669251081824 -0.007575488415030996 
0.9499546560849466 -0.011765696813412187 -0.012927207788564874 0.010862776538038434 -0.0056331104879071585 0.003262285382256976 0.012897652541031682 0.0035791100176225062 0.009877722464691005 -0.01467958653838068 -0.02003750359328891 -0.013926444301536283 0.010741176829387104 0.00920330614108981 -0.011225873320816418 0.01013767561736134 -0.0195994446093792 0.014326628372184694 0.0019657999387281376 -0.019082649138512868 -0.0016287912611369305 
1.0154829493102926 0.014093537973314658 -0.003849231353998929 -0.015599842633532993 -0.0027270179726487857 0.0009168728160689065 -0.0036231049537811554 0.011180969735596444 -0.003475632570163165 0.00829501514453328 0.009037631441940615 -0.008062726467968694 0.012210408824119041 -0.002747467159429851 -0.00183349592400489 0.0015915165375957776 0.010601740503060843 0.005982233185549454 0.00722644076636013 -0.008376193334928079 -0.006887098097885156 
0.9754510276094577 0.005239077928827887 0.0011700576764509189 -0.00706569036190156 0.0005576193566859284 0.006819711574472663 -0.0021493856984667555 -0.00281327605357564 0.003915363131762979 -0.006071905441299928 -0.008252229994102127 0.015554840019837216 0.0030505491490488384 -0.014054173498804768 -0.00011240725031368972 -0.012588180459890127 -0.005822242871885582 0.0007734632177008736 -0.012401085323721906 -0.009578952671575639 -0.005464213676932377 
1.0318605442981668 -0.02003330771318384 -0.006653945995998678 0.006576582358855359 0.0006588995356094719 -0.01758253581526303 -0.0014993875188867604 0.02295351474356246 0.004751242172971879 0.0030474306502013887 -0.0030001209173064736 0.0017210451047491124 -0.0020786657949817683 0.005868256443564491 0.004838964608496522 0.0230476556242098 -0.00017741570015043185 -0.006524671094245102 -0.027435661768455636 0.009600531294755802 -0.0060667807100789044 
1.0367651198394772 0.010143711223128573 -0.010210521578929084 -0.006321842872385709 -0.008852812998663645 -0.0020646795552969523 -0.007929601293229109 0.002067167631498698 0.008530971172217518 0.014664417138235537 -0.011130357106294413 0.004734962749343163 -0.004666923210523517 0.004064681979297751 -0.0023413177287907607 -0.006632271732509341 -0.002456308173749102 -0.012293247277037518 0.00765884223605295 0.013976136693374193 0.0036966915609964435 
0.9661550800956081 0.010023966055768996 0.01746332203403687 -0.015072695830015404 0.015500520453347622 0.008056064791426126 -0.02771837909073774 0.006101177278701884 0.002338651956593232 0.01507701117781955 -0.000645478874777045 0.011189726428184315 -0.0034485593386030374 0.0009978872464414912 0.00885002538508509 -5.832437272163991e-05 -0.016339668170348952 -0.0020646843511529464 -0.015916179682681737 -0.003784347431119044 -0.019508584464503015 
1.002582227483762 -0.00033335276672369596 0.0026923511886464903 -0.008472346080255847 0.015296900452253341 -0.01206519043127339 -0.013862610390487633 0.0019292382838929862 -0.002101122144508584 0.006298745323809003 0.0043999394129955825 -0.0075998407217637036 0.00042080147017596733 0.013139080400513937 0.002084351545556415 0.010054940243472348 0.007437022160193438 -0.014181376846996415 0.010646563513911194 0.006474589466335019 0.0009504608064890182 
1.0475464677576611 0.0032419430088907893 -0.004419922138321661 3.744132691860537e-05 0.007562784977308889 -0.0032627552618651567 -0.0010716170597814348 0.02389245080542635 0.000814200140290604 0.009989107344875781 0.007520128435215916 0.014927623616287975 0.013586659800184055 0.013436929228811742 0.022026861762283842 0.021539318270183305 -0.013525034851292743 0.0002639646689931647 -0.0051879499178656445 0.005016348344406616 -0.019447120093578598 
1.0520520111761926 -0.006147239859116474 0.0031981557824442837 -0.0034395856934780716 0.007895326318783667 0.0010633760730355446 -0.008283490425770005 -0.0019160530841496077 0.008278888316248446 0.011814294904530677 0.006329406222518581 -0.0005831549859960283 -0.02736393595287397 -0.003284966924140653 -0.0013078294032686354 0.012580048701488312 0.017975020555894214 0.0002790926282919511 0.00933561300398573 0.010368671145484348 0.011174920381098342 
0.9624958942956828 -0.006693302506646264 0.0029878454625577224 0.007774896381368752 0.002235388614827015 -0.0034246427617281626 -0.007546397466707723 -0.009557913174682204 -3.326473805125777e-05 0.0006814621841870007 -0.014693353422272563 -0.011708885094405784 -0.011922088354863658 0.004335647135710977 -0.017499196739018768 -0.00744561450214845 0.0016491072558678477 -0.003462389727175053 0.010785154952658112 -0.004555328424499885 -0.0045825227891405015 
0.9938752517368867 0.01650915671119916 0.0031726972686379746 -0.004763345535661862 0.0022727491880317617 0.0020011222257459004 0.01635257725491052 -0.010044344362518068 -0.014325458416403397 -0.0017568354988528462 -0.0015007514789029891 -0.009981618854302016 -0.004735187458031614 0.008669211910323289 0.017176218721493622 -0.013066112087646225 -0.001675710690918814 0.01926853786707856 -0.0003662506246062162 -0.005115976214382109 -0.012043996676848976 
0.9632294980878369 -0.004316900836902225 -0.018552343137370964 -0.012762364040899402 -0.0025887662376601404 -0.003606656857143883 0.011699805350302362 -0.00913855586920467 -0.0034124055032154757 -0.014024636019340066 -0.02090191960270134 -0.006624341964790966 -0.006846290760902611 -0.015864574147942935 -0.01734000631974737 -0.004815852022277112 0.0004104724931551255 0.001997771312346015 -0.005664110022775719 0.015329877630023643 0.0021272805048774754 
0.99379316136317 -0.00288978490800826 0.004844563459338832 0.0034156292940352682 -0.0010020245436120462 -0.007168180449102621 0.012321066814539995 -0.0054756723614696095 0.011001386695111472 -0.01114086302240388 -0.009366618603866804 0.01456051885540711 0.0004061123939036291 0.017781076128065062 -0.02004777563254266 -0.016365377328727213 0.009847960424376571 0.0025717115805848046 -0.01553912132716423 0.0034610296959635767 -2.5041000371931535e-06 
1.0186711763592478 -0.003257511197432024 -0.0012479148577482176 -0.0022057755915125517 0.012823602545082318 -0.014569583188009364 0.009807825921557947 0.01082276685605114 -0.0006795939093064469 0.009818573716201538 0.0014676389217231347 -0.014405218191317876 0.015397780380648981 0.004021990523117198 0.008121366993352013 -0.015092793237067635 -0.005571656610558584 -0.013636164697703972 0.0040003140078744386 0.011523572069749835 0.011915779130393465 
1.0066295083608807 0.012080886769277734 0.0048285819005837935 0.0015017364459828173 -0.00734053616792611 0.008580237899159213 0.014333333051250993 -0.009592116280748839 0.007783677078967224 0.01979773963210066 -0.003969155962968831 -0.013945227946238209 0.01020350586212276 0.01223477497106451 0.006806319931913878 -0.01159776824915872 -0.006482285010764238 0.002058829423094611 -0.012229149420457828 -0.002818409749968137 -0.0040760968780309235 
1.0040480449246205 0.0012143277344117906 0.0048951663682488605 -0.007261073891953053 -0.013630849834024962 8.514992780953738e-05 -0.0030493521632471805 0.009662608376278099 -0.013058278505585965 0.004388279548443469 0.00683436898618437 0.007678134796077978 -0.007751916793198436 -0.0009273625871272874 0.007019806096820843 -0.005249964504094457 0.00019715768240068343 -0.02603414246868877 -0.018727364567108155 0.006630657752564248 -0.0025509549814167367 
0.9716702422721778 0.0008374711312361293 -0.004545066537076868 -0.004282826209296441 0.006103375233119406 0.013964808678999626 -0.002567894417370954 -0.0069615232839825535 -0.014505442911503873 -0.0017265696926903825 -0.010709735130164358 -0.0036004514488661645 -0.001183508561582855 -0.0014373816727293214 -0.005645375791323248 -0.007900612638195728 0.009853089283977535 0.01148118246008983 0.0012872815230180418 0.0029081509768635583 0.0005297672419264649 
0.9877192279329243 0.0039338357684073205 0.015372016993321216 -0.0059861500866095416 0.010265468623370291 0.004035809711721512 0.0033917355005062167 -0.001019635405273293 -0.013695360100334371 0.0019577622989942083 0.008775505591250683 -0.008433615537591466 0.0015956710133724348 0.011953595862646696 0.00045023233259586535 -0.007578712205868276 0.007064839158971057 -0.004193259914412518 -0.0031852481108444702 0.013282093215284911 -0.0053384780327795376 
1.0094611996454126 0.0057648728691263975 -0.017067975310191087 0.005709990597504261 -0.009802635914450391 0.00831621636501294 0.0004407331844829323 0.012309073683256424 -0.007057197899298087 -0.0034088616432412233 0.010092378545329555 0.0045787703549926345 0.01768142082011854 -0.008659771215264652 0.0029286486848527126 -0.01697584008475371 0.01930165470867032 0.012621756225414758 -0.010607590476272792 -0.006542536237004558 -0.0069807897881475 
0.9650289382156859 -0.015504162184920563 -0.013694767858291908 0.009247565840058881 -0.0027682293682489575 0.016859112892886746 -0.007378232686309271 -0.009229819129989882 -0.0058842356246824835 6.86043643045265e-05 -0.007094990386848358 0.003182756443355792 0.006650386909847853 -0.011013051740102227 -0.0024542630598135685 0.005384432643533916 -0.007089708838218113 0.0004509872075301725 0.01059188413806772 -0.021182815641693397 -0.022005272024679865 
0.9773967449545506 0.013133914058901637 0.018311952836959914 -0.006427718176980799 -0.001628802239425908 0.00029418672523734245 0.002481550690358332 -0.031866102696628894 -0.011096914665719866 0.0043747799725721796 -0.0034631637811734905 0.008351738296106269 -0.00488404864426207 -0.007967819820660837 0.004167054548968289 -0.004236214354755676 0.01689052432906188 -0.010591974712550327 -0.012529045656272886 0.001436763875553619 0.004575396572962929 
0.9466287875244453 0.0010809870182314119 0.0034801513824219664 -0.0029577092423298686 -0.010122371027287509 0.0061456994190333515 0.004926256755063508 -0.004659689242720849 0.004776552405102991 -0.005487226670578016 -0.003741028541985072 0.002970582700329871 0.0032664616683908227 -0.019184506235929325 -0.009558357531031415 -0.00822935913958174 -0.025929753268814307 0.020844271199918846 -0.012156507723238641 0.000703479291008344 0.007382782189252363 
0.9792772296435153 0.005602742661772611 0.00995552995638186 0.009727539676007953 0.003378384801903266 -0.007858431765252685 -0.00888393755701269 -0.002835212872057781 -0.016126697937200823 0.0005599841586433787 -0.009865959134447417 -0.0060035733648576995 0.01640316026300917 -0.014269035987436651 0.0015958306572224409 -0.004625670229436807 0.0023966994802468466 -0.009767727375961436 -0.0059269520558116184 -0.0007861049043662512 0.008571581614072689 
0.9393318705900829 0.005861830933443057 -0.0003698952244264408 0.0011096771081625172 0.010381841123169032 0.02781812673668869 -0.005388772788834404 -0.0022652365235482554 -0.0036458340179314932 -0.0005032104278116481 0.006312683540403595 -0.00955744184979655 0.00539211615255058 0.01426838582628726 0.0026387003166711233 0.004081059376140003 -0.02701943378124657 -0.007617412621131526 -0.007620756600354206 0.004419737685629448 -0.018521129340159422 
0.9822135291209568 0.01214705224585356 0.015371244535300446 -0.005222517142853488 -0.010373220135607009 0.003670222001274101 -0.007500671265139625 0.006361489833119591 0.015038972322994686 0.005610445053454051 -0.01206118944620617 0.007172056596667289 -0.004411912732744586 -0.0034225805697806057 -0.01599539768987853 -0.01702837308593428 -0.021328711770512838 -0.004827291030651356 0.009022713289529024 -0.007768857222249564 -4.363707540715442e-05 
0.9449388914133605 -0.009995982942858589 -0.0036105491353783576 -0.012919845351704658 -0.012184205375474702 -0.012410920750921345 0.01040757933121171 -0.0004048466845388168 -0.00030995834160073364 -0.018938802470432815 -0.0023348240853822743 -0.008116564263426936 -0.0026697116921822962 -0.0013009973057767873 0.011394234445254262 0.017133283936482637 -0.025783578991945177 -0.006878993405212037 -0.015696995482354533 -0.003449769860569667 -0.008498821523836839 
0.9739377210365041 -0.0028397780139700047 -0.0037022531752364113 -0.01436091875953744 -0.019813121400103613 -0.011880336397459713 -0.00945229459162233 0.01258019430481892 -0.005264290046010148 -0.010493959427028847 -0.008662816822180158 -0.009590911037274866 -0.0009323762911950082 -0.0011460521118450404 0.003359206696748282 0.0004902362652225117 0.010466051755914543 0.0007363258674683137 -0.0024646852890266974 -0.010053210599893381 0.00774315224327706 
0.9557352304216246 -0.021255173414835796 0.002236115419176003 0.0008820198600131808 0.02145014899833629 -0.00772002816951083 0.003116380653939404 0.0006702060848080316 -0.0028751201002688233 0.009087743646977951 -0.004269798187849906 -0.02086009163341726 0.02380071226801313 0.011755640149340692 -0.020412101130421453 -0.0036826875953468313 -0.0050312610872798435 0.0026149365987944975 -0.010567646182145563 0.0076729020492379086 0.013429389655369961 
1.003235689432263 -0.008402039448651498 -0.005697161320073068 0.0012911706070357094 0.01265088855399922 0.00166885335062239 -0.0050034669206626215 -0.005335238378407701 -0.00485354122594455 0.001377101505607117 0.001761385718563418 -0.0025662935437003385 0.005730402713608185 0.010005983888805003 0.0049138502315309055 -0.008915265643885235 -0.0016693897321862603 0.00226997283468254 0.003922953051029231 0.016283026170284643 0.0037868130119355433 
1.0052092646097626 0.006987832511650891 0.00595252062505397 0.0018775809017606308 -0.012790308594361026 0.0246696857353686 -0.009226999963895512 0.0031393899482946627 0.0003888162556143946 0.017385939618965715 0.0024173017495735154 0.0063207791030849975 -0.007194182262747807 0.00673672293414967 -0.005235316610064806 0.0150862294132948 0.004394162132720842 0.0119397299498019 -0.020454003382426148 0.003620577078309937 -0.018602883585970342 
1.0450779120226394 0.006670990587287805 0.004169610981291286 0.014791422990224524 -0.00790369800350001 -0.010141431668032417 -0.01386184649678526 -0.00036699224149987843 0.006095203733537029 0.005317331840382084 0.008927009296651104 -0.0021204148236505355 -0.010344943499219546 0.007137095860374786 -0.00837911535333893 -0.006611598467917791 0.012847516857231447 0.01558671965800888 0.0038685061788832423 0.010390806826701062 0.018083684284255476 
1.0496620941403219 0.015195863311174762 -0.011285309474180143 0.009560446035966003 0.001557581472205033 -0.00012899414432285096 -0.000981112940852611 0.007234969186117747 0.006389238649169625 -0.00010792744474807348 0.0024270781103398835 0.005596625424363686 0.004657174581125632 0.001503798381729269 0.0014375022943121766 -0.010435581444395815 0.006244005437336279 -0.007091517111931214 -0.0064382804664783145 0.0191410784610129 -0.004690543173237129 
0.9834493969593823 0.001185223899005619 0.012657647912057965 0.0027483426969162257 -0.0033709693898742337 0.0014197682975732602 0.01037530729924458 -0.006415306749224119 -0.010748172124009522 -0.009451082745406118 -0.012242620708869386 0.0024424342925905263 0.00010579919229271546 0.003731092754473913 -0.022625451122410684 -0.0006929817535613648 0.012594682997283325 0.006867815114328725 -0.00016047339824757663 0.0003742733319452253 0.00035016814426309955 
0.9781871416507741 -0.023516708448106226 -0.018750745861313704 0.002749367998273914 -0.0026413405680902747 0.0023142942935964386 -0.01223000529899142 -0.001424495760867554 -0.006229188992907073 0.006820980489992648 -0.010735899588404976 0.007095082905014947 -0.0052026107717998826 -0.003142585922450462 -0.008653684653008458 -0.01687432286933581 -0.004242675213332475 0.001162355172373169 -0.003850485758004396 -0.005715998245491022 -0.002954179910170442 
0.9757921054039204 -0.0002636995801854379 -0.0059118643360115564 0.005911072110397011 0.013093576433194976 0.010762748845147897 0.003322381940866999 -0.006062679729826294 -0.019222328563780432 0.014130557663900424 0.0006675996523830392 -0.0007080352413870391 0.0003290776366404967 0.0056670888495047545 -0.002760221279308825 0.004622777083104368 -0.006770899674212884 -0.0019283658224316588 -0.0024541198588241167 0.011716645155525498 -0.00510836535235359 
1.0217898723020542 -0.0054969691334071135 0.011722699854945782 0.00717891984658148 -0.0018234303527664842 0.006361432247796148 -0.01203067303218484 -0.0010861533114864326 0.0014350487460897646 0.007971443060292708 -0.019659330949618314 0.013495650037843159 0.0006507723328410799 -0.0014204929868572224 -0.004633300863096337 0.005285898285689057 0.0018000196140724653 0.007636229775046799 0.01624446209454996 -0.007842787880576262 0.013928709576768495 
1.0002636801357674 0.011368751579324217 -0.0001944717756013558 0.0034289144071617253 -0.01759453260245265 0.008709121506143763 0.0020936467110869153 0.0063190916803409 0.005985462425293039 0.0017251103188730779 0.007301243887034548 -0.012436585282398856 0.0002564053140336275 -0.0028160181960066393 0.005416723506581884 0.0083023807970829 -0.0018781972008957673 -0.013448583530557556 -0.005683456094342774 -0.0051006829848029055 -0.006121529076166111 
0.9680044440262046 -0.023716669916452743 6.664340487548326e-05 0.010776010328068962 0.01586673400706824 0.0012851110156923012 0.0015346490193085182 -0.004341464808010702 -0.020109898121405935 0.01783488138761715 -2.740865809882863e-05 -0.01464295573979635 -0.006128734338269909 -0.007186003154196235 -0.0025400923395595162 -0.006437083909794014 -0.013056025675751091 -0.00932748398312517 -0.005173636680155854 -0.005193458914714012 -0.020994032855265826 
1.0791287372638743 0.0016941814452970667 -0.005393891790400633 0.0057547248037221 -0.012109837951756932 0.004208660566461664 -0.002716419445801046 0.019528659851852006 0.003615402741280079 0.011657500557080806 -0.007479239969651104 0.010942996767361577 -5.010304516161589e-05 0.0054562641099492005 -0.00930866041713163 -0.00983531218946927 0.005554941487879173 0.010373512887896041 -0.012239568259033396 0.022841241079622803 0.004348463639274706 
1.0014062840869145 -0.010166380735705732 -0.0034850200295388086 0.014861124661577976 0.0024826317740767895 -0.0004681993686893363 -0.004064910125649778 -0.004621693625552833 0.0012019408917390523 0.0021938438060558965 -0.010015600506334918 0.003184976100049132 0.00046876809412017037 0.0069120627030032035 0.01563314540206577 0.004599820615554386 0.002885592607888981 -0.017220382502103844 -0.012902364172280674 -0.012114495202655793 0.003565080532588144 
1.0207790258099212 -0.0040877925276949275 -0.01600194954668151 0.00717268267334946 0.01615680606626374 -0.014768790769797108 0.015022292994474766 0.012899057671895909 0.01625962078012012 -0.017653536122441634 -0.006715856143739416 0.0075118617181193816 -0.0006622843919437961 -0.008762597946530452 -0.035361498304653634 -0.005057351826465008 0.00792360371250284 -0.01662137096073261 -0.0035045375291184694 0.012559673369005889 -0.0023169670000560616 
0.9433517164358006 -0.008220391170355477 0.0014928297181371686 0.0004217012345367593 -0.011635599336700775 -0.005239048779320029 -0.006113364180907417 -0.0045191107163359565 0.019197518860852143 -0.006501826729574329 -0.0030065908893283683 0.0030572057860056385 0.01239161951263291 0.008613686534015525 -0.012648642855337771 -0.0043692535083568965 -0.009331713737694378 0.0022378185252759785 -0.01200152557436916 -0.006877313532268495 0.010620445032864488 
0.9657997114557756 -0.0027542187589728396 0.007079518009121897 -0.00010300724850012849 0.0010620396908703686 -0.0013631851565601989 0.015789959906974866 -0.031213085461175207 -0.007166470318646848 0.0021978657863054355 -0.005791568935342728 0.018079013049294396 0.0063717825322301535 -0.005650596661783374 -0.017230531404445432 -0.0038012221666979557 0.002521856635764142 0.004229151172964198 -0.00832255002354654 -0.010553872928140378 0.006193427425159654 
1.0222466300254451 0.026526141457934544 -0.0032541689772487936 -0.013889107777444428 -0.0014626804317246112 0.01051687780346085 0.012501765672565546 0.014335055188109722 0.017846360265277396 -0.012559148324749966 0.007155793518381997 0.01370795178440944 0.005968482281015367 0.026588910790368465 0.00023556315140236053 -0.000712973484125634 -0.0007611497794363039 0.013269418951406662 -0.005955759868019212 0.0008049935740170134 0.010010015067680593 
1.0090263393388026 -0.016766146039294622 -0.017190306830139526 -0.009034542239722793 0.01438183481450305 0.0010402614066727944 0.002923902625017679 -0.009125659036793424 -0.008148800981777218 -0.0014963332816553504 -0.007548607725664999 -0.0027824880662337343 -0.010117182219251007 0.0017026008568233745 0.013174209286685824 0.0077807312915599905 0.01598586942088414 -0.003034967299744209 -0.019154156438683324 0.012837782405539441 0.01101200956149345 
1.0175775942775553 -0.009763830101616808 -0.01983605964471754 0.006231598592309742 -0.00762209515676638 0.015282764516756244 -0.005717938082434982 0.009146006284640825 0.01986291934057085 0.0016357592766070757 -0.004229641524203637 -0.009916289558710474 0.007563230752835634 0.013723779899564288 0.004271944091667725 0.01013256707875927 0.0016567769287352786 -0.03879788717021879 -0.012746615793417054 0.012499593482904173 0.0008444713135917091 
0.9676758422600856 -0.008565986857816427 0.009913208890663478 -0.006149520736670653 0.000808222103414014 0.0006327579985768731 0.013318172640613484 -0.008581880221627921 -0.0004055196301209948 -0.003829562063531597 -0.002693313742600621 0.007260006557459489 -0.005955555217414457 0.009091471269493227 -0.011786629723295045 -0.005153555396707767 0.009332178050596216 0.0033819456453500684 0.0008720315158722326 -0.018719244605050662 0.005952075145087154 
1.027830513388321 -0.004915220027867794 0.006604059616362782 -0.003788170506206939 0.017556135669139473 -0.011260398913324898 -0.009675732421023176 0.0124253870688727 -0.005875657961448744 0.006659622780859229 -0.007146206893271221 -0.020313259373773308 -0.005885894099022381 0.0054467145528764365 0.017220443062746938 -0.010841680873118372 0.016847385030415597 0.0062913951715477005 0.0017852294447284099 0.000776888083648694 0.016602956806884644 
0.9613886429827057 -0.002731003945831331 0.010330844438393827 0.0018280502296961765 -0.002543500459419139 0.018839726527621743 -0.004441553781602707 -0.012654911863841269 -0.010626607933591803 -0.0038731417944262497 0.010067734001318813 0.001975785867244846 0.016799597132531232 0.01151122166618287 -0.0024025896419106966 0.013417269624114596 -0.004760280133801173 -0.003248443189735861 -0.0036979443614524867 0.00686340286296726 0.0020844284961997225 
1.0667095622050722 -0.003544021541517608 0.005753049282025289 0.006140275989507188 0.019301057792584085 -0.015099844941913996 0.009368852335175959 0.007308438720177857 -0.010884733392753565 -0.002314428265650049 -0.012413147001544292 0.013477231123430812 0.002649931650912834 0.005127873828061439 0.011154957828988987 -0.011205138882536807 0.006454358952954644 0.0028239670472091512 0.020838641301598227 -6.95003918496144e-06 -0.01999847580711667 
1.026220960142095 -0.009491891065843345 -0.0033756120009604596 0.009396057971483048 0.005067344221259907 0.007960833616003068 0.0036005745060715124 -0.007915766930975647 -0.016689668048455942 0.016015624618589734 -0.010279357375521325 0.0028451394665836814 0.007802481417219303 -0.011755986344213437 -0.004752533468333009 -0.019416558826034668 0.01005560835811801 -0.012153692416410587 -0.012758625749847182 0.027888393598110822 0.00997789903981161 
1.0318681319373064 -0.01249846308784824 -0.00480115378283571 0.01418832828019228 -0.015781483202763184 -0.005983634556559842 -0.004191060249602311 0.007076939923865519 0.0011025831481046927 0.001895793273412891 -0.0005319460546560076 -0.008797621818235967 -0.0032434869266798868 0.0027699668827209805 0.017429960647883408 0.001179608843685478 -0.011212074509515566 -0.009851750424539465 0.0014484887341806266 0.009244836102557465 0.007484316354624294 
0.9744456136324402 0.009025002773105063 -0.0052109069331807804 -0.0004053539811633949 -0.008021352629283732 -0.00032970222377107965 0.009355633770258939 0.010242433699974896 -0.025360538842691273 -0.009467907621120954 -0.007600229008352681 -0.0020291654401709013 -0.004168445448167546 -0.01620072589820411 0.0020633245540338688 0.009486846338128975 0.003742825988205647 -0.006179850249846182 -0.0022198023085949364 0.00632146100662097 0.0047556518411183465 
0.9928515257102034 0.017535271118835724 0.012834886361194864 -0.013849290960151335 -0.007750531144877643 0.005604678107824029 -0.0034743863533332514 -0.014983883816926087 -0.005005295591446298 0.002052879320796011 -0.021936052481851705 0.0006862077121091484 0.012297578245701362 -0.0008481897524199919 -0.014107098738319517 -0.01363222476811929 0.01748857930785657 0.012738690964841195 0.012514093938977913 -0.00437391326497382 -0.00223713229878001 
0.9833391284867744 0.024095532775164536 -0.006824674664358647 0.0029422660040574157 0.002826593971621484 0.006929722618598967 -0.006546107713302728 0.006303544162746969 -0.001155608120784168 -0.014439558535418194 0.0017632331256500079 0.014644462048452081 -0.0001302273738746972 0.013425254665094593 -0.022616231227791248 -0.009030268965089738 -0.01155159928629822 0.006075107426570642 0.0040285689601134165 0.0036401123730618354 -0.002415034222501793 
0.9941252374756997 0.00023465591047453085 -0.0027283070538328203 0.005104045857003374 -0.0006087453749693477 -0.007926727961260416 -0.004308491398277013 0.009380736938244826 -0.006440746084396411 0.0003925684240955155 0.01020868602251164 -0.002446142178973369 -0.00679672217474665 0.011033126107638725 0.016842469440463886 0.004660297011804002 -0.014154931935019278 0.0023961774049123673 -0.0017941005984401554 0.003216412112284798 -4.478258049371524e-05 
1.0991220412347642 0.0010789649059195915 0.009341708411428123 0.007282482356305717 0.003907042455388093 -0.006497310092965062 0.007858765289527999 -0.006068310914363331 0.0063441537579595145 0.010775139963352654 0.0003992919380088988 0.01620007063223289 0.013335592390172986 0.01092253075975403 0.019028402864321513 -0.009788796923532907 0.024007347615651386 -0.012979860323878845 -0.009054403156190114 0.02639270865775456 -0.005965322374688815 
0.9558054174235655 0.0028293380087160043 -0.0004655458348256957 0.009241031545793544 -0.020215554331386002 0.016648512068021346 -0.0072179259676123176 -0.002445674812922858 -0.013163151855764763 -0.012841270976285839 -0.002087581398699284 -0.004233090473904772 -0.008953509118832127 0.009366760580147926 -0.0055587705870095115 0.006077799818594876 0.018225340262816973 -0.0017614478610767168 -0.008185813226982124 -0.019545830980192025 0.0022776487605321184 
0.9981787120874667 0.004433881408182519 -0.01827539478460784 0.00787238036868036 -0.030544244469170617 -0.00824414440834911 -0.015658687188722903 -0.008797736809973467 0.01746629254364212 0.0032043111142440674 -0.005399580723308286 -0.015623711015762591 -0.013886736727264978 -0.014454178054437897 0.006791649699981921 0.003183071900159928 -0.0064300496788453265 -0.008987718288194921 -0.007659268161326179 0.004816660317618515 0.00040073863502880904 
0.9611428274697507 0.02541636937237471 -0.004719699934754968 -0.004382426477214269 -0.011024581924417503 -0.0063278388584226495 -0.003978501960505419 -0.005651336217926367 -0.0034199322063426033 0.00992249918039993 0.005585421389937338 -0.01928791216829566 0.0025191723855155436 0.01569643712788598 -0.010806087312807253 -0.0025458983457722606 -0.009090599600157422 -0.006280624225783011 0.016080695351527344 -0.00839669480694277 -0.009195893329420697 
1.0428048284631213 -0.004937534371042201 0.016217154481241124 0.004131013968706028 -0.006929566156992067 -0.005966711597184612 0.0027238338919657874 -0.009260593714539977 0.0041855908440347625 0.015644586749577166 -0.003484909465670353 0.008570743444678177 -0.012008608916894748 0.013637433615554227 -0.005174390137552874 -0.0005186618373763651 0.016477673159990845 -0.005743590400530726 4.082216065113072e-05 0.014925982795547634 -0.014888571698073448 
1.0249637433095065 -0.024862442974429126 0.004656267196108888 0.008511715229155305 -0.0013473436831608176 0.01315180509000747 0.003883012662928592 -0.0004142487391059365 0.005567107618384343 0.0007344719799447424 -0.008036582145419262 0.003640464367422421 0.00461615883507858 -0.00847167395389467 -0.00030720630563238005 0.006833857817268636 -0.014349783022604352 0.010352617996640336 -0.010015271512352932 0.022253480978000218 -0.00043257815573046485 
0.9504917082772916 0.010777269420394068 0.00627662271505613 0.004712413978574186 0.010922221067214417 0.007840794346232846 -0.013866760605050944 -0.013678574522787881 -0.009730156548969497 -0.008229807131777643 -0.005219516733355975 -0.004794764086236353 -0.0011799140641370381 -0.0018211910355688343 0.004236472084802966 0.00012042048201783366 -0.01034491768751574 -0.005333998924342701 0.0032484797137473254 0.005180928296123952 0.012330869850428933 
0.8710426160146113 0.007860152156371368 0.002610828953228781 -0.011394750415039631 -0.014749387983456923 -7.761357728243723e-05 -0.024554802335664705 -0.010236106724605279 -0.004835621918771364 -0.018251960319490338 -0.0014302727439915455 -0.014785826663484549 0.00487362506236686 0.011562318149947588 -0.00489880834216788 -0.015276312249906799 -0.009460783471972843 0.002557184377568657 -0.02558033826168252 -0.0003031200473388127 -0.010031252421384838 
1.0007374455977591 0.01121896673251586 -0.0008129105203216391 0.004406999196398843 0.005316267501270467 -0.0029596228856039355 0.007607164071145678 0.007283135674620423 0.003019965565634664 -0.017004643256441777 -0.017400997834593205 0.002645274205749725 -0.01431223656493292 0.004394099919636214 -0.0030860695394235227 -0.00833151529475916 0.00035201516715575946 0.005780990378557316 -0.00499274149422979 0.0012188674611460584 -0.016407072601270035 
0.9912014004036892 -0.001294767758063172 0.01527777749610615 -0.004935404548671504 -0.015110815599703968 -0.0062178762274852474 -1.4741593300521639e-05 0.013880860372151473 -0.002775749246186635 -0.00023747923811375882 0.014587860415786405 -0.00019911236663733007 -0.008565060914250452 0.0033522480786250613 0.006837923593090777 -0.007807684855694006 -0.016434592727661627 0.01774624120920727 0.010193293739746092 -0.018736628974638073 -0.005283921424916706 
0.9679854393391545 -0.0038223804074483158 0.005962458608701048 0.008604795272618175 0.006734794746417069 -0.0018630513306044818 -0.006012142013471473 -0.004424586396856246 -0.006544885677842623 -0.001398189334476072 -0.007296266158451609 -0.010594136058362586 -0.01989759970209982 0.01274689169662896 0.00929387065728251 0.011005035655114624 -0.012100787464740777 -0.02249380431082054 0.005945232502479121 -0.004929634457568315 0.0001156254529285555 
1.008532215433449 -0.0073194960161602545 0.005851524802648786 0.011489474462458894 0.005822226931047436 0.015076158409702554 0.0008822425444422356 -0.01685715564285217 -0.004532581967265846 -0.006059277004087677 0.01625892316615632 -0.007480167216875138 -0.010909275460898102 -0.016735445439005018 0.028462503296515868 0.028337351617111622 0.021737711058381924 0.012424368019363427 -0.006757157913159661 -0.016503673725773098 0.014669102924131556 
1.0287660755782926 -0.015769988930370692 0.0006977053031219747 -0.005847482315653292 0.006699944958657611 -0.007666974185323023 -0.004980842058315479 0.006246582663598015 0.009626800594480532 0.010011482354591655 -0.009827878706302732 0.003892222559261025 0.012375712156418611 -0.015930316036952104 0.007517308396943882 -0.011336274598882637 -0.004069319532094927 0.018562019440458186 -0.010531016589599363 0.011210673683940327 -0.000667482541296748 
1.0547544202741095 -0.0003037086609779002 -0.004954509607342429 0.029423907344437762 -0.017454903357866234 0.015020925416014288 0.013269599571587054 0.008550331539394116 0.01607804688569837 -0.0038280978774814156 -0.00798556550609108 0.004467126852389078 -0.006697412849311758 0.023921660757140018 -0.019474688285324372 0.0032879103490767955 0.00582843466907653 0.004049317545772866 0.009533968674753984 -0.0026670706737900946 0.007111109239336528 
0.9577124315977377 0.011788703091063533 -0.008609514373788266 0.0008933948611467046 -0.00986214008811244 -0.005016966801811531 -0.004257615536917341 -0.004509774025862295 0.004397924574765652 -0.014616557046949308 -0.01877584338217341 -0.0010485003665526543 -0.005042155866723784 -0.017114361352479165 -0.01851631689882415 -0.0003089844898428378 -0.009970621405751402 -0.002911149544990209 -0.005328665809161213 0.0023273110468900703 -0.0023244826551676086 
0.9904754821721328 0.013615419223503051 -0.000706811849433149 -0.023602855676964067 -0.0031084458263956178 -0.0067545468808891534 -0.022065877068236057 -0.006192022287878168 0.027264214427878925 -0.0019017193699983066 -0.007817147406073534 -4.2556900304067866e-05 0.0007487994860280231 -0.019836556564058746 -0.0008369345097144759 0.009715046777711643 -0.002867307465783644 0.008218119083795286 -0.005243215061823669 0.027944703694321903 -0.002323156330107024 
1.0329423109104803 0.021643775785391665 -0.000827731911804577 -0.014458814456635284 0.002959441862513754 -0.006366634237154898 0.01143689284717345 0.011811009686704857 0.0061973871854251366 -0.00760327520929872 -0.007892724154194399 0.0036917773411981178 0.014429661806175996 -0.010174101577646541 0.01912711826898958 -6.951776043278233e-05 0.024493784589367545 -0.006437884784105299 -0.004082733645854257 -0.01105678562618804 0.006074125998942085 
0.999338989450432 0.01101558414210531 0.021410363244129926 -0.0013888119797614818 -0.005997320407609707 0.015441755589964563 0.007694994637422621 -0.003735919358025225 -0.0030039217216775555 0.01274068245125637 0.004038472141485451 0.01638211772952852 -0.0006537429882659017 -0.004042069845663807 -0.01784735329585551 0.013666242261702804 0.0015936397010750984 -0.0009337223348888254 0.010884599850879343 -0.001969562674662728 -0.0015708968938417 
0.9784487275964998 0.0049673259078460924 0.002064700483607751 -0.005343171538384558 -0.007511448839082584 0.013364338115411972 0.004565426868772977 -0.008462888438322826 0.00461564202256766 -0.006424023236659041 -0.004916802514497211 -0.00794234959926061 -8.051058952843079e-05 0.005147297597590797 -0.012292278107099368 0.005869378658125405 0.002148587553393409 0.013726053379974575 0.004976638469741257 -0.001360815875894928 -0.004704094927379313 
0.9880618117966847 -0.013929460880865668 0.0009874022180526197 -0.0005962520448168871 0.0016400488443334674 -0.01730735857158085 -0.0016283864106720425 0.0036538832588052577 0.0014318461217204593 0.004278670629934791 -0.008529523966761073 -0.0022672948522316277 -0.0013582416700474026 -0.0007413051020309122 0.0047021193179177375 -0.010717220018114364 -0.0056430503029596514 0.007045557313616247 -0.014018925127078091 0.010642719099309009 -0.008639144727877322 
1.0738666202861589 0.0036502809857266168 -0.004232685888976954 0.011582826670539956 0.012492800977559313 -0.004059765306220185 -0.010459937578992612 0.004549908828732008 0.0006987661648538636 -0.0014729659520020216 -0.0012320735146070507 0.018142731884577087 0.008031325276779607 -0.0008512537480526905 0.021120501082494105 -0.005368114654311282 -0.009865434608907294 -0.00808314934746511 -0.0007215756063046869 0.01387892937392935 -0.0009492352200051343 
