"V1" "V2" "V3" "V4" "V5" "V6" "V7" "V8" "V9" "V10" "V11"
0.977399278263241 0.00749076801551061 -0.0401637414564789 -0.0178925930993291 -0.00550256736052699 -0.00740110429868149 -0.0030442339700678 0.00972451895582086 0.0328587420326731 0.0081733104476492 0.0024273797124648
1.00608096663431 -0.00165139162471194 0.00865507351351201 0.0115072065341158 0.0173663146345575 -0.000959374291076712 -0.00729099683296741 0.00872827399286955 -0.0158327258734501 -0.0164422811184545 0.0065299239142955
0.997094395774789 0.00240275825980836 -0.00208826660838672 -0.00376222176087382 0.00375538524239963 -0.0123257030732699 0.00297057407296711 0.00766195554565097 0.0142968047973692 -0.0133674965154921 0.0113370259041326
0.997876307866726 -0.00115411649872689 0.00137835554571933 0.00273793416171847 0.00462254226465115 0.00756202405185328 -0.00303774206546507 0.0162745312135405 0.0113140647797636 -0.00896203608364389 0.0206158582853492
0.931125880878822 0.000254718675784191 0.00424558133602772 -0.00114496396931752 0.0049549753342065 -0.00176923248901581 0.0109766496721607 -0.00450746258265775 0.00154620223742889 -0.00639731157108689 0.0100109025271401
1.02726183213922 0.000152127113518677 -0.0138930975062129 0.0117458972455989 0.00106084342656802 0.00948765446290977 0.000437235859836427 0.00840220802957094 -0.0248949980316561 -0.00673180632341554 -0.00236709490439417
0.982708747123341 -0.00867948821405944 0.00181533490077983 -0.00124233542046669 0.014607071234379 -0.0142643199584061 -0.00197594014566604 0.00141782214396423 0.0104849276393799 0.00385460008123188 -0.0171166546554621
0.923407050446233 -0.0103050374327455 0.0222812265651216 -0.00112351676186736 0.00896281231588879 0.00081657982962056 0.0146330252301905 -0.00347079637659563 -0.0156277164795511 0.00099307819491188 0.0153622384376846
0.974755740992425 0.00170587973297921 -0.00141930983391687 0.0127319843496683 -0.0126657139224755 0.00202251651277785 0.0257169703631825 0.00729103911209174 -0.00507958865321058 0.0162574019829584 -0.000222181457039248
1.00620508229131 0.00172629412329102 -0.00365453715316301 0.00512877434249986 0.0161943312252587 -0.0255487629228523 -0.00521244043946872 -0.01800971603346 0.00717497026204985 -0.00559939197201431 -0.0230841857529807
0.975922368428136 -0.00916434359461281 0.0186268059201355 0.00605384696351593 0.00624446651682574 -0.00233027043813999 0.00525992633107188 0.00332187537331071 -0.00232189958783101 -0.00316781284697912 -0.0096005015258785
1.0163977273989 0.00439668418337314 -0.0105057106410141 0.0134594083050983 0.00277583755489116 0.00924790801962271 0.00142901974948307 0.00191294283397647 -0.00603294183729276 -0.000226898919102148 -0.00790599225834404
1.12620322963304 0.0146545722832363 -0.00315395801831309 0.00536559924539776 0.0139394143329891 0.0127290519381354 0.00417801119580358 -0.0170536220351281 0.0121664387499772 0.00626239227272156 0.0129549941373609
1.03721154482372 0.0070516472689152 -0.00190795436219936 0.00944162379523377 -0.00616186439135443 -0.0134614581109398 -0.00552301670280893 0.00702141595152507 -0.000940636650687382 -0.0133238590325598 -0.000286854659200127
1.02117454819941 0.0102139405096399 -0.00338218922688095 0.000249573001606761 -0.00269522204003132 -0.00179100213437866 -0.0113748221098627 -0.00590118599264297 -0.000782652924786824 0.0084473405364745 -0.0192444710547609
1.02399528984608 -0.0132840207182408 0.00473086403074269 -0.0046960580489411 -0.00682346731250181 0.0028273348615204 0.00335074944164908 -0.00820023264436179 -0.00966708106191969 0.0109373241271581 0.00403145624509234
0.996924552836823 -0.00062788461397372 -0.00349347442663163 0.0038202047619369 0.00258632922441062 -0.00766827436674825 0.0169517159567626 -0.015121148549783 0.001433734811471 -0.0163544625788996 -0.00773677059218105
0.893725329524475 -0.0114740998946957 0.00452324051493316 0.00759381785738123 0.00869959914870539 -0.00726506005154116 0.0131037979184457 -0.0215220813274013 -0.00304881962663675 0.0121978959144729 0.0143752721580662
0.969350182919477 0.010917645881038 0.00490297677133303 0.00838964585203452 0.00384439645515132 0.00621088243103997 -0.00534218729615823 0.0250242368573116 0.00713183048212584 0.00302170461716729 0.00983459846265869
0.978743350286161 0.0053081039356957 0.00840166597647581 -0.00573141476526495 -0.00262738365748976 -0.0237272887748978 -0.00436520902386177 -0.0186367088790803 -0.00447438399915998 0.0178165471258071 0.00329768691634671
0.844673965449143 -0.00428370313106983 -0.00601026882927249 0.00876431768065584 -0.00957386670156176 -0.00687525242730832 0.0124409548407492 0.0153839467457016 -0.0290973587204349 -0.00760781292830414 -0.000388323233485618
0.941035442937616 0.00528440959517143 -0.0114785291310197 0.00554190221183252 -0.00214205538264412 -0.00675368438228504 -0.010411461205646 0.0232132094713591 0.00257724640523641 0.0146340382892936 -0.00720834896065338
1.02430682597267 0.000656863373559929 0.00710839430259895 0.014574018078872 -0.00535987455347605 0.0139573983255839 0.014295039556822 -0.00347730805249865 0.000656724642843512 -0.00953031566883288 0.0067443532187508
1.03373614678706 0.0066493519247252 -0.00174669368718549 -0.0170681068047123 0.00228590640447906 0.00661638516655194 0.0130151073447465 0.00129981733564383 -0.00108385933715203 0.00715847636528314 -0.000906366476084472
0.992626117547955 0.0123812608880306 -0.00988457275072665 0.000902760320725785 0.00393127426400891 -0.0201725377376159 0.002510988110742 0.0181143398074945 -0.0133031850605123 0.0114999699196802 0.00813961070797001
1.11585101782496 -0.00174614060812375 0.00719221387503027 0.00317021881760863 -0.00423420420367924 -0.00549365498711358 -0.00348307761769266 0.00154143854465191 -0.00771438276221015 -0.0058160746025696 -0.012608319688535
1.03008503355429 -0.0101653579824052 0.0160148425035657 -0.00277000869531373 -0.0129129475297689 -0.000839662884665933 0.00586559249006051 0.00424782111390403 -0.006296690352092 0.0157056481387907 0.00916799276315416
0.984324373477885 -0.0209291767282269 0.000806775867986583 -0.010921082363499 0.000740433159016515 0.00642833889824118 0.0111335083318874 0.00253810767738497 -0.000863867286863701 0.00747645058652571 0.00963535968748277
0.991507121590266 -0.00961399220092235 0.0123909873107283 -0.00707121640991127 0.00106303494522109 0.00799557603500349 0.0045397398167271 -0.0224318393952112 0.0145190304725084 0.0125495749984765 0.0211574505719534
0.999901478660735 -0.00490902548077994 -0.0104428276225825 -0.00709695440985458 0.017473291953086 0.0158839038181613 0.0102922823775858 0.0015907764453144 -0.00168720936923809 0.00190595129373804 -0.0103787009679197
1.00170669812396 0.0150395820565568 -0.00658364577650487 0.000523461687554108 -0.00388170022588302 0.0138684175398788 -0.0216178657341118 0.0137792393429306 0.00128106296833449 -0.00205373544612668 0.0231291336960928
1.00293307318601 0.0156776630798399 0.00236813457581185 -0.0121634487055046 0.00388760942237669 -0.00941694541045099 -0.023846712451861 0.00353980913609695 0.0113739102667227 -0.0011747588157284 0.00634758074189042
1.05434892456471 -0.00984394356432585 6.55887063348543e-05 -0.000620665197553548 -0.0030121343526933 0.0196510822119949 0.00924871514364329 0.00271831041261628 0.00432454418773267 0.00141110258883981 0.00850634388484972
0.968823123636656 0.00589082766376767 0.00272812948464208 0.00606833944558722 0.00988990896274889 -0.0185302329868444 0.00230669643568314 -0.000749612871938303 0.000909012372489007 -0.00705084559870164 -0.00843087298166826
0.940883614875893 -0.0170187636827357 -0.00652564553134491 -0.00328188382402961 0.0112695108888926 -0.00239668977400472 -0.00888440357874002 -0.00961817186181373 0.00834778332496377 0.00917932785519412 0.00809799810937921
1.02448175100766 -0.0013091318123817 0.00318723303154071 0.0024701982329494 -0.00197057561038322 0.00979866634680574 -0.000854678836767369 -0.0047378282119182 -0.0172777098698148 0.0157542181643759 -0.00807275485830157
0.925309676946035 -0.00403395072287406 -0.00896800872632673 -0.0130481525378297 -0.00173531480662135 0.0026995374837796 -0.00924842851934326 0.000851404447725267 0.00676479841361747 -0.00816712251482548 0.0115105328536293
0.939896512408222 -0.0157452719424674 -0.0120088757412862 0.00748309526432654 0.0188041910045631 0.00157330065737652 -0.00269901811185288 -0.00590859771309228 -0.00771275185924777 -0.00356054523914829 0.00473270265413269
0.938690468765763 0.00292796682776915 0.000822079118111291 0.0011972974579666 0.00181927031565114 -0.00815162506600673 0.00213179292233879 -3.39392035012006e-05 0.00778407874452013 0.00134411554121903 0.0167354547996181
1.09691531268763 0.0132259433829727 -0.0017848162396677 0.0146814371954888 0.0157719636322726 -0.00422054728531884 0.00320177558756801 -0.00603810440563565 0.0063401261540527 -0.0041315475281286 -0.0026369014070238
0.96539292329948 -0.00732719216523594 -0.0091988683631218 0.00632388658228317 -0.0103850762209355 -0.00868302111448293 0.00734128352683462 -0.0137545540547127 -0.0101543131675798 0.00986955587734701 0.00672457703724837
1.00973001170073 0.006822315929693 0.00209468880084134 0.00501968094039951 -0.0148775938623091 0.0192874293213626 -0.00719541840180434 -0.0101743559032517 0.00466688906707564 0.000599050617083973 -0.00473847012122662
0.919010967956071 0.000456685671710715 0.00869401466042947 -0.00137273613314686 0.00813735106339 -0.00447885345930731 -0.00159083242111606 0.0241830148650124 0.00429581563398946 0.00991183289146072 -0.00292451540812012
1.03482567126027 0.00746356652862222 0.0184561030540271 -0.00875283729292801 -0.000695481052189399 -0.0065808994586262 -0.00641639833946629 0.00624595417225078 -0.00405262258341723 -0.00298289020202576 0.00935264100744035
1.00906800589108 -0.0176775575754362 -0.0127170409770037 -0.00695248307719564 -0.0105774628357911 0.0107077574413791 0.0136751533626093 -0.00278370176249985 0.0138843351100165 -0.00169213797789697 0.000478513360385696
0.944894070501057 -0.00216137096450085 -0.00436248109239317 -0.0129731689662196 -0.0137762476577239 -6.09499189824966e-05 0.0132406751325147 -0.00172589530925024 0.00479133423103929 -0.014807653735897 -0.00655858677864282
1.00121164343317 0.00244239084636417 -0.00462607616786731 0.014338842463034 -0.0158410602941892 -0.0108515863260468 0.00500141778395524 -0.0137534469034502 0.012015956222204 0.024413831898091 -0.00322802187937474
0.930445672902767 0.00344572520979238 -0.00769941144574009 0.00248538733161935 -0.000270193539841817 0.0116182412958402 -0.0226628658344268 0.00059183780306602 -0.00660539911910243 -0.0103258047965424 -0.0018476329175673
0.951348101706444 -0.00149966017367456 0.0058119148628635 0.0201075470905914 0.00398243353502777 -0.00127551693881189 0.00293209322979847 -0.000436177626558859 0.0118163636020018 -0.000549642370363688 0.0037918410403521
1.00645836651763 0.00918906809503816 -0.00200191848583902 0.0161533109479422 0.00118872744676385 0.00741623358667585 4.40114736823818e-05 0.0116731030435509 -0.00211071974965311 -0.00768910374284235 0.000568031668416943
