"V1" "V2" "V3" "V4" "V5" "V6" "V7" "V8" "V9" "V10" "V11"
0.961119035278576 -0.0041454662517357 0.0045392736355093 0.00174621171256387 0.000639929656970547 0.00525029173886921 -0.00851778594828781 0.0299788434917356 0.0100066408908801 -0.0069161151420072 -0.0109166407257008
1.01343827572106 0.0112297323442265 0.00852709175946425 0.0126408683580961 0.00981443703281652 -0.0103594602326587 -0.0151444618756109 0.00427488811801682 0.0106075194371921 -0.0184880307402956 -0.0105577377327694
0.997070781612664 -0.0105440223824163 -0.00586021533119882 0.00489877917926122 -0.013265034266689 0.0147931226510887 -0.00249032313843453 -0.0183879026065542 0.000795738816733234 0.0131355816722322 -0.000129960491316457
1.00372631905678 -0.00775424348829288 0.00608815278215655 0.00253883929066009 -0.00244863713727376 -0.00938999634491327 -0.00780139590022302 0.00230948299242823 0.00165161971514217 0.0102261626643248 0.0152373413078271
0.97087172157751 -0.00737605456068878 -0.024850676734836 0.0102715990685221 0.0165024237635256 0.00673662436768846 0.00852799116081386 -0.017636125684664 -0.000760326227233178 -0.0177910785854853 0.00531630352043298
1.08379767465301 0.0110819138447524 -0.00727254347848327 -0.0119296287440936 -0.000982643968222387 0.00758993903985288 -0.00252373109704782 0.00887663004708086 -0.00190073165645704 -0.00934557930177291 0.00197596585041274
0.998137852463278 -0.0237598656882046 0.0132605443552747 -0.0106354872174347 -0.0057006899398319 -0.00787114064786326 -0.00985447171146833 0.0130573940695206 0.0128316064683384 -0.00457600357963384 -0.0117998484950728
1.10297939119175 -0.0091291833223921 -0.00211351756293281 0.0197729025397933 0.00117270022670524 0.00542014187016527 -0.00533988773759781 -0.000756630014794514 0.0197638330748896 0.012291447737982 0.00101297652751373
1.03549330927529 -0.00302990665452661 0.00142774792630745 0.0133645023656896 -0.0212857922034887 0.0160256058601907 -0.0205501332614264 -0.0101416245139307 -0.0165035486950321 0.00127608824162267 -0.00100394564764521
0.893841295073277 0.00362743041433964 -0.0211125815100764 -0.00406083442754151 0.00140332590480712 0.00544118394409147 0.0114501866064399 -0.00601179749991722 -0.00611982155109011 -0.0107702854280995 -0.00994442327753355
0.959639188112994 -0.00528403823988423 -0.00894258300683378 0.00248393351089329 0.0131289316319473 0.00456260942591419 -0.00574989579943954 0.00554071340589962 0.00395154091927295 -0.00932829158457604 -0.00809211074188944
1.06005172297214 -0.020209431502995 -0.00497238074103579 0.022394065887205 0.0028602938906888 -0.0191097369835147 0.00456092713511882 0.00784974507825409 0.00380118059543601 -0.00234207762177041 0.00141423554812203
1.02183033700171 -0.00232368363126231 0.0139455419004688 -0.00776463778275121 -0.00802590609462946 0.00260292758401603 0.00584590595254593 0.0103536215725697 0.00178999191931841 -0.0100061807262823 0.00958310211407923
0.975204361422443 -0.0111198689116581 -0.00418694025576352 -0.00237004497210095 -0.00819416776570835 -0.00522890863931445 0.000525247310278255 0.0115578422989384 -0.011293797462967 -0.0120140984325684 0.0100706297792025
0.994337408510116 0.00256283057848115 0.0102993624627928 -0.00112311696454057 -0.00145404168265487 0.00123617276831498 0.0130210565322612 0.00682460935533496 0.00208978390760508 0.0111039146884486 0.0166737250692586
0.964939221698163 0.0058448216570143 0.00786661533432106 0.00703826764842212 0.00790103456863116 0.0086203880192328 0.00704139208409921 0.016381833320952 -0.0216844376875003 -0.00772086396851997 0.0149582261429029
1.01582194602928 -0.00621210878585702 -0.0213415924924788 -0.00815607045986947 0.011182333585732 -0.000246537806920166 -0.0090448045692155 -0.00901451781632323 -0.00890703646571368 0.00377822147856402 0.00596237927819259
0.949041102493403 0.00862500773001941 -0.0116585969540858 -0.0153278318852721 -0.00325428951118467 -0.0113309524373418 -0.0106118733380838 0.00488319669441064 0.0125106591406982 0.00751223913899701 0.0154182864341232
1.02221936105302 0.00323529292216601 -0.0032482367254115 0.00362677981659926 0.00661290415520604 -0.00293852748871109 -0.00488773691720511 -0.00570194038358427 -0.0031952959830458 -0.00213612745680529 -0.00602996702264823
1.07975175410217 -0.0103430627372113 0.00862082591846483 0.00479932225721301 0.00140497411567991 0.0101456309803124 0.0163167660533844 0.00941377211554003 0.0022244375252958 -0.00426484324093346 0.00659616195463799
1.02846218605678 0.000117879865952081 0.013727049928472 -0.0145510182706998 -0.00396782370638141 -0.0101615639025169 0.015255145649183 -0.00243225756661671 0.0199405350290614 0.0039276283464999 -0.0204401209898574
0.986167887112239 0.00840434325217877 0.00529385049670634 -0.00892182022842181 -0.00444807772986644 0.000583518015263386 -0.00640530896142821 0.00543401765078607 0.00362676738728664 0.0128897926883617 0.013021943651737
1.07922689101965 0.00266525975846536 0.00479523044921888 -0.0100534703470694 0.0152745493610782 -0.0104226805613716 0.0226040134781055 -0.00276256649532401 -0.00713883536243111 0.000954582007390694 0.0110403394579611
1.00040521889435 0.00268007186846341 -0.00418959117404577 -0.00206574062769131 -0.00306654341961664 0.00439252635051719 0.021732547965138 0.00608379209201598 -0.0127991946864593 0.0209548232452194 0.00635619586865152
0.969970797634684 -0.00497869623494341 0.0110047713337799 0.00948960766097925 0.00196573245692148 -9.08052519621376e-05 0.0109655208310972 0.00393892804317923 0.014018049060049 -0.000211303113353123 0.0100734017319102
0.944030822793977 0.0108179159604253 -0.0131841678973598 -0.00950880039150421 -0.0054972944283553 0.00252457345369055 0.00555372119051379 0.00159192620551255 -0.00267975758032797 -0.00432168899091893 -0.0128047144749394
0.988952442848463 0.00362561141188962 -0.00706713950651032 0.00208908073105457 -0.0113095718313107 0.00308936893767496 -0.00865782068093639 0.00621306910834864 0.0028290059313256 0.00243761580986304 0.00206290871765524
0.950608586613159 -0.0160425207521517 -0.00924669994011899 -0.0108450882475626 -0.00500543288108095 0.000327179348981239 0.0122853167586785 0.015200629764067 0.0188368111967055 -0.00277146683958991 -0.0156057385518654
1.0728846447809 -0.00173633492020146 0.0107536249670363 -0.00818131746106734 -0.0101644818383259 0.00207331937178798 -0.00443875302650505 0.00888265605959444 -0.00173837094854415 -0.0110957627428657 -0.0123761502732613
0.869589511594517 -0.00812047714345962 0.00758841209610454 -0.0108521410953495 0.002640391543513 0.00806323761253543 0.00244088802754458 0.0161029588824964 0.0196505777240865 0.0112953718293801 0.00774204886513835
0.972630030061085 -0.0179507282000364 -0.0256703576606319 0.00983562920040005 -0.0140155098569716 0.00866954306766163 0.0158136814644825 0.0215083350422389 0.00856138658994743 -0.00996225708847877 -0.00280932284494542
0.982381501302881 0.00296817441043753 0.000771253989144906 -0.00102964844722178 0.00135535271501575 0.010995448107378 -0.0111182907835153 -0.000492524964871088 -0.00937635787975995 -0.00389517208068293 -0.00346486792675037
0.985243403432282 -0.00870095919845567 -0.00878988183269153 0.00828844668257535 -0.00950142383872023 -0.00161633882716666 0.00492526726385387 -0.00563815400794647 -0.00385796343887441 -0.0052604148185566 0.0141892338676349
1.08851311305338 -0.000870628866934558 -0.00545943673142562 0.0178169555439159 -0.00101230342077545 0.00709756703091107 -0.00987943815714249 0.00267658136162399 0.00108521446759944 -0.00780012444868054 -0.00294620560979674
0.919583757322598 -0.00122177482496118 -0.00126917056050777 0.0131736335207385 0.00474695174531147 -0.00479859182947715 0.000989062382024622 -0.00599502990778916 -0.00283367554417459 0.000910179823186535 0.00792613172770359
1.14243008223455 0.0083980609648959 0.00761870610429488 0.00464887412980712 0.00312699818627069 -0.00737839983571397 0.00983612201082102 -0.00376906259750293 -0.0169012062300289 0.0135710527416973 0.00823554175812188
0.937021313659036 -0.00897684570087707 0.011133955832816 -0.00158774455322092 -0.00374450507364242 0.00609971740872815 0.00285981276713111 -0.0151412640013333 -0.0169336885271265 0.00177899312711733 0.0103832211614123
1.10624297733636 -0.00440408457131164 0.00203025276432261 -0.00195371325189472 -0.00468445807279091 -0.00598763209933739 0.000989944528382625 0.0167273715267319 0.0193668477401116 -0.00616369555954474 -0.0148284552575546
0.942080378386429 -0.00496299430118383 -0.0140150806868908 0.0126240396113499 -0.00961906438752879 -0.00992294392747111 -0.00881794400615897 -0.0167273095037481 -0.0132000334301351 0.000314688918296274 0.0122819538087851
0.966714850805929 -0.00206752522075858 -0.00348594065431633 0.00966996932055213 -0.00330086938892095 -0.0129052791109169 -0.0135525255302633 -0.000266589080530304 -0.00514235407223149 0.0107624728045657 0.0103009249991861
0.975259784888507 0.00175815328105691 0.00626878560404896 -0.00946123461116772 -0.0030650596684094 0.026920630586895 -0.0057903284656675 0.0126780099669905 0.0139178433515671 -0.00652491560890111 0.00707801995684149
1.09503622915115 0.0136117831966722 0.0263538536680262 0.00654104241235325 0.00311164423106529 0.0065778368883015 0.00267123869250453 0.00572849122474755 -0.00830458218358451 0.0164200652527224 -0.00551082833996756
0.970197990886747 -0.00656487455984196 -0.00107300065164311 0.0113516828245166 0.00993279244731982 0.00478509679545715 -0.00721857118495683 -0.00313599285256987 0.0124324980950029 0.00128291229324674 0.00760842292595736
1.01439169311469 -0.00954974461567959 0.00297644190666156 0.00261030280498616 -0.00144248669894688 0.0117926528332943 0.0128266694808246 0.00424879249829986 -0.0161231992421113 0.00575117692986305 0.00418202751838202
1.03221690944682 0.00459384994515678 -0.0165764254552103 -0.00297612859988783 0.0181295753873304 0.0147758477374457 0.0279301163173117 -0.0156143133610549 -0.00144755493858198 -0.000137629737217611 -0.0015211099368636
1.03869196224992 0.00460212607787455 0.0134709981619078 0.00136085717105829 -0.00126983879492809 -0.00620081277116155 -0.00922041633078466 -0.00529221079177351 0.00975653500600045 0.00757880530821746 0.00696339806684758
0.955186402770106 -0.0106104961393282 0.0166873349679895 -0.00131595023266646 -0.012519617976455 -0.0194652754199076 -0.00190119534807562 -0.000844242422532538 -0.00174562764590204 0.00834472360586698 -0.0161392002989475
0.908024354754854 0.00917370702757526 -0.0187551898431883 0.00285297992547947 -0.00295016388344904 -0.0110216718772597 0.0026758888796581 -0.0121773101573351 -0.0124926609176566 -0.020141157462059 0.00234101027875618
0.987234969417952 0.00679720271230438 0.0116000428526316 -0.0144541094873983 0.0115946207256187 0.0087418301529098 0.00239864187035007 0.00869820069416816 -0.00221682655386421 -0.0106609590651721 -0.00602413033118192
0.957654893235078 -0.0115199697669503 -0.019440534476861 0.000259881689553656 -0.0242947255689577 -0.00249413073006942 0.000314392468953422 -0.00461912744224146 0.00421878190008068 -0.0132054962163845 -0.00124629996951729
