column1 column2 column3 column4 column5 column6 column7 column8 column9 column10 column11 column12 column13 column14 column15 column16 column17 column18 column19 column20 column21 
1.002784538726098 0.0011703624024101294 -0.0019043194934799887 -0.0004215551022749732 0.010726458280796738 -0.01231072549304403 -0.0056131364809168995 0.020591754170658772 0.011238390809370816 -0.0018768186097805708 0.0020655297627814213 0.018973046513505495 -0.005617299701787493 -0.00324979719086732 -0.004767881777170422 0.002049957201077494 0.003205555285152317 0.02095457843053262 0.009213286608875803 -0.0019419720741100602 -0.0006617445341904442 
1.017375575798373 0.005312029378673952 0.015211314362097753 -0.011105868329993667 0.0043448090159809395 -0.00924156029813806 -0.008846752057455463 0.01517922867418243 0.006027357698046938 0.003543019733560711 0.008334262515821712 0.013561597840246815 -0.002404837394453956 -0.0005241199117297851 0.00967040670014682 -0.004983763730509969 -0.0016078481163560932 -0.004371642535949768 0.008426494268765957 -0.007516946431115802 0.0040644119570858 
1.0247623033685025 0.004718427597575303 0.004191576887228637 0.0030731825109938577 -0.001259392760106368 0.01864912436832559 -0.006518912053925128 0.01116632993783513 -0.002179914681958331 -0.008333501520241928 -0.00024152083337283803 -0.013355505488302475 0.012855263409941729 0.007578442888131908 -0.001792065974988158 -0.005929867618131739 0.0070774763062690154 0.0013017562614768066 0.004560142935526692 0.003292583576243771 0.013606164608074789 
0.9685999534779005 -0.00023852460670892986 -0.009127180102185767 0.0025570663680815147 -0.00015547231891551322 -0.009690403016432822 0.013330872556126163 0.00039688046516083884 0.0057548716912095834 0.0003435959876664421 -0.007215284890307204 -0.010668799809031222 -0.00782798508350671 0.0026994413460495435 -0.01541241094595936 -0.004703566103585993 0.007784200813714645 0.011413521909117057 0.014700644394616467 -0.026664558718815137 0.0041489084522532 
1.014210958458334 0.002491027440065343 0.0011267770726051448 -0.0015962807320970885 0.0028665899577187365 0.014152009984161771 -0.001906439290177657 -0.01516018080171957 -0.0054874082745096755 0.00742244954207617 -0.000843283873521231 -0.006722979282784853 -0.0024710031366501598 -0.009444325782618805 -0.010948521954995336 0.0017713975663451154 0.009623143581984649 0.011615690673296208 -0.005967002732235474 0.017314518325126812 -0.01001481854689553 
1.0582028245392778 0.01455706960646809 -0.018844320338250172 -0.003730229863398002 0.018462943318256625 0.0013850355125626427 -0.002846211877989285 0.016076743361409084 0.006531135143821413 -0.015868072944617412 0.021466000002511337 -0.009105440058111511 3.8050797753895695e-05 0.006005953875855773 -0.010282166507015666 0.002605451292638281 -0.013751517807941488 -0.006862695089007695 -0.013665771274663792 0.012848111698124512 -0.0009320315574109289 
0.997043872288955 0.0257644796589893 0.00607167036450447 -0.002468151631627717 -0.018852751350601073 0.005717980633587968 -0.006210043545729281 0.009569112120048693 0.010930497348351166 -0.014894350895993691 -0.004177002010452775 -0.006139915368369753 -0.0008727407595750707 0.0047665798782969325 -0.006155619833110576 -0.003436890024944709 -0.0017026247771349823 0.0012009710661012322 -0.001711136494353617 0.00728100214738029 -0.0024980894620489718 
1.0110708588997965 0.00985303825576311 0.013582208680853022 -0.007252594235939297 0.0006612526248241434 -0.005685813213227146 -0.011733563405048004 -0.012986577099268573 -0.013588981016142155 -0.010572319093608952 0.008774674411557437 -0.003935951973595583 0.0004510627196076008 0.001854850897282336 -0.002301552883313287 0.0015387204063985486 -0.0009365459196052785 0.0033497767359960923 -0.01828450103171269 0.0013280841526013443 0.005151068521962933 
1.018748321483511 -0.0018418166858308442 0.007197333445431755 0.0052271324847010655 0.0003541927946400999 0.0063092337118191705 0.005110379459440777 0.0037348558104945135 0.011030485676128557 -0.007433598948438574 -0.02220839117839057 -0.007562012136993723 0.0009928303705397984 0.012425862111680156 0.004114002314141873 -0.0038814997959698695 -0.010736656972107168 0.004329875235731347 0.02093504836739948 0.0027546889666536746 0.005094192086507432 
1.017337791648811 0.004318209063847929 -0.005895471900358264 0.005473805386108578 -0.0034057904859038333 -0.01303942526753391 0.003989825481430945 -0.001092119510170325 -0.0045761508293264445 0.010553816276537863 0.011130916090097169 -0.00818376229476291 0.018933087268836465 0.005686015164285749 0.010401337226360979 0.00395261495846264 0.009905976161720126 0.007352763663223844 0.020194557990704035 -0.0011280248551190078 0.000993868957326457 
0.9937942437857124 -0.0013389613506438664 -0.004566616020505737 0.015175117025032625 -0.01149630805826808 -0.007380062667508611 -0.008715392038525943 0.00898205243506738 -0.008928319370209945 -0.006290045015708717 -0.003995024591915215 -0.010700762132384228 -0.007121516448418784 0.020503164860246042 0.0018672299779464421 -0.00557865751402166 -0.001128190510224085 0.011406181761678924 0.008941575074876994 -0.006517301767151786 -0.002868335864381496 
1.020043240684088 0.006936991492478649 0.004482243267145768 0.007338914198138506 -0.0005440675138243333 -5.28762038989121e-05 -0.002590481009529073 0.005325832352878661 0.011763472491119179 0.02071732865361228 0.012949158094758741 0.00279993903483668 0.011800591853950899 -0.0027325814164518626 -0.016031986773002233 -0.0026201306979898764 -0.018518251203429585 0.00027272650321297735 0.0037253369138493964 0.0003659997801471264 0.0032592579663984263 
0.9820721073777559 0.006975322765203476 0.002672753308334338 0.006772532295031703 0.012734016071210826 0.016598532416067728 -0.02192882225251888 -0.0012160564388445354 0.016411604566866612 0.006954113193243913 -0.00975892278952874 -0.0027927090241117746 -0.0005997924451113831 -0.012409213983101273 0.02398081448120115 -0.005156579009616878 0.0016500600721017567 0.0045230362272264705 -0.015466403559157942 -0.0030694968495214104 -0.009064653600657276 
1.0436272353719234 0.01356686049469466 -0.006007759084265357 0.01640926244288256 0.0032407608750283983 0.0034013000524146064 0.0020811566589560427 -0.005161072965671202 0.007070235180734891 -0.005322280415720601 0.010984382226139861 -0.003292503030891034 0.005465909543199369 -0.006480571820107723 -0.009676082147568226 0.020698327778296322 0.00892111686654691 -0.009279982399268858 -0.011461929927451313 -0.003420099724942406 0.010285167147229251 
0.9460979081846959 0.007668452865553165 0.003691558661396698 -0.012780511593461216 0.0009005578841138524 -0.013970914619213815 -0.0018657267962951954 -0.011675252174332486 -0.004633172870235602 -0.0032410655452851335 -0.01592344314907867 0.004760618024189608 -0.0006077963830018635 -0.011863856449257464 -0.01767465459198745 0.00822922939669789 0.00035368545995552355 0.009731956174021778 0.004230624250811262 0.012790055934287848 -0.014655096896824742 
0.9602043975173473 -0.002008472869329232 -0.007954857354746605 -0.005383927581412568 -0.00031927686987298913 0.004679373246501405 0.004991741371507539 -0.007272832168346173 0.007464704863524129 -0.003756202690266714 -0.01061576769872024 0.010437899704911198 -0.0033901038280111403 -0.005198980986961469 0.00043880867639786584 0.004087794984456692 -0.013096647639705897 -0.001004372556572908 -0.011192906202727447 0.00803934698789078 -0.026120677297350292 
1.018857555215039 0.0037860720307161416 0.013568883442537323 -0.0021863043753767427 -0.00724765182649232 0.013643941875023467 0.005061856002325766 -0.009257235657248855 0.01199863467176165 -0.004104294762347962 0.0029087263066044154 0.01600837717087607 0.003963422902021605 -0.004381572385500271 -0.027083178500816613 0.014932463721313046 -0.014039824546035232 -0.008213902800191762 -0.006766244683350957 -0.001221006479802161 -0.0019142977704891253 
0.9993795159498026 -0.002728773095791874 0.0046980111068204745 0.000841324360159473 0.005843316553960133 -0.004925619201354547 0.004064751459382843 0.010214522776712873 0.0033710921553714995 -0.01013084016119639 0.0021306541314310284 0.011274439654506436 -0.01796651213708248 0.004521409895723821 -0.007121116406625794 0.00023406319769664764 0.008743922764170171 -0.004176921680096506 -0.002124310069443391 -0.011077676768978962 -0.007107957217547937 
1.0125470731021178 -0.00046170053072517095 0.02132128065798801 0.009765543402977195 0.006290065920987478 0.001558577714823672 0.004887979578791809 -0.009823801543925684 -0.01083830384442634 -0.008982643671693909 -0.011937748869499899 -0.003986704955279907 0.0027312193910343464 0.005104157370456365 0.01053400758300894 -0.008820409592650971 0.004856737247653433 -0.0058977573095400845 -0.004488234903369728 -0.012917556751245726 -0.0012232149278725809 
0.9153407963042693 0.013033260440160285 -0.011031657212095472 -0.008630883877309729 -0.016175119951163223 -0.00811241323713014 -0.005925987872829406 -0.006601312811372122 0.004639984697485766 -0.020914158543401933 -0.00959273012757923 -0.0032710842643349394 0.01314923493985557 -0.014724720852148803 -0.013893308150940085 0.01566779379393749 -0.006096675435099591 0.023880371734752825 -0.0075650353194743215 -0.023138920682227768 0.0008886985423278027 
0.9690627886856481 -0.005420385887115885 0.006067064703933228 -0.015388879246997602 0.001296240014645736 0.004452489792344707 0.0032233719831494 0.012800521931526926 -0.006387496099610921 -0.006565501044780482 0.004666467622390273 0.019354462614628778 -0.004203587437237369 -0.01540226772569796 -0.0024871885027547527 -3.974732978339936e-05 0.007757389541397988 -0.017088272992552327 -0.009001336054702887 -0.006441708798453566 -0.007723492794145984 
1.0062832031603288 0.006672942897540888 -3.686959057488566e-05 0.007108212143623485 0.001240805237394695 0.007378110945517401 -0.011363039515853317 -0.0016299972116996402 -0.0038628655856438555 0.0049556113007693855 0.003918063067571623 0.021357174452272885 -0.00653036945371979 0.004140140486163437 0.012217221575836226 0.02234845459831727 0.006343446248901575 -0.016062140939482182 -0.007498845369528754 -0.00022951655088785487 0.009913759983401153 
1.0387458610555653 0.015731624798144824 0.0035214523200586597 0.00672915685160237 -0.00798643104066526 0.0077679027664889115 0.00876091949944397 -0.0076429097491862285 0.01600795514693232 -0.002034987794421152 -0.000673988876542957 0.005581811261967177 0.004109158609483886 0.0008114360948318779 0.004092413394470707 -0.004370829147480459 -0.00796992098857163 -0.009893505790029723 0.00449990619602571 0.012168109552617724 -0.005134951713523085 
0.9880200189514917 -1.906806625987268e-05 -0.007344619546167405 0.0029480063379058166 -0.007534908531456868 -0.0009539309252184277 0.012909886470762653 0.010715282981571784 0.00756572048738023 0.0020308618145847292 0.01093337413592923 -0.018147750703153692 -0.0020672981697103226 0.018058220136446396 0.0020436804902955337 0.018564063376385144 -0.007251802092634143 0.02382672000589195 0.023362722413535233 -0.01222215291749559 -0.014446371988258691 
0.9705720340372312 0.006384869678678163 -0.005177890082653985 -0.002858856546928418 0.0154801656722022 -0.01780360198831688 -0.006707489050121311 -0.0033312140450982805 0.013758800414355704 -0.024148869815090238 -0.006623115889901862 -0.014450537998885385 0.005478104982600445 0.0022691036882334192 0.0015045447421543241 -0.01090770828413362 0.002915561055141921 -0.013886965683214106 -0.001303835684936354 0.008340476902489022 -0.009625769683903461 
0.9983099973068937 -0.005739693622425415 -0.009933270168303934 0.003539141998171007 -0.007315473865806993 0.014506468143891208 0.013076777161376413 0.009852054520511268 -0.00807423586770754 -0.007459061079472778 -0.002517960880463939 0.006197091852418862 -0.005020731984990221 -0.0027986117985486308 -0.008855271218512739 -0.01039543786678594 0.011946103839236909 0.008930167839230299 8.210169537852972e-05 -0.0056986645170591 -0.00595703687259831 
1.0238398100600037 0.0063724644460931125 0.005088975048309677 0.008617336294430285 0.004955439172842795 0.02186114889612979 -0.005691745282893126 -0.0016022657955323367 -0.0004967923012434368 0.00970996130922393 0.004826900674279915 -0.0034128751800177387 0.0035836547078235787 -0.024127717217852312 -0.007918525822664443 -0.010123042562113126 0.008719591203424764 0.019487936374913757 -0.0072735228575254406 0.006668741580417853 -0.005498949148443356 
1.0054513593391066 -0.002892470943523692 0.0028934679790916986 0.0021024448567314082 -0.0007107498226877028 0.014044507599263447 -0.006461382375770311 -0.0015112910830468245 -0.003248341869352251 -0.015223755985517218 0.011182366460526418 -0.01057102873825414 0.00714745796050347 -0.009829242754763741 -0.0017332549650368684 0.0010164054445423603 0.005719708229468733 -0.002314680313840759 -0.00010873227582825274 -0.017937798571314452 0.015123326593181545 
1.00539944382549 -0.020664994491527363 0.008179842175882248 -0.0029252571216794995 -0.022938024938654458 0.009977103402631178 0.006552874871945499 0.01681657788991752 0.011911852494858065 -0.01137210179649876 -0.001798241990579098 -0.021625836541426875 -0.005037349928369556 -0.0016036360136291658 -0.023186862531342816 0.01842170344122806 0.0008607353397825282 0.018639531644686007 0.018706148312585182 0.014418321555773139 0.006341439029004116 
1.0187395043449294 -0.020573817558175302 0.0010959501232328242 -0.0010765060472990732 -0.004188215047346891 0.0022235557788429687 0.019449909902051112 -0.006088414111245928 0.01211212284083935 -0.0014756332549062065 0.00017240707645527 0.006612127883797023 -0.0002939335409772143 0.008651001669931718 0.0063134243028481005 -0.013145824904238754 -0.0009385450149263651 -0.003169395831711257 -0.007963469611202303 0.00016428648860006596 0.002425977190246053 
0.9906866554894382 -0.008226876465095023 0.009615378897048053 0.012991365151334363 -0.015661405962404413 0.0018444253001774957 0.0013427219390156418 0.008151075610683935 0.0019732760142181682 0.0059267406061306515 -0.004382320402153664 0.008120346010482544 -0.007718646426678031 0.003731163382441581 0.002957942418573713 -0.0024260967179353513 -0.017006922785465794 0.010450783610167404 0.0009368227403948132 -0.00714768602244138 -0.006829816376347912 
1.0361596351358424 0.009379671538609595 -0.004232070036438187 0.005182556242153676 0.00204171805839456 -0.0015700000737853834 -0.009996300367774626 -0.003939932315086298 -0.004971543209386657 0.005865424265419998 -0.0015593425233231231 -0.009970075124486017 0.0028508666887742218 0.005395125867037927 0.007264868700290865 -0.00788804476366146 0.002829979699559889 -0.0006570471202162584 0.0027578095633805644 0.009276392739859828 0.0028364681054592385 
1.0005130213287934 -0.01362224581125418 -0.005001289709870439 -0.011452747099689764 -0.001195610080180391 0.008987937658602774 -0.0033679946046974553 0.007164669150333782 0.009481124506817849 -0.001572650729423451 0.007162227834700116 0.012632959000334017 -0.0018435938889216847 0.0228257798423201 -0.003195800196007984 0.007663451529006969 -0.0012887286746822986 0.0049778298721170795 -0.01459943800990467 -0.0022808161914014582 0.014197272000148047 
1.0202250616224102 -0.0054908710120327294 -0.0041538459797924275 -0.0009208171101398435 0.01607473430625836 0.01958885207021165 -0.0007218598509716648 0.007813387266076438 -0.004861454948958422 0.005391532830116902 0.017369631688732 0.023335053011275548 -0.013826869294680293 -0.0046350452887676565 -0.008641515707767564 0.00782268071519553 0.007214548602773101 -0.017393930998315262 -0.004279882980482217 -0.008046633475434349 0.005336513474036896 
0.9955431431003267 -0.0063746951836935245 -0.011430765623912913 0.00796889245403555 -0.01058213245208356 -0.002608435611068569 -0.00996902934028842 0.006197630830751093 -0.0058558658726749705 -0.0007993103685142073 0.010013959999363067 -0.0027700436446949617 -0.01101533515329337 0.0011450365416280407 0.0018137714850958834 -0.0035626517393854014 -0.010247669783464197 0.014751684566967993 0.007868671867082115 0.0005034637153860145 0.0018261821768663696 
0.9564182108724386 -0.021357662237877672 -0.0038623097589061796 -0.003958717349051095 -0.01373397786663577 0.0041431050785510895 -0.0029311780657238096 0.00964998790704475 -0.009900781428506481 -0.008523855336751651 -0.000992695409246418 -0.00906783189427498 -0.014780493313172872 0.001659168655714266 -0.0063786149570332655 -0.0062153063042831936 0.0058050361419765785 -0.0005688829334753559 0.00550471100438728 -0.0032356441606642672 -0.013683377529459558 
1.0353773396285553 0.019574818937381524 0.012301853642564866 0.008421046870941536 -0.002239769902051705 -0.011535043218920168 0.0008343341906096718 0.00925091780533726 -0.008562849722337309 -0.003093579536157405 -0.010323123513667156 0.0112043657474401 -0.020198590135469555 0.003591012425415437 -0.00021549620946870266 -0.005575569915714914 0.0054255587217468225 -0.002194441618499061 0.012474765476099324 0.002481600242641924 -0.008258324583212458 
1.003895216119108 -0.0062865251404188565 0.009924930436754173 0.00033791067372026715 -0.007127710786014448 0.0048353605221489624 -0.031179215731171116 -0.0024974469651020616 -0.01069232330033461 0.016617982181815833 -0.006688320409362899 -0.0009344108789437056 -0.00957649075157881 0.015059458422568702 0.013003316528954314 0.006541369411420441 0.0033799603276719005 0.002740905287118726 -0.002922156243976116 0.00632201978023093 0.009001028842721848 
0.9818213782165895 -0.011942497176358603 0.0027243045127863775 -0.012676898677477563 -0.009141634499697562 0.002867674736618992 0.01845682238982646 0.009725473203663666 0.0004312832911189779 -0.006171155362776353 0.01591612488369186 0.017580320655141864 0.008813199384802831 0.0031821062236093685 -0.00825299648577089 0.01118094962475102 0.011977468832789655 -0.008702958071220296 -0.009886158902722538 -0.004532827837659289 -0.006506179487727426 
1.011048940025393 0.011137602262502528 -0.005826237227312771 0.0011637889768992468 0.011791693776855136 -0.008874366561095439 0.009063594751700417 0.013503692318531496 -0.012461203498372075 0.005006394638795068 -0.003725646105071502 0.011696830886652401 0.0022909665483170343 -0.009222847076789933 0.012717296102040618 0.01935430814267394 -0.00414406719556847 -0.01595709329471042 -0.004788008048788375 -0.004279801731423529 0.023697192356205387 
1.0388884566785819 0.011674740286265445 0.0076619368032828355 0.009863669739625184 0.001206041032703393 0.015823479734700215 -0.02415312678312429 0.00294522019683767 0.009080573582103934 0.012011550902427988 -0.0054450476267524145 0.0008640258831233261 -0.001941378642602005 0.006137568100049359 0.008716748136791698 -0.0025105930242132757 -0.0033218688344405006 0.0167226873128629 0.009085017442467298 0.008215959598213373 0.005788317140458942 
0.9922621899977532 -0.0069815412347049525 0.01051484027620231 -0.02014562695160623 0.0002858060689228151 0.010295846582632653 -0.0005430747780873628 0.0004625311938340129 0.004462057782350837 0.009621600437134779 -0.023642887832592527 0.007828731431248702 0.01456489865701855 -0.004962082574134667 0.01241497771065559 -0.012046424749334157 0.004975420873444438 0.010365618734124544 0.005109203431934303 0.0028190735828328346 0.00853075813441222 
0.9593626062637417 -0.012425239980151806 0.0010390983396560338 0.005818562194738016 -0.01800073618178364 -0.008094218941817282 -0.015081389954529598 0.005564272815626023 0.011057985651963465 0.012653389038229325 0.013631155208919393 -0.02071746372481252 -0.019496710723475887 0.010066111675772024 0.007967396027748498 0.010297797147870892 0.0010041531420301425 0.002380939332321236 0.0115450569390617 -0.009601431517154865 -0.0038906978891764146 
1.0168923104900258 0.008071127191259353 -0.014113158468727472 0.017725343720854336 -0.0031625385083896298 0.0012148081083024566 0.011754393976209504 -0.0033514735863822173 -0.00495147655317615 -0.008114583530957939 0.011375276137406597 0.00024280180178614424 -0.006072217324501928 -0.0037548658458210773 -0.0002846158483410182 0.011661661458603504 0.009100716786075515 0.004808040235771641 -0.00017301829795588652 -0.008768473852000008 -0.006841990438511993 
0.9665760198238117 -0.002945322210091297 0.005295988355607248 -0.010471282481054214 0.005731791290206202 -0.0001688394213997231 -0.0030368359953146335 0.006318788749829304 0.011834695666109894 -0.0001420735665730094 0.002931939501497524 0.020445752569978232 0.00811209700225654 -0.0076720190445083115 0.000910638937646414 0.01425682376630715 -0.025518309248765525 0.01149566426354911 0.0064952696333276565 2.7773994216256818e-05 -0.015701507000961786 
0.9533673153503286 -0.01352898772884607 -0.004677773312674106 -3.3390768005294584e-05 0.0011361339983061776 -0.005232146403012867 0.006767814868599116 0.007410581831606139 -0.0035197947815119013 -0.004687298288078527 -0.016715295237968407 0.005756447815587661 -0.002004873319103798 0.0063889855669619616 -0.003519245568587186 0.0162431542972304 0.008296058198501684 -0.011163797115653263 -0.008168300028363046 0.007633128740643597 -0.005707659967556396 
1.0331525132385426 -0.006781079052368064 0.01647354021385869 0.009112769692765041 -0.02277264488275707 -8.226826122200227e-05 0.008635772532382697 -0.011994976456521922 0.000725283176131412 -0.0033754699286822993 -0.002755178628163223 -0.013225759648390564 0.001075060223676606 0.008912436050502978 -0.014093845117108896 -0.006470014437730858 0.01045395198640774 -0.003015645331515497 0.003063044151170933 0.01619622011552795 0.002871109464859934 
0.9698890730012261 -0.02458344605264979 0.00551298737909068 -0.0007428253252586539 0.006073240867882753 0.00367137399347304 0.011717252317205884 -0.011461398011854288 0.010029657865377451 0.011763723394699848 -0.024804903418829145 0.00301111373989777 0.01897780490647531 -0.004359325887781708 0.01393827209454302 -0.0008233577407963236 -0.002172949520548355 0.0025252930557286726 0.00463209162878929 0.009210663228643941 -0.0023475199701276385 
0.9818695031376359 0.003225649205673521 0.007507629339995575 -0.0058042459393507495 -0.00847396577126321 -0.008495585853063713 0.011310391183381893 0.008149468278959265 -0.005430327525950186 0.010780190732291129 -0.005614211835114997 0.009672403514713757 0.002939105859120621 -0.0002320145151879516 0.0001760350152177689 -0.006637358882478065 0.0020449495454568207 -0.0023851603140224425 -0.003806530528800823 -0.0005168412838070432 -0.003995659283108801 
0.9908328700114878 0.007528214307950756 0.0159090599350171 -0.018973401944008823 -0.005105556079535166 -0.0036937769893603412 -0.005407426986778183 0.007206443500777352 0.016081866812889277 -0.019541723171644487 -0.006335507409934936 0.007395539256541338 0.009932487526141476 0.006448516792836659 -0.0038821803461949857 -0.005776688203864577 -0.003228793015744931 0.01053181255787595 0.0038075421069754594 0.0030050059752262555 0.004125142522344679 
0.9605182413374437 -0.0053044587092320305 0.003834704978090591 0.012723841742225109 -0.0019386191648315646 -0.00018288802253718623 -0.011416602195897343 0.0047762665920375 -0.01784124814343947 -0.010699148344975151 -0.012626789929413332 0.00033912910809983667 0.029165504477505984 0.0038804745840706678 0.019680708927326776 0.017768007052378236 0.0071868830504120285 -0.01574153515739059 -0.012311636372033002 -0.00046289965291516764 -0.02612935810675105 
0.970023338511623 -0.012385995054946995 0.00591142010096478 0.007481739472246737 -0.01694337991344995 0.0027996700119798344 0.00814281717520736 0.003022814071637091 0.009648335576238749 0.007759187698280531 -0.014108334407819084 0.016881583753902047 0.0057419510586129196 0.0026955587134849866 0.015294348128358035 0.010482922468607648 -0.010182081751905483 0.003618567595016596 -0.014034519739182185 0.0028577547021529236 -0.016391401799148428 
1.0103275141487473 0.017554190328610192 -0.0051182885409838145 -0.006653823457516817 0.003541693203996495 -0.0031231695037530283 -0.005773073781472987 -0.010698638902093733 -0.008462463446657572 0.008359897073105705 0.009326200972256797 -0.014129771083956261 -0.002132295280668163 -0.008178763661570497 -0.00351050504326838 0.010777192067202302 -0.009367484489485076 0.01348438331789449 0.0026432818138295996 -0.011883807230822802 0.0009799959580338291 
1.0391847004029768 -0.01570399519642062 0.002460310964509375 0.00012808877920567492 0.0026760955217856736 -0.004361761909605998 0.0008541112611193198 -0.0022397173938537764 -0.0013741424594490876 -0.0021267427439408773 0.01898244714067884 -0.003565197385686527 -0.013514082136640548 0.007925092000939795 0.004031159818636987 0.009022142025005495 -0.0027798691419149177 0.007203141069901381 -0.015328432402677637 0.00898751270870174 0.011264714183193952 
1.0368478890683595 0.004257247424172593 -0.009975359928501916 -0.0014272716192435361 0.010427478863318898 0.017618046709571594 -0.01757892635317703 -0.007082947425935847 0.005749821485963242 0.0036426282851177343 -0.008022927914999532 0.002739320334024443 -0.004960393461629644 0.0031183829586228172 0.004268807423581797 -0.001717504214414297 0.0015983357258490911 -0.0035377234577199635 -0.0048855223822595936 0.015032330716682307 0.005798252599889621 
1.0177954367654454 0.002576904381694932 -0.003963589466745349 -0.002130763572493712 -0.009737111936174075 0.018932544209526423 0.0023930347946449415 0.0031457123126482395 -0.022811309772763876 -0.002087711409853052 -0.011149211384707711 -0.005035355451968268 0.015419339727161157 0.0034498535839702464 -0.0006127561279822792 -0.01426551060619027 -0.0014034119816700556 -0.0027566847252803407 0.01633447071053574 0.006646530979488677 -0.0048344122381377055 
0.9778100976980211 0.00376501668620377 0.017290390591072693 -0.0082670668067817 -0.012361563994951615 -0.017090759770142447 -0.014004611225974559 -0.011473133137649442 0.006413253237963457 0.0011978749475078274 -0.0008976941367411218 -0.00393068716466889 0.012364842801791205 0.016376648849358796 0.006342654730130494 0.0011456653997312992 0.007637312618022227 -0.005353791743283515 0.006041125605420325 0.003055415136072308 0.0016977814144760878 
0.9725565270065223 -0.009024930561892243 -0.010893051743401685 0.013624358618245838 -0.0013369173380990312 -0.011387323906806563 0.0044899857152002984 -0.01878661296925791 -0.014494372285958826 0.006220750705237492 0.001974761883230372 0.004066491545169081 0.009790899149767964 -0.0031197413986462502 0.00010023412497897892 -0.01566344538569278 -0.016594875269017147 0.004469693662292866 -0.0014052184065096293 -0.005719776613102034 0.0016023649467732377 
1.046621204790729 0.0055628514943785136 0.008812772236880116 0.002389069532499968 -0.011475429960550104 0.009386169119383041 0.015545454803397809 0.014588850164932742 0.0205475662933752 -0.003722165865747389 -0.0015311563415792886 -0.013884207391755348 0.001818360557524229 0.007255162079489416 0.01389692329769405 0.009787647901220916 -0.011367155194532083 0.006864471252688971 -0.006257984014256485 0.007097269840468025 0.0005673460453862863 
1.0608099732322611 0.007280297137230571 0.01780911001254874 0.006821706505190507 0.0055178287014101615 0.019167572891688488 -0.022355012069550092 -0.006022716171522419 0.001936789609312464 -0.010063079423418015 -0.004434764619859264 0.0035423175394909768 -0.0022653691276298448 0.008221747795423314 0.0006386259106955226 0.004722747374183751 0.008585684085254007 -0.0041733202408583935 -0.026306821183993346 0.0024493223362015075 0.006776677627028065 
0.9729580620189299 -0.004894727507225558 -0.009038098615510555 -0.012166274852459295 0.007565323238258043 -0.006726034138984431 -0.009546571810319157 -0.005246503952694555 0.006272133308144341 0.013326844266374241 0.00738955136781664 0.011714369456288731 0.0030299764902709586 -0.0029203326923282146 -0.007240643869985185 -0.004349059312593118 0.00046600749840811675 0.006366081737043026 0.0023982726157966666 -0.0010769574236120616 0.0004537192928825605 
0.9927531576747615 0.002488658700623101 0.00044890991699417715 0.0025617201054061144 -0.009837646235306155 0.008866745257080439 0.009010368409096702 -0.001360659024785375 0.010445202872029016 -0.010447638990513215 -0.004262881397856742 -0.010399403836473703 -0.01188014775459621 -0.007642933951712312 -0.007593517902802316 0.0043346346026071755 -0.014035646028668438 0.0008618143781955115 0.0038434285539851094 0.007865340390675383 -0.016773208110261634 
0.9781659320671107 0.0047977776962618976 -0.012110156925382549 -0.0004216200279785404 -0.012601956819262102 0.0025316070197529935 -0.003090817080275206 0.010255579232118162 -0.019632185996560324 0.005180916418760573 -0.006826779505156953 0.011022286086154093 0.009554391454230992 -0.005347505114238592 0.0019483449653695379 -0.011383034202936345 0.011873495467395587 -0.0011890287211936922 0.009914302833463241 0.011504599253516396 0.0009378258647945171 
1.0063123862812766 -0.014159372410017221 0.013559608610470762 -0.005818692460594317 -0.006832187155808612 0.018651139091603753 -0.007841403033764472 0.0043717328502796944 -0.013618969694482983 -0.02266229617802315 0.015702452407923135 -0.0007341569216064058 0.0016486262706131563 0.0017599738831134777 -0.0009406400323063593 0.008778344540873863 0.0002603471741115552 0.0019176936742453254 0.004597923353996273 -0.0032738108716978648 -0.0043478873027198595 
1.0103559014933934 -0.0066436418452171225 0.012458165995701523 0.0010957477901502605 0.013825529938000005 -0.0003862389896760986 -0.01466161350836382 -0.008276861943966436 -0.009903237123016724 0.0021678671042507642 0.0038600610904695777 -0.007952266796963767 -0.01764317396914816 -0.010266278197153027 -0.016509318731554878 -0.004505725968964205 -0.014017690364087017 0.011970437523469895 -0.008057940942652712 -0.003276028218172342 0.009425945997877497 
0.9591112300604685 -0.02195557797879427 0.015325159512888447 0.0013035627665486924 -0.009529696600512883 0.00653304288410655 -0.007044014729337619 0.0013910239257504601 0.018480791088269322 0.010111017326938998 0.005820445377766587 0.010032723256122752 0.007990047543287651 -0.014694691138268514 -0.00912249477239818 -0.00022731141764404536 -0.017131229221146363 -0.0020385283631152986 -0.0011758312555987167 0.0033380910857002005 -0.00874862962787911 
0.9978726237926818 0.006771960450247243 0.008952891675142348 -0.001772953675813621 0.0058324440217006526 -0.0006074663416133354 -0.008031221453295812 0.0029782532071758773 -0.017702339842471805 -0.0008380736696837452 -0.0015930802849538686 0.00014727716520621646 0.005186510040315882 -0.006653562991042778 0.02320079867361074 -0.0049932030063616255 -0.011556179996507925 -0.008778655378673606 -0.006375670302071162 0.013059005884893511 -0.014616968888185146 
0.9439846887387617 -0.0022912250784467027 0.008024671432831502 -0.005398751228286453 -0.0039167177554708995 0.0011785813177620816 -0.004309862592666504 0.003951806392680712 -0.01960533952848838 -0.009653368562696097 -0.012418799490523774 0.022477812834048646 0.0040665909114633685 0.0008114186370736159 -0.011254806052750322 0.0012776943966970632 0.004044481791171018 0.00579019180125283 -0.007325023466246809 -0.014212459463357472 -0.022417691323488722 
1.0331770063331012 0.006938856295883268 -0.0019660688981723313 0.011699755655254676 -0.009357272952630722 0.009199025117739993 -0.021377540124033947 0.004092026660321799 -0.009976286438535566 0.009968761386088557 0.020064624962475314 0.007433099518903858 -0.007685999961154932 0.004933416709806759 -0.001540990498923555 -0.005576620772329572 0.009379531613164908 -0.007821244770421433 0.0200917364463186 0.017607381439330386 -0.0171511343188716 
1.0079550700957651 -0.001988882826821019 0.01774456617313432 0.012162788742862727 -0.03343209745708274 0.013215548605684437 -0.01096355897831556 -0.005054044163125473 0.0064413563291593244 0.00861954147819313 0.0034282345635313787 -0.01956409844325009 0.008252547838434068 0.011841064912399408 -0.006216229194174798 0.002960087877714925 -0.0037953734699394826 0.01387537504930226 0.01596254164406918 0.0018583515240960615 -0.0017990368844420027 
1.0270738909779507 -0.0004883584556846326 -0.013570176338562574 0.017251454713018952 -0.0067346917236715655 -0.007268571519852099 0.001375327054347887 -0.013418527487888418 -0.010792067686843279 0.01782583172082724 -0.0038757725549682254 0.003678974198416732 -0.013957565546286807 0.0003953714747980617 -0.015075396578193654 0.00503502053833893 -0.02284885924202965 0.008908105014783852 0.009473889946610132 0.030230716384771514 -0.010596489483216606 
1.0111262637863654 -0.009165593981263478 0.010818948402895894 -0.009851122141617137 0.006729499114390379 -0.012969415505308913 0.0020551801192217486 -0.00211050761495779 -0.005389348889657359 -0.004586632425832059 0.004183571327800544 0.016000188307044895 0.00856271416251839 0.019866269101087294 -0.01589566907619642 0.007847531260151218 -0.0007328012697568172 0.004514090451324631 0.005506934130879571 -1.1342883329405463e-05 -0.003570253937126755 
1.0147972672822698 0.01779823126285752 -0.00629407497383484 0.007292362104433227 -0.003238367320698678 0.00600472772325296 0.0019134141381134102 -0.010908412037180855 -0.007560946316783049 0.006522434420556063 -0.0037470617756116056 0.004648893169465427 0.010598497298433 -0.007062319418124943 -0.011812138356363409 0.011802786871643869 -0.005946252501799213 0.010512793930258406 0.001560353749769151 -0.008248026240666128 -0.0046666748703131965 
1.0440718057941227 0.010773863724441559 0.007760857898424368 -0.0021945587409806693 -0.0004925463485178713 -0.0038443077899094694 0.00016138956143761925 -0.011330615058459068 -0.018365443700574417 0.025515188603785377 0.01597402553947452 -0.017817606649383647 0.00683515377197108 0.0057366399522137046 0.006715652449209916 0.001433450140938317 0.0023071424095999307 0.006840737425159045 0.0002559735203022433 0.011713991438867095 -0.0049640758320531365 
0.9759368777081021 -0.0026289557604056314 -0.007430728585730407 -0.006870036644292476 -0.019882459613597088 0.004386611302492235 0.018534825688485402 -0.004694834958597405 0.00907624798959324 0.0018339661721010142 0.0016182460299426667 -0.012019401965648609 0.008191384596631174 0.0031203371673325913 -0.004150934758694701 -0.004059821699616575 0.0050889291566498344 -0.02332803765322713 0.019060749037802673 -0.007558894077007693 0.0003850927999075738 
0.9919283592199053 -0.004392725278671903 0.0043885308964430715 -0.0028954765306025954 0.002973511479373755 0.0032190027902864694 -0.013340125526032254 0.010126963551110734 -0.006471397265388102 0.023345942846115634 -0.004508611542050938 -0.0020132984738492686 0.009653556361525574 0.0037086627349323742 0.0005454651361225094 -0.009242255218004886 0.0022003808678825597 0.0005007058238329042 -0.005357377256431014 0.007054179862134027 -0.005026106714801898 
0.9830249230652447 -0.00048093071392561233 -0.010749436506698462 0.004772819041693986 0.011303060159289504 0.0021918006499201926 -0.0011834696772303266 0.02339519797849673 0.002932922164443276 0.007221611981121942 0.011543569009581976 -0.004177156240822411 -0.0039796498831429624 -0.014293562644026715 0.011903310067841287 0.014037362139456593 -0.006449311370057394 -0.0034107117571470654 -0.0003830057310046644 -0.016057249123331237 0.01206086711133391 
1.0378321911746509 0.010768403748738851 0.007403846754885293 -0.0024553066079669762 -0.010468018800007457 -0.002754989945098132 0.00944140236893564 -0.006240371262583938 -0.010951908951388954 -0.018520628640876603 0.004622313617121407 -0.004015166347365757 0.0035826964124914783 0.0001731773048369973 -0.00023909134314201654 -0.003575248695774938 0.005976626870266074 -0.013525394260792752 -0.0007966714741876644 0.015776326426469086 0.005056290920745601 
0.9949182810492516 0.011017116343017677 -0.007202136449481041 -0.009728087310207377 0.012522050149951301 -0.009480761827203952 -0.011527197794390352 0.00410161452844185 0.001772473362526274 0.008949446456525912 -0.007119548376123746 -0.019631710279262218 -1.819362022751037e-05 -0.003802232431091835 0.0023183987272126488 -0.009223877695354278 0.004923380719875448 -0.001428623844080547 -0.011665619269070239 0.018619948390278585 -0.010286388050063353 
0.962486802637034 -0.0047584543663856714 -0.01284254262236705 -0.009523709308388176 -0.007956308412738106 0.0016943385848201557 -0.00831126046872904 0.01317214622465078 0.0010507519762765717 -0.001060239823846042 -0.0001436352344131716 -0.007275199873692569 0.0037041647952516 -0.0038522315591602127 0.00506017699808336 0.012424535258306328 0.009685721258965675 -0.0061812471984289095 -0.0024162136532146663 0.008459924078673227 -0.002517768215309323 
1.033278054152126 0.0003026126646517529 -0.0072209736425189255 0.005286823101917378 -0.007107792300838297 0.005257323534094555 -0.005548626804348617 0.005535511449123811 0.004944162033624473 -0.0037968520400999033 0.013015483360357835 -0.009006627836085272 0.01061760792035983 0.024670421288873264 0.017776940602654185 0.00503830937631624 -0.012606171055318452 0.0017073902535706606 0.004698133294506947 0.0008767467757103192 -0.002890063472726907 
1.0352195573982312 0.002725540554250198 -0.0008738292769451064 0.0012218308770277355 -0.014180957059854416 0.007299173657214224 0.010567420034670831 -0.008010680091628348 0.006280839434512678 0.007230979435291774 0.003146797593772312 -0.0037861371984897517 -0.0033085712899067654 0.008219057594841565 -0.009633322244888207 -0.012537853217145345 0.013940140553262868 0.003311073501797742 0.008616829474314207 0.020578441682957666 -0.0030713489996326256 
0.9538926399873322 -0.004238633554510452 -0.000983263489293568 -0.009485927657122988 0.008543835133603855 -0.0032902498047755638 -0.021679931526431866 -0.003970263783205945 0.0009407583962786012 0.003478292606794224 0.020595628131175263 -0.002617116515576207 -0.0023741209711938735 -0.004048727731226851 -0.008406751210874258 -0.000873809017244586 -0.0023149901815886684 0.006112725171483301 -0.013756000170919973 -0.02030411582371944 -0.002293548175822038 
0.9641510394618833 -0.0032882273330484876 -0.0034513353570905406 0.010309857350972321 -0.014275645051215266 0.0003308556638533155 0.0036781169459973403 0.0046884391146642165 0.012407780206382587 0.013286342349139257 -0.012101858910513198 0.017399563506451644 0.00660581704711117 0.0008010082946820401 -0.0011537182786161935 0.024319116956378953 0.0067676584297644525 0.017379202778874253 -0.0044937011046949984 -0.015011469398250385 -0.006248582822538754 
1.0028529981915664 -0.0038120149056176333 0.019981605358811775 0.007399141520836379 -0.005498416496700305 -0.012451619871725814 0.004854219644168034 0.0103433363110967 0.007483118283230643 -0.004718485984861679 -0.0015910497770651295 -0.004573762716900251 -0.013240617616532176 -0.022710617261366344 0.020038790297946533 -0.008688299862411018 -0.003453495504968526 -0.0027315117220364895 -0.005801365399962975 -0.0021026835341008115 0.01429602532320763 
0.9993288192858197 -0.0059145325023765806 0.003956399672208533 -0.0030153714278797266 0.00580019653014022 -0.018111648288200083 -0.002340957382761896 0.00334077418167074 -0.00540335034076464 0.005031504554636027 -0.009009379312050446 -0.0035245606417054994 -0.028293425784258985 -0.0070668481075164226 -0.004320668714493029 -0.0016994309660828602 -0.01027124032058442 0.021950023648008736 -0.008666989392607979 0.006962611902627445 0.02001783464567333 
0.997944448107048 -0.0060718302438935124 -0.0032483930594175083 -0.004774137503714606 0.002459482613972738 -0.0006593430688039665 0.017195985453850492 0.0008044410379775418 0.009410479921473798 0.00409998290887568 0.006432442326881303 -0.006248017914678182 -0.0033414259442632083 -0.019368337995766736 -0.0023733219705889233 -0.0009746039615829718 -0.0051229752383970175 -0.01072373038951008 -0.000953972430822916 0.01147380085186485 -0.013164346481134355 
1.0061305067579296 0.008685511984708896 -0.004997249888267931 0.013835773933600734 0.00959716939377519 0.0014968845543805198 -0.008196408754379844 -0.008873215508018114 0.0032856462614380905 -0.0025109841581751825 0.00346809323650834 0.00021913839071332838 -0.005994839666088942 -0.0005224035683965297 0.002507823577790306 0.005544912368511011 0.019328749543840232 -0.004004285666654463 -0.012046096156952272 -0.010981166319218097 -0.00577978720650077 
1.0588579538270602 0.003657303516160971 0.0007271191705687001 2.7042604586455443e-05 -0.00251190229728454 0.003051584142558185 0.006219538936195205 0.004777228865633098 0.0073598137411449984 -0.008543809836545098 0.005234695038307857 -0.016936540511596307 0.005583295539898637 0.003553439599668671 0.010189944883855204 -0.010149105637507672 0.016062270462222864 0.000761748694824526 -0.014537500447831794 0.005570230646752768 0.02039570935413329 
1.0260083712158055 0.0015938583127129476 -0.008793329147304877 0.00047713938630048234 0.017907574552480262 0.004429809848015166 0.026468337929015266 -0.005855415077359331 -0.004036696530340541 0.006920333374654112 -0.015567505580857007 0.005953784541463922 -0.004498515704739178 0.0007150624764288109 0.01596768093989351 0.0024537833924154306 0.011294670240085337 0.00108830109916381 0.008233927421003456 -0.001328091537394408 0.0043512894382921035 
1.0012879260723107 -0.001874828578970624 0.010241329504219339 -0.0026813615845848494 0.017397557455045235 -0.010754075724309885 0.008289518710156783 0.010410148404759264 0.013534334253548472 -0.00695233353802455 -0.003676086735259317 0.024159058850708393 0.0006618916822865193 -0.0034801145849066456 -0.0016859876103436536 -0.0028262168098875167 -0.0018136173116670103 0.0027928688953315385 0.009023471116058442 -0.00798370283552503 -0.005895694875629269 
0.9839991670924255 0.007553809951665263 -0.00991354750434155 -0.00777004125555036 -0.011003761133586087 -0.009581300935023893 0.012740180465512929 0.0015331872435439481 -0.002585243240110589 0.02152906173075313 0.005592602797131813 -0.008527992541977003 0.0013076541336184814 0.008957079137077701 0.025521190302257135 -0.006156710715960717 -0.015624894617600329 0.013586510439953865 -0.002088828729167225 -0.00467656441655856 0.0020126312111545673 
0.9497070384868707 0.00894518481995368 0.005417354248230872 -0.015278542851863868 0.001223941567133251 0.001471304347772628 -0.017269812043309237 -0.01315667659112121 -0.020713165770436373 -0.023922705301330078 -0.009497440183032524 -0.01735437488644602 -0.012704504757058723 -0.007779837830248143 -0.018993125458286957 -0.014765193803730632 0.0013188384339565004 0.0038911131142876434 -0.0036273821344714745 -0.017845123940594006 -0.006345195242780166 
1.0003797025293926 0.009787887191637512 0.000562913205681657 0.014420473618595765 -0.002969593750506984 0.01728196370231672 -0.0026190338988366486 -0.009542556247479855 0.004673058388725128 0.02052432565736092 0.002469783511185149 7.534160469850101e-05 -0.014985539545415465 0.00038791165804210264 -0.0042465654268113075 -0.0035711968203485374 -0.017209161448364298 0.0053555686278499185 -0.01871834825811243 -0.01447800044974254 -0.00029682542376591517 
0.9847855223608628 -0.00146207857451147 0.0073516314435277865 -0.0014030939282189483 -0.0078378402849316 -0.022728687271668702 0.00946239249072086 -0.012560316264135904 0.010559724901105775 -0.009841747621379182 -0.003532940666207391 0.010045089298456636 -0.0008296323500816951 0.00638439808527764 -0.004924742142898616 0.010683749106643022 0.0009742345079189166 -0.0001671171949237688 -0.004621855860381614 0.004193114067198831 -0.010239031659996692 
1.0005219187171803 0.002632503222743986 0.001463780374654243 0.007968956155885916 0.003138204241741033 0.0077073965617496 -0.015733945606233837 0.0028733085604861746 0.016092501163217213 -0.018131367675904588 -0.0007966581395679066 0.004502295266872833 -0.0017591669723741766 0.006097142584282494 0.005654180736069646 -0.002309403490329816 -0.0051102120322813515 0.005717005631517564 -0.008468137819808095 0.0031238648368245 -0.009629330251264221 
1.0218065333061481 -0.009479695671681188 -0.02060047592804456 0.009105669694313782 -0.007217985632432232 0.015647499969353235 -0.00013861301223485893 0.014748749551135554 0.014502714521824951 -0.006894418316391743 0.009576004332477454 0.008512553484656956 0.0025263726493270095 0.013190657138139352 0.005694361804166818 -0.007191689225867504 0.005747954683734492 -0.01148940093197517 -0.009880315215927268 0.009703491594104276 0.0034674927540792795 
1.020169634608286 0.00780483019439469 0.017866178127823217 -0.006318830665615909 0.0031003543224124397 0.0026575533549467044 0.020010804292664636 -0.006677565815554415 0.0031674644241952506 -0.0004158951145147262 0.01723858076601252 0.0002404718860058859 0.007060433067820364 -0.012966687153255906 0.000693236091026085 0.0012683906430015026 0.001251082708771179 -0.0064073554311016925 -0.004569416670054781 -0.011249727386097315 -0.018014157155384115 
1.0431036549033135 0.029536422345796755 0.008895759713505733 -0.007328761850416531 -0.007486373768709685 0.004027830259984855 0.005394846659292094 0.008118406084566545 -0.011458679374789324 -0.008494696322206733 0.01831702270850736 -0.0016301537503609854 0.0007139082325292377 -0.0031684227618358814 0.001375594952612236 -0.005143687039856696 0.0026540027976151475 0.002498018171000215 0.003146803196162161 -0.007219308532563746 0.0007776243395267296 
0.9984070846338057 -0.0028286806395781093 -0.012231980991835542 0.018816212834661387 -0.0015385995312725354 0.017026891553753296 -0.014665312142462989 -0.003312264637772476 0.001161135920357423 -0.00011304356039282211 -0.006733369199055532 -0.0011772575188122667 -0.0053463747288438395 -0.0031964691056575803 0.01346010650470862 0.002955229582572571 0.014478015381806967 8.388801855330822e-05 0.027456756530887038 -0.013311397915580248 0.013144552146960116 
