"V1" "V2" "V3" "V4" "V5" "V6" "V7" "V8" "V9" "V10" "V11"
0.961767256946121 -0.0173243232253648 0.00563390395324353 0.0120697401897271 0.00937833220931813 0.00808191854892783 -0.00570792921548023 -0.0235706630967309 0.00455716291355653 -0.0171544849586876 -0.00694894246496162
1.1230885272588 0.00171042999456168 0.00571683405343528 -0.0184562234072345 -0.00506002500381617 3.70561945932798e-05 0.0197612102058988 0.00920291605825722 0.00538487766096801 -0.00209424640565113 0.00117848096622076
1.04438052250792 -0.0134618806735879 -0.0060917432327221 0.005161817284526 -0.00114486433554724 -0.0135440677182976 -0.00361638192435842 -0.000359627274505504 -0.00739825873572576 0.020695265195308 0.01226850088672
0.956337047228073 0.0044389948348101 0.0014151856953727 -0.013423443024088 -0.00652152671338764 -0.0111350758500992 0.0149025517936494 -0.0346431407207072 -0.00315128723150806 0.00586667795961693 -0.012271544290179
1.02574848829811 -0.0113039798765235 -0.00157369166028694 0.00536040295272893 0.00623719688468253 0.0144036719538558 0.00693384626140439 -0.00413279203695943 0.00721999119041566 0.00481567600190539 0.0201261496731658
0.976030983684688 -0.00491665842982223 0.00719253037071107 0.0257413177135734 -0.00675129918820303 0.00298078272564833 -0.000860975797459685 0.0114471565096992 -0.0118694268028634 -0.0203292115284042 0.00921761371241443
1.00146616887095 -0.00456468775482041 -0.0147222122498638 -0.014538809471686 -0.00581966872748671 0.000702344487655657 -0.00247850329415919 0.00960309224621943 0.00533352346711853 -0.0108225879307542 0.00447690934223004
0.970305528734185 -0.0153171049261721 0.00378887156796963 -0.00140576068823442 -0.000797900279179626 0.00326573565960946 -0.0153032905951243 0.00576526319134503 -0.00541849031424656 0.0136975046707948 -0.000582016721659982
0.960278521640035 0.0100688430271492 -0.0169760496873397 -0.00536962501235282 -0.00920848258753921 0.0100422440608025 -0.0135307836398364 -0.00855039206908916 -0.00484761544799226 -0.0178358897392931 -0.00443390659137172
0.941171693747986 0.0077160483656497 -0.00515753261305158 -0.00892347459663253 -0.00618102355564055 0.00404817304705677 -0.0105451247086906 -0.0134753009627189 0.0218611534750504 -0.00230243266269283 0.00945580036479128
1.02438145179606 0.0126219014181262 -0.0063831523788312 0.00300287618639755 -0.00191562400808127 -0.00758217748953914 -0.00397234243868731 -0.00197659026239533 0.00426148264325677 0.00106425807718105 0.00684498688709974
1.08669575421891 0.0040193185287676 0.00735721210435259 -0.0128561869088343 -0.000937782167508796 -0.00656696677459029 0.00822851220206035 0.00295201478305358 -0.00615646525663011 0.0204253325667331 -0.00973528422766935
0.995644628703988 -0.00498209537214206 0.0119987045727017 -0.0295535055005914 -0.0106695861393994 0.0188976607100215 0.00376140492243716 -0.014458662069855 0.0175258840020624 0.0106619870625495 -0.00342214388512878
1.01208536994403 0.00303178376185586 -0.00562258054214168 -0.0018958551891643 -0.0155119709902116 -0.00645557362991632 -0.00154882249617538 -0.00548218310372214 -0.00735643214691411 0.000871751002735068 -0.00471631401950808
0.997293589735346 -0.004619127309804 0.00853611612049065 -0.0135406807524059 0.0178209954783432 0.016058104886507 -0.0141867562198246 0.00269462537704959 0.00534249181165087 0.00217092523734889 0.0123085356958947
0.93127649240669 0.0032926903085167 0.010805826417167 -0.00573359514249927 -0.00592791472788684 0.0098581083709676 -0.00273782057724194 0.00343430661445787 -0.000348425053361497 0.00222545126089269 0.00822234595595599
1.05725606187861 -0.00433919975182846 -0.00416946355916831 -0.00514826188122404 -0.00168434965713484 -0.0182950295668421 0.00866508891701849 -0.00473025413142371 -0.00613471285537711 -0.00806764369105997 0.00576027852011973
0.997773477791406 -0.00171169284898345 -0.0101830082774449 -0.00574652721731392 0.00723067531994114 -0.00736246589333545 0.00924465922220841 0.00418422475548889 -0.00771738544428975 0.00871615581484776 0.00519942151550939
1.02238686376053 0.00462462569569034 -0.01378955141348 -0.000735015771870065 0.0152740298624999 0.00682854333111108 0.00761614168573082 -0.00832510422778467 0.00845675583937862 -0.000753841972275534 0.0113505512371886
1.01393455228529 0.014976903169724 0.00416871829541494 -0.00365931646640036 0.00514587111979032 0.00528972492827654 -0.00899103072061433 -0.0084183783710308 -0.0151518241540081 0.00554332114670621 -0.00467343992989562
0.913550151360658 -0.0109171318179699 -0.00254858605031467 -0.00158335009465855 -0.00399012628188863 -0.00772332660677654 0.00890956503000794 0.00578426452259845 -0.00585551547041411 -0.0157119139594824 0.0158782258111262
0.99815740532819 -0.00987929596393039 -0.0128506207289652 -0.00693785283387394 0.00450334575706151 0.00754969250409436 0.00672611908650587 0.00173768516581877 -0.0118171551659844 0.00513997948971457 0.00054283281162817
0.950837547045777 0.00355840837549355 0.00387096222910608 -0.000758559786172693 -0.0179360920823756 0.00289353978714229 0.0147623724236498 0.00411799280529782 -0.00985806487881226 0.00318274370654785 -0.00345234853727895
1.00792859043741 0.018957356961894 0.00472729335602357 0.012908838915904 -0.0115944206794465 -0.0241078783899348 0.0108426621379457 0.00583203542727956 0.0118824674203853 0.00301313272509316 0.00415578853347828
1.00698091089218 0.00390751627106981 0.00390446975721541 0.000965487216052464 -0.000662121671709166 -0.00534823978943208 -0.0139835681322398 0.00846605613796827 0.00656729360231997 -0.0148900231885971 -0.00463125534225744
1.08734300700185 -0.00270939748742932 0.00110579460532619 -0.00181481375636842 0.0226505541830093 -2.81195221339588e-05 -0.00764693047887696 -0.0104610318718602 0.0042909467538529 -0.00083127911649103 -0.00519166173889961
1.05214433374185 -0.0169104811045812 0.00227742865213249 -0.0197684795363328 -0.00409561317030618 0.00675296354639462 0.00427106103781513 -0.00538753726816353 0.0209066123861746 -0.00439664892663023 0.0132649364457606
1.03818190944526 -0.00344870801294194 -0.0157716386311189 -0.00384310742397361 -0.00376101216109131 0.00320449337832056 0.00573782478909906 0.00480036611529105 0.00423046338805905 -0.00802377235660134 -0.0120669836497263
1.01907043911871 0.00150145594843365 0.0145314098684454 0.00200357254742523 0.00129269207879027 -0.00846399930938426 0.00494681064014045 0.00445741630289674 -0.00505202138363694 0.00251654194978925 -0.0226656584082017
1.01035306188297 -0.0106648524535012 -0.0166401771409616 -0.000622918825269929 0.00679837045572184 0.00579461733347216 -0.0222792918269328 0.0226098576135064 -0.00347903595384537 -0.00504151453103643 0.0165292175201191
0.99842633756308 -0.00832173812892454 -0.00555299127187993 0.00430049985946796 0.00167380300240766 -0.00195805078826895 -0.0105267195605502 -0.00115153164061823 0.00390582658224144 0.00856896295782796 0.0148825482066198
1.00231423553313 -0.0149307422564001 -0.00489296904195456 -0.00467973397479746 -0.0123659431023792 0.00788175535916793 0.0165993695968197 0.00284595216272587 0.0114643945961586 0.00707902182535029 -0.0078168077098563
1.07969451480188 0.0145294061547443 0.0177163308076498 -0.00366092876316061 -0.00679552964986448 0.00483540332370075 -0.00444973726499091 -0.0017643468107527 -0.0179116259698607 -0.000968840174333107 -0.0114855876106169
1.05565360298112 0.00421452684355594 -0.0122453510921203 0.0145070545816136 0.0163078017315011 -0.0104756681370672 0.00962849174516886 0.00816316123545389 -0.00437199329435327 -0.000979829747451489 -0.0013811088974969
0.969865852985209 0.00566017730921981 -0.00733096841025551 0.00521223911386818 0.00022636010686806 0.00962595595164757 -0.0121536731074933 -0.00973815965864439 -0.00582142732318487 -0.00151076685986842 -0.0061531784455266
1.03490109363822 0.00921562952201091 0.00684527291047726 0.00798864661976631 -0.00662197584157247 -0.00181081715108039 0.0109394610711253 0.000642424583446189 -0.01061519983843 0.0156541069175434 0.00207190119013148
0.920654322044356 -0.00840024094578746 -0.00429914916995347 0.0169459546617675 -0.0183032214456406 -0.0116878606537687 0.0126049007420248 -0.00715538189932615 -0.0091605207385813 0.00672993249559093 0.0018537208541367
1.03994056146142 -0.00496464654109229 0.000676174299263068 0.0183130697260522 -0.00458948577661246 0.0103470468829677 -0.0045010612526473 0.0278425091335035 0.021024081319626 0.00681436525960892 0.00349739673077326
1.04584003073992 -0.0140365761404773 -0.00797587928255645 0.00218467792081986 0.0129441395362288 0.00567526723784684 0.00131209437145525 -0.00306742326515953 -0.000326388970675766 -0.0015001061627724 -0.00247580985818852
0.932985040540038 0.00173844087505278 -0.00404573614564459 -0.013657279746251 0.0145193895658079 0.00252309750533215 -0.0085308793614049 -0.0125716502652688 -0.00807114566992444 0.0062132667928197 -0.00489777871911838
0.904725502786195 -0.00857397799077323 0.00278841753527131 -0.000490026174789911 -0.000327741872422289 0.019246624074917 0.0105557108622354 -0.00341639233578481 0.0191699055907283 -0.000963773801540821 0.00436641393177645
0.945649568380052 -0.000141979751214013 0.00841175751294182 -0.00627250397702709 -0.00524668711170512 0.00660032290118534 -0.017725032764576 0.00170601383237702 0.00713672574357747 -0.00633158470995309 -0.00108827319213609
1.04153245508933 -0.000209236377414859 0.0115114584733313 0.00583094934878945 0.00636549388752696 -0.00647370587413799 -0.0011160806471203 0.013339409748811 0.0163954072033707 0.00540884608232291 -0.0022591693199396
0.986639730899935 -0.02195671378804 0.0058076248081353 0.00443772576905496 -0.0108831806818912 0.0117986626252022 -0.00781799783077811 0.00239248581712777 -0.0119655178457037 0.00963478222424605 0.0242815803167095
1.02524277435116 0.0141595411328121 -0.0030572808268627 0.0183072024565395 0.00343758483613987 -0.00218986591643263 0.00319873447316018 0.00839745458043813 0.00448455380105335 -0.00615392291723406 -0.0125236587581368
1.03346754123294 0.0151994523110833 -0.00284370113141004 0.00655042466997921 0.00359266894337661 -0.0133004685809778 -0.0025726912320252 -0.0104212538794818 -0.00175506780875673 0.00866291722860149 -0.0115417730824896
1.05874055778401 -0.0113627835806684 -0.0194956426312203 -0.00247044130441282 -0.00443084095640444 0.00681961298437432 -0.00334775601461392 -0.000773573328001907 0.0146109263035172 0.00702656179653887 -0.0219988619407471
0.879953353795722 -0.00990794354174561 0.00107363705838316 -0.00210164445244563 -0.00949217575118602 -0.003504053141322 -0.0163171192431062 8.38053910521723e-05 0.0218628270043586 -0.000400647414696911 0.00651749091968317
0.925456066039875 0.00917603538509317 0.000473313984902529 -0.00172034301866293 -0.0018139836437211 0.0163530570120433 -0.00555750915789843 -0.00770134160200495 -0.00738230780804486 0.00389024447209749 -0.0189238128770292
0.999339714045915 -0.00224568663128766 -0.000725901872737934 0.00149871177503439 -0.000483310124319104 -0.00490684868456143 0.0019942234254224 0.0103847050751737 -0.0103738977985243 0.00476389144164826 0.00308870822128432
