"V1" "V2" "V3" "V4" "V5" "V6" "V7" "V8" "V9" "V10" "V11"
1.03097297130302 -0.00574761740896476 0.00603956137644866 -0.0106043364247052 -0.00161980566610336 0.00832914652923407 -0.0104847410986084 -0.00896084748091428 -0.00484097667468456 0.00165952497053861 0.00219492828764405
1.0631238734404 0.00176416229621299 -0.00308571100569473 0.000835224405596116 0.00539010115365266 -0.000104375846548189 0.0103190520326894 -0.0131187755630046 0.00165344115924211 -0.0130389681926845 -0.00857552343889212
1.06171502321049 0.0191636762037136 -0.0115820677905275 0.00612568157790144 -0.00108433156764028 -0.0235195052172121 0.00724413117957186 -0.00234156199231842 0.0142311657272464 -0.0149745173055461 -0.00496057086152149
0.946201220713421 -0.00800893770002999 -0.00837062729891389 -0.009991809951447 -0.0150971618212248 0.000919647324290349 0.000960260192094659 0.00948965191714321 -0.0035148491486996 -0.0182463057256386 0.0116499530209893
1.10739309704672 -0.00829901219253529 -0.00378030782433915 0.00628998971054589 -0.00187730438419224 0.0119953169146972 0.00812332878814505 -0.029050033096115 0.0210883323525976 0.0123519071626614 -0.00607940209208739
0.994429186519126 -0.00566118685350712 -0.0108218918095385 0.0231623055885974 0.0065309327216626 -0.00394462017956102 -0.00134807521894798 0.000476871267255895 0.00506946830096852 0.00128881012366424 0.00526468441406404
1.09510110698948 0.00495199135009552 0.00508465098012326 0.00642769827142993 0.00249510798887097 -0.0015730730189856 0.0113248370656791 0.0185663747178729 0.00759667885739371 0.00464722594113916 -0.00679694114661334
1.02217557335157 0.0155830011441332 2.55459627558402e-05 0.0129376908078906 -0.00525094429848963 0.0136183968195795 -0.0103585566614695 -0.00439134044505989 -0.000628072379205637 -0.0135730031726386 -0.00479206736181303
1.00724383627309 0.0123182567824352 -0.00408448366515894 0.00134524745986025 0.00365841413238178 -0.00109228697659319 -0.00694516053761929 0.0116704638126444 -0.00679509201708995 0.0116168852508492 0.00423584175897679
0.947637251698979 0.00727527259723957 -0.0190134606576638 -0.00392566268518847 -0.00743887518942479 -2.99145078689078e-05 -0.00214057386471059 -0.00890336647832023 0.000527223313839346 -0.00520970107278616 -0.00113844518513072
1.11097952235886 -0.00766650152519428 0.00747251370760928 0.000361453482999399 -0.00562640657524178 0.000901878598611702 0.00182084279885956 -0.00316585951756519 -0.00890375069367589 -0.00214293936826512 -0.0126822490226635
1.05028857097616 0.0120287087969335 -0.00823488312574064 -0.00390231283943367 -0.0262151823039451 -0.000169615981258451 0.00229865749675525 -0.00863257110382931 0.00610743621987137 -0.0240812154741033 0.00431821340931036
0.994394506561714 0.010008181898323 -0.000860766000415878 -0.00440208841867868 -0.0103558299931945 -0.0123629833445248 -0.014799388233099 0.0118306264256596 0.00684804897089074 -0.00291219515513774 -0.0197249882315371
1.02433604042289 0.00440175032701912 -0.00163527066760781 -0.000228567098483491 0.0137666930233691 -0.00564101227267894 -0.00370363216632656 0.00506747498716299 -0.0153011883606528 0.00596683642292324 -0.00609066012908833
1.02598497594695 0.00739251959932478 0.000290086777962773 -0.0159512632047043 -0.00935300752414712 0.0168633108675438 -0.0106131964706563 0.00365515886373595 0.0136223113429064 0.000377887047187748 0.00122951915513585
0.92789269271838 0.00778606284182073 0.0025860731930521 0.00734406546612968 0.00100528529041859 -0.0134471126976403 -0.0159924490898904 -0.00555429028743674 0.00127546104308087 0.000425410467628809 -0.00601306022220264
1.03943913169486 0.00488003892082587 -0.0101028686909896 0.0053390116387842 -0.00951842334341268 -0.0115553512382393 0.00443570574903244 0.00645466764494546 0.00333055176131907 0.0111587614120104 0.00537730819667167
1.03001319170572 0.0102745469087041 -0.0144587927686966 0.00621762879821224 0.000554255650535675 -0.00726312243629599 -0.0108972133380278 0.00806442846435676 0.00805637979809771 -0.0218499146486672 -0.010114854953915
1.03883726754391 0.00120809934473787 -0.00117112720633113 -0.00715095515153357 -0.025621790192914 -0.0201158315664326 -0.00489415783652987 0.0112222041858183 -0.0126832402386974 0.00682926504811401 0.0174784895708665
1.01402759604843 0.00315479265830388 -0.00152262097413293 -0.0116500080645171 -0.00799562578230414 -0.00515293320427602 0.0130793630681539 -0.00850897001720205 0.011487524895516 -0.00865597045113554 0.00734819471849915
1.01835279261125 0.0110144814431261 0.0192044162043453 -0.00442520682343095 0.00787541328534638 -0.0142957280356679 0.00436559673062783 -0.00483930904889868 0.00136553490433551 -0.00410251019533795 0.0113893472364057
1.0436088656808 0.00381992217990738 0.00380530496090828 -0.0021508792031856 0.00170771844466195 -0.00124028470365455 -0.000683212925802419 0.00576738012851969 -0.00669480594923679 -0.00185532569638933 -0.0018482058087757
1.03675912769735 0.00133772084604208 -0.00673953418679284 0.016716431471611 -0.0106320797326276 -0.02359148751984 -0.00531850216657467 0.00533480134816429 -0.0167170376471471 0.00335107189709313 0.0172393315389369
1.04906387646766 0.00731995315719238 -0.00360428068678347 -0.0118187763690453 0.0184409201448891 -0.000840371390007252 -0.0177936064408592 0.00274477331213052 0.000440668709258162 0.0159253103013073 0.00543780615216366
1.08090648767597 0.0124323061059742 0.00470695590063423 -0.00793154084505951 0.00981393657637544 0.00164588349848268 -0.0167981590001513 0.00477798399779981 -0.00168324676354627 0.0105516732017484 -0.00391272010800975
0.904895738599105 -0.00695993820765847 -0.000855898857561459 -0.00321149335689962 0.0195058742550632 -0.0195675347339027 0.0127123016848243 0.00133298566138573 -0.00406983066561941 0.0265972961893504 -0.00363198333298524
1.00518763795368 -0.00972513874934058 -0.00327012544309949 0.00690863736717053 0.00302279841088562 0.00392323943878826 -0.0134747698940846 -0.00662048006910423 0.0133033793638159 -0.000146957563934058 0.0165166020358226
1.00897928769433 0.00898022294813641 0.00825751361451668 0.014825915447809 0.00268555592334133 0.0130752841649305 -0.00994222603175553 -0.0108263170200819 0.000483526824327135 0.00318421058578313 0.00901939243844304
0.97375287373023 -0.00386769282537251 0.00415370634351153 -0.0204286782554875 -0.00656705491515323 0.00481776939423624 -0.0116872914676933 -0.00137142263658838 -0.00160748281427988 -0.00751493167743954 0.011527387287498
1.03560158165055 -0.00228510762296465 0.00478701929595959 0.00291671507925004 0.0111805814602273 -0.0107686275894215 0.00234130979737525 -0.0040630248814145 -0.00226286113638167 -0.00267590010767672 -0.000338736738429022
0.998482933516185 0.00876636098473687 0.0101686104777628 0.00845486499213151 0.011946113629617 -0.00233792119715805 0.0170159380347828 -0.00712310045978091 -0.000834142048394992 0.0145984560597748 -0.00419472379126697
0.939032190138846 0.00716458547144652 -0.0101800626136292 0.00642032022184342 -0.00402633694982168 -0.00540403679823876 -0.00711504752567434 -0.00116975819495662 -0.0195388641397256 0.0135737263886825 0.00338753112212173
1.04647822956286 -0.0145889045697466 0.01166388956529 0.00310436695899618 -0.00992752629421692 -0.0199787392755767 0.00640818213932346 0.0277617363463699 -0.00558091167474366 -0.00868983887914323 0.0121862802442051
0.943275062380255 0.00907791342651839 0.00781183192054653 0.007699185970439 0.00563604938637731 0.0107976757187924 -0.0141357326184193 -0.00346706272544006 0.002598999463825 0.0014013266900202 -0.00905452783271548
0.953076133162728 -0.00650026417112719 0.00890794106621171 -0.0209951630134738 0.00508677413765722 0.00692968292876027 0.0107819483297565 -0.00379173621811499 -0.00331270656565522 -0.00102581934850791 -0.00668131096647862
0.943050536162048 0.0063727406781439 -0.00295975353470436 0.0223831327170533 -0.00642073495224218 0.00760501115559237 -0.00455068058432269 -0.0158556148915105 0.00813749224614329 -0.0116663593205283 -0.0185498858317409
1.00432479618314 0.00317252347968512 -0.00527350521416665 0.000903961831925484 -0.00380530410454826 -0.014105510666103 0.000888719005721648 0.00305357256911501 0.0141442975223398 0.000601634488122983 -0.00929545207360559
0.920052234662517 0.00434481136706293 0.000157199221497305 0.00289739135411627 0.0122234229721691 0.00282448759637761 0.00674164250666346 -0.0309757578091755 -0.00374281310559615 -0.0135945880420497 -0.00874108739134836
1.03944054964057 -0.00402766514016579 -0.00502139672871774 -0.0196533397546854 0.00829666677466283 0.00538506893402607 -0.00151583923133215 -0.0113163587819941 0.00228267020119999 0.00397294654792497 0.000205887328269666
1.04272977803734 -0.0100714605138887 0.00500303390254297 -0.00532224516495584 -0.00807085371077894 -0.00879639432992842 0.00849087778759642 0.011141170688313 -0.00259336154210913 -7.82177848666026e-05 0.00295643412267946
1.04141324603036 -0.00406064174302079 0.00294911256610288 0.0028865080465128 0.0079156627730216 -0.000657557721205077 -0.00220613127440058 -0.000397768373897181 -0.00641081267464632 0.00538842807291192 0.00362915229250372
0.986831964048168 0.0137417238822669 0.00196318077482719 -0.0086090192094162 -0.00266800208922946 -0.00255099048754982 0.0155823968414084 -0.00899939916896004 -0.00374638923699557 0.00199033735560538 0.0108263825045548
0.940380467427408 0.00223167003687746 -0.0049735787168952 -0.00597445727678785 -0.0178755984482361 -0.0063018432400654 0.00975236917609389 0.00832896458415817 0.0155984258936797 -0.00634002796406431 -0.00809650585286148
0.970209625299588 -0.00382573528046237 0.00563435378870546 0.00181609905403701 0.0018940557897777 -0.00561677017931033 0.0152336651046743 0.0114965202611315 0.0039392056041336 0.00944863256391454 -0.00238842729329883
1.06656629012904 0.00928938120699696 -0.00163239458549366 -0.0134750792734438 0.0142332122412754 0.00139312382668594 -0.005666547329924 -0.000854266769330281 0.0026198674910727 -0.00417415082986559 0.00451886325653982
1.05977262573109 0.000140430664837193 -0.0118246442752156 0.0133653941885007 0.0117209224562926 -0.0195562905916475 -0.00348966379924752 0.0121612252561808 -0.00652891880415657 -0.0148830299899227 0.00150995730731161
0.907625824100412 -0.0112529992944458 -0.00753288394296728 -0.00405597245259982 -0.00538738065477466 -0.000292078242032293 -0.00023866357445139 -0.00660205487492572 -0.0192368150584102 0.000351578763690881 -0.0144395702800775
0.96936368044836 0.000433173508847755 -0.00595111813812704 0.00144511888402603 0.0112876485455257 0.0167847010251916 -0.00213070215887894 -0.0134701183602532 -0.00776083246887913 -0.000701372660253126 -0.00880574666482725
0.878112260512585 -0.00673493229866108 -0.00294981602093597 -9.76409028692566e-05 0.0056657894021348 -0.0083552932718275 0.0090657111006326 0.00818511479734377 -0.0210850015797993 0.00299666681621681 -0.00895413633479544
0.918421810304201 0.0026960932513597 -0.00565207095342915 0.0140396645102008 -0.0164109488641483 0.0129359300554927 -0.00810974590862221 -0.00520997489483531 0.0073897984372265 -0.00804741949808514 -0.0153736049895356
