"V1" "V2" "V3" "V4" "V5" "V6" "V7" "V8" "V9" "V10" "V11"
1.04298149572401 -0.0119035621469256 -0.0130622943123714 -0.00366729795400716 0.00873099822677476 0.0132258207538412 -0.00475480522104244 -0.00566341640994621 0.00167060945810151 0.00151404982832612 0.0106288556479728
1.10343065570564 0.000324024911115725 0.00404412165165248 -0.0164564987029824 -0.00153488939730017 -0.0032182126284863 0.00632227717939735 0.00687588199773545 0.0107665251493145 0.00118586905123582 0.00977677565696746
1.01288693068983 0.00192310317976844 -0.00158612716481025 0.00721512852906923 0.00328948390011503 0.0249323901885984 -0.00123433053217017 0.00898107757469157 0.00615294405387219 0.00336406081788868 -0.00796248411281127
1.03405544776825 0.0153612825810511 0.021988484666669 -0.000880690325987905 0.0192845567867673 0.0116253385807834 0.00112659326314993 -0.00137610351985163 -0.000749042152506922 -0.00920529757684465 -0.00879082863691962
0.929656492974383 -8.00441981395593e-05 0.0111778055666965 -0.000347332415459878 -0.0105688955570911 -0.00147442677630309 -0.0140383963349886 -0.00785589916445775 -0.0129218909510158 0.000705493825813576 -0.0116030943562722
0.988716202616485 -0.0115897221117065 -0.0059687438681002 0.00849069880436073 -0.00520884868183869 -0.00854579879710142 0.0163951770927101 0.0148572514749243 0.0232747925092871 0.00203702546229235 -0.0170749473739945
1.01002891945834 -0.00970640762409651 0.0177166301119153 -0.021177965518164 0.00924742961790146 -0.000287578988439123 -0.0057152641627793 -0.01193289762728 -0.0117010593807183 -0.0147779904357896 0.00218200906168682
0.94570183806143 -0.000765273029771966 -0.0126807552134995 0.0012054111142676 -0.0154633661835979 -0.00109686867514493 -0.00548960389576068 -0.0171842394033432 0.00433728385569569 -0.0101626421159808 -0.00100152756656078
1.08548845007815 -0.00494966900178569 0.0105813822020068 0.00987016930630625 0.013504992580469 0.000773300464892716 0.0021053125972771 0.00508326313079145 0.00382067491511632 -0.00584948159649018 -0.0106651798829786
0.950437576791707 -0.00688504506945431 -0.0103775990148889 0.00770586106859113 -0.00848795948922646 0.0061116496178223 -0.00976438755134077 0.00854070275374063 -0.00559567959992531 -0.0186747028913572 -0.00835793002072371
1.04225161330925 0.00557049127763987 -0.0172231507675686 -0.00765128180330566 -0.00320278660310492 0.00463464881992724 0.0101571911724647 0.016821100655644 -0.00703074890394169 0.0109023071613654 0.000427558063211139
0.938928929948801 -0.0050873064604777 -0.00572749625431862 -0.0133419644841471 -0.000957884901671227 0.00227274797909751 0.0073383913902348 0.00194767976986637 -0.00343918328330287 -0.0126093890996161 0.0161947858564539
0.98863977384912 -0.00557690337391523 -0.0190984776150016 0.00705909853215671 -0.00204660435055668 -0.0131004374810153 -0.00648342515768456 -0.0119055230558036 -0.00197733484046041 -0.00226604486251533 -0.00266435026148477
1.0187733632113 0.000800116120914796 -0.0183775420104862 -0.00897754653371677 -0.0171757442038441 -0.0131828956510237 -0.00124660606014057 -0.00561530032635845 -0.00223271648404336 0.00479592754018854 -0.0102073564044079
1.00998651163552 0.00204194215589596 -0.00160721876562643 -7.85292930495638e-05 -0.0146946992843786 -0.0135648823005203 0.00764547300226638 0.00974551813533381 0.00655252169041926 -0.0193337763463169 0.00984179288940526
1.05117965185535 0.0145835794178944 -0.0111153262603719 -0.0101165987951756 0.00636186815504858 0.00630044111715298 -0.00954365903343307 -0.00756744681665365 -0.0168551734395852 -0.00779914136637194 0.0191483022051183
1.0183244144991 -0.00758612278430941 0.00163359946328103 -0.00874704173506475 0.0145272711523962 0.00526835038463894 -0.00510909683523642 -0.000130364798149576 -0.00593227752086831 0.00317655889118285 -0.0127886935503295
1.01424334531013 -0.0035688442798959 0.00675779480872941 -0.00184334077555738 -0.00282232536341234 0.00672657795819905 -0.00447120329550576 -0.0119413933091787 -0.000340994142120135 -0.0115531848361514 -0.0135492164537007
1.00405667399271 0.0179254861800809 -0.00157610595035143 -0.00473538250805429 -0.00445441244650091 -0.0110409288413728 0.00547683376686531 0.0121195737609662 0.0124255390637526 0.0019082900120026 0.00889762329227515
1.03870817971739 0.0113612569440024 0.00188450476469545 -0.00500461247769203 0.0130295137174196 -0.0103168678025151 -0.00651074067214285 -0.0124888867649299 -0.000177952139112741 -0.00435112105238587 0.0214993513173269
1.01115762839882 0.0205778383549198 0.00314532599229186 -0.00666223394224385 0.0127796887190121 0.0143087024178153 0.0100465114271848 -0.00491517804125452 -6.81985983488519e-05 -0.00413335264356962 -0.00564418128794148
1.0471289259527 -0.00709381458123224 0.0125969608243355 -0.0141577458664262 -0.000889269785704771 -0.0114730331458723 0.0205450359053601 0.00669089270734664 0.00754142611682069 0.0101811256633068 -0.0140469742605803
1.06198599689399 0.0159295870689696 -0.0105945742400493 0.00592144292790398 -0.0052360814702168 0.00374920277931269 0.00238826772246181 -0.00160953530084819 -0.0111753302974087 0.00370698651550892 0.0112248803530911
1.06309819061619 -0.00226115603836323 -0.00755652675519278 -0.0177410295614171 0.00431592973566608 0.0123627640606274 -0.00564238903656362 -0.00436989927343104 0.00854366304273028 -0.0130625092751162 0.00745778437293018
0.991410770440244 0.00209324033470634 -0.00620850275213067 0.00997722532781573 -0.0100053458033632 0.00773915753800633 0.00477726125475583 -0.0247272591515964 0.030002156982516 -0.000447139023644584 -0.0042159652409494
0.986408230719229 -0.0148162571907199 -0.00595130968271331 0.00659314684406637 0.00936051862668243 0.00658650779807996 -0.00256837569933922 0.0153529808264273 0.0058767371992517 0.00396544846684399 0.00780069999903967
0.996770516633026 0.00265695589286346 -0.010111423301984 0.00408047841168415 0.0195576506590732 -0.0170472521590024 -0.0125082718883559 -0.00731558363176862 -0.00495428920633804 -0.0130420795293296 -0.00717411654707418
1.02900683367034 -0.00640814136615773 -0.00114851985719398 -0.00258430321533152 -0.000800938009669272 -0.00637607062584689 0.0165814108394598 -0.012567388214331 -0.01172848697947 0.00259228506945409 0.00207934929787229
0.958299278096055 -0.00397079611825047 0.0120940023787997 -0.00154225589487552 0.00380824646945581 -0.00949987303503632 -0.00990370092310373 -0.00573540883576266 -0.0140351801179274 0.00487311892661344 0.00944368190270859
0.972365606780768 0.00677671093508336 -0.0154991746388781 -0.000499800302184582 0.00208458284704056 -0.00867442171639735 0.0109140094953625 -0.00713171120116473 0.0139005107245342 -0.00877224234405817 -0.011485073317221
1.00863768021135 -0.00094978590255802 -0.010304816603402 0.00130884827239086 -0.00602993033898593 0.00539505839692139 -0.0211179082106175 -0.0011606841765839 0.00780635804114022 0.00272111416108411 0.0136160053609623
0.99372370698848 0.00925437996580933 0.00116184136225275 0.00717261819559704 -0.0188388657298078 -0.0124599759331262 0.00396519381921793 -0.0117930200398654 0.0133802160989742 0.00627905820400556 -0.00434380488658566
1.14052430962437 -0.0049321312561951 0.0168657412537238 0.0185945931896528 -0.00572999601766866 0.000698681158982844 -0.0109805672083433 0.00627855539669506 0.0165613189403317 -0.00661282020842335 0.0117643598937583
0.940965618435433 0.00702717327357786 0.00710909322836538 0.0178594314900303 0.00153844291046957 0.00473224404799269 -0.00820537408159258 -0.00036399967843235 -0.0138495192335879 -0.000118463327025452 -0.00337571295702695
0.939841633229299 -0.00900755437825325 0.00822018881499697 -0.0202138389970937 -0.00444741241738259 -0.00565060357312754 0.00492882275746436 -0.0116676991726458 0.00510413201386345 -0.010880818201286 -0.000155774100854274
1.05162744243308 -0.00386493449113626 -0.00591346033659769 -0.0204137142583225 -0.0103225525890626 -0.00516563043986107 -0.00378182790907566 0.0212233816055812 -0.000621202538434238 0.0149961021792716 0.00816778529281778
1.00183635344876 -0.00256225387620637 0.0064499866616398 0.00422906836147737 -0.0059353453538404 -0.0134426058837032 -0.000427024514848025 0.00566971557125658 -0.00340445915084042 0.0155894229988134 -0.0178874527846893
1.06416654411423 0.00801499293150183 0.0109114689092991 0.0178847752516952 -0.00365549265729347 0.00555693503247116 -0.00305687531252557 0.000249166028999482 0.000396243879473737 -0.00249020945298786 -0.0111239713647981
1.0340992373079 0.00946178309669841 0.00669521517586699 -0.00897256419730381 0.00114993961557782 0.00581449266616407 5.74713746919098e-05 -0.00669792901075693 -0.00414750502041987 -0.000982301228004315 0.00137027628004393
1.10250090690822 0.0178622034710242 -0.000655647509385652 0.0192519621315147 -0.0109742833668288 0.00114943912862593 0.00219170495288551 -0.00654249576441147 -0.00302403845818842 -0.00861944357737386 0.00641189758624933
1.03351354718181 -0.0111017270665435 0.00685654915401251 0.0143460992230197 0.00757716142422747 -0.0143367405419832 -0.00960739080302305 0.00885349948211848 -0.00878962486717868 0.000141358198918344 0.00564299126683733
1.12288140208157 0.0145032502563115 0.00489220327937333 -0.00183397920388306 -0.00300517828689182 0.00114252428462982 -0.0140499235022212 -0.00152759443804535 -0.00999384521095846 -0.00265539209336487 -0.00334722953461662
0.984075708690213 -0.0102988874355794 -0.0105969051922125 0.0167589312219768 -0.0102027910147261 -0.00332720968688937 -0.0103555314957783 0.00429681924931932 -0.00370943393475053 -0.00129328783590947 0.00819128924075304
0.996929313716686 0.0151814774504816 -0.00117872951723016 -0.00681121666345217 -0.00783436841587632 -0.011294484608332 0.00419491543949502 -0.00744400662324772 0.00299618017997898 0.00739418543577667 -0.0091837432656765
0.92874057943385 0.00355255131379236 0.0005730145568171 0.00587383458148974 -0.0025664623865935 0.00477417298475494 -0.0130445833200152 -0.0154709686015513 -0.00215658454974381 -0.00865932049703719 -0.00801500177294103
1.03581393700491 0.00244585828783334 -0.0217156208617335 0.020627876755688 -0.00455609731401315 0.0114807736038222 0.000108779997642396 -0.00304244659818216 0.00326909317845174 -0.0216746494782058 0.0087641587857196
0.920902333513736 0.00021969008848622 -0.0150088049117212 -0.00829601214741801 0.00354987171273982 -0.0123528607305233 0.00196827261130626 0.00669239793726663 0.00154211952276844 -0.00352759092427857 0.00511835747528664
0.987169945929686 -0.00011886614376398 -0.01370096801588 0.00717103049666272 0.00414910927209509 0.0116568789799372 -0.00096673511780527 0.00223355050983229 0.00247509147534466 0.000756143643741531 0.0127267394952198
1.06705803986858 -0.00512464735461414 0.0120446692840685 -0.00384533545956394 -0.000631548015322625 -0.00905453836046056 0.00704581298350572 -0.0166342648740234 0.015272704110511 0.00956021715337342 -0.00975479883040845
1.0620358519903 -0.0108829913889338 -0.00247278918046381 0.0110020635483481 -0.00957193275330522 -0.000677292950630391 -0.02333547419544 0.00319116272560606 -0.00161396950484377 -0.0258482772209316 -0.0134224100858554
