column1 column2 column3 column4 column5 column6 column7 column8 column9 column10 column11 column12 column13 column14 column15 column16 column17 column18 column19 column20 column21 
1.0033902313606637 0.01792011169023771 0.00763622630936821 -0.006754188079208337 -0.015619585073473455 -0.002939668267218712 0.007196665511120899 -0.006646732854392986 -0.015738969849904135 0.011150936844450683 0.008142611710189115 -0.003621603763848852 -0.007044702779785566 0.011033126247772513 -0.002073752964239147 -0.015789541116194794 -0.012768283395152036 -0.011158930997149109 -0.016912440342186176 0.0031120833992456434 -0.006240388287918938 
0.9859449689575385 0.002836454253828192 -0.014628896206787919 -0.011870889755731764 0.008825415743151873 0.005668959107559903 -0.014329413267299038 -0.005206463067669349 -0.003214713259054319 0.0023026923639534957 -0.00825266353566734 -0.004009363776401922 0.01643523756103155 0.009011010611931243 0.005751479893206054 -0.006202189189625946 -0.015509935624088452 -0.009124438963628042 -0.008971980182051758 0.004543212677881267 0.002070777935579787 
0.9988018957597105 0.008886751990328443 2.650349533333699e-05 0.0013451465124847263 0.01487855473939941 -0.0023989935126540176 0.009513230718912347 -0.016637577720972102 0.00278015924487469 0.006794768041552544 0.005939582625661057 0.0009949227953657603 0.0069382052521620476 -0.015787947272358126 -0.0014830492515368562 0.014435731745545227 0.009338533789441076 -0.003186671716942753 0.009077028070944718 -0.00045728931556069356 -0.023565204190789692 
0.9711068674368244 -0.01215456733866444 0.004094613050719066 0.005762380696018792 0.003118528505776325 -0.0039062238539447824 0.001757261389421623 -0.007646271744034676 7.253098755893252e-05 -0.014748158684621092 0.019098526569081984 -0.002922849933268022 0.00023175680789351563 0.011731323554947413 0.009867030896934659 -0.013833715420766704 0.004001959549283169 -0.009769776284689329 -0.0034035448642103184 -0.009385493863780051 0.002684551812120906 
1.0116695921315704 0.005452455650119461 -0.0036088011698353307 -0.013917293496726848 -0.0034391047237779656 0.001156498514846013 0.00781761286406857 -0.002530178530597762 -0.018995998441549304 0.006019461421373516 0.005121319586830964 -0.0060120725634846455 0.0006616417554952605 -0.0029344931726777556 -0.007634814825114196 0.01604180970854189 -0.006182387441401935 0.004693581442845456 -0.012843672970427829 0.0025621422632687457 -0.0037048548308966658 
0.9392804432311439 0.00674665237597707 -0.012203172753763787 -0.007790640316616997 -0.0022763193963442137 0.00671905073757273 0.006922661650342361 0.004258596608783511 -0.0014429396345648918 -0.026314506629429003 -0.004198058761284882 -0.018268387286046996 -0.0017547923395672346 -0.009094233523660412 0.009522985647486654 -0.004913292206874086 0.010078805169472944 -0.011008699202885186 0.0028314758391827727 -0.0008481659327675244 -0.0014125577253326154 
0.9130620861415407 -0.0049031819738961846 0.001997168173347624 -0.01845191219792591 -0.004087438780591935 0.011427505492309989 -0.014818253311277127 0.010104960344897038 0.005507742866763182 -0.007425976716585876 -0.002762876754418123 -0.00905917603617571 -0.019270155369357937 0.0028856560608346853 -0.004110881345884302 -0.016673989393868823 -0.0025941702749035073 -0.0025725549627299417 0.0009621803362713967 -0.01029175521614177 -0.0072090429429302275 
1.0020085194063124 -0.011225349606664489 -0.007463075804942665 -0.005900897716460094 -0.007550010878531335 0.007009251698302024 -0.008201814150069013 0.0036115610554838624 0.016261669383174318 -0.013223376225002453 0.005638565178401738 0.006350807533520885 -0.003670999041121526 -0.006172572377602546 0.026625523922187956 0.0194399886497873 -0.0057266945330547 -0.008195924687757972 0.011122699292780248 0.005983009149992754 0.008584245139158763 
1.021821627262267 0.009244414827473684 0.0007513561295412067 0.0020241177369515824 -0.005852663311484928 0.0007890202630597429 -0.01058507433315443 0.015764539022646473 0.005138815222545343 0.0033385585817850604 0.003439818770962456 -0.007431739738740697 -0.008774850648308798 -0.00823803703985276 0.0008819249305759919 0.015975960904468508 0.011754834403323894 0.0008010640694115836 -0.01565916407469162 -0.007255198286299601 -0.004303870071683729 
1.003506007913136 0.012310105422337497 -5.29493259851023e-05 -0.0057440371841955455 0.0050784296863469955 -0.00769905255298494 -0.004262730978502197 -0.0036229845629988477 0.0028211843810635236 -0.0009140793634947338 -0.009059008089622803 0.0012755890627690698 0.006876399108893951 0.0023586086207822606 0.003179560024605624 -0.0054230689026834 -0.024747386229360315 -0.0069868307813616875 -0.003938337047975336 0.00736111909737373 -0.0017982797705365175 
1.0356878893035888 0.029511163936549793 0.010099600739922656 0.003110310403821965 -0.006388868813429849 -0.009674492151383982 -0.01332914312532836 -0.0020713654945831014 -0.0013643283728349345 -0.012942164904255317 0.001142853697007837 0.006853049685800289 0.007673487507307223 -0.0050478515553204414 0.002238078174608795 0.003980827047579594 0.002676819946806047 0.003903871291683874 -0.02359032428814089 -0.019098364665281295 0.01407766505148374 
0.9847383169932673 -0.006937229836440187 -0.002420247869827803 -0.009477218985186093 0.0026116183592210396 0.003889417009152538 0.026081826625311638 -0.008558319443866315 -0.009820698570916817 0.006804757605066823 0.010956950899630584 -0.004438702771506494 0.00023275612785616414 -0.0060388585300420366 -0.010339531652159808 -0.005609734365248879 -0.0023755827033277895 0.0033240421740184647 -0.011475820468648305 -0.0015143030022423975 -0.011093731185211276 
1.0369385809134792 0.00570457616248342 0.008463555700140138 0.0196710671269338 -0.006157268430186785 0.011820932678538865 -0.012016910576435804 -0.0020987972843954732 0.009261904263613473 0.009642163634260152 -0.0020931561335930968 -0.00304113516396566 0.0035563713215287745 0.01419318692931262 -0.014100022644060668 -0.0023504520164858204 -0.009006353625063086 -0.0019983975951040596 0.013963607135152893 -0.011816511527111462 0.010083052598375598 
0.9954427444419505 -0.004069458357117658 -0.008663972411776152 0.0028575904329455775 -0.011773327117845647 0.002678715888724313 -0.019423188790303123 0.017942323560202363 0.017903284435963725 -0.007833361571045958 -0.00424543892817044 0.0034154950467617452 0.01386413584610029 -0.0007137664194780417 -0.0118273885640538 0.009684713290018932 -0.017394280138771687 0.0142263484519788 -0.004078165786404635 -0.006111480421222667 -0.0021169284306435865 
0.9707410388989752 -0.017252285530010843 0.005175582247079819 0.008077025253858673 0.005909323357335028 -0.0044469799192316944 -0.004475589313599899 0.007517962365371037 -0.007143473012665563 -0.007493020760800355 0.006128704171433227 0.01736873983471487 -0.010496867412798812 -0.0073760041357291625 0.00807942598160139 -0.004315360745343185 0.014197093565783244 -0.005610829582882568 0.0010499399582364313 0.0028437145465337204 -0.01385907683224754 
1.0070989089981797 0.013282545597011844 -0.0012357200268049763 -0.015652021725414918 -0.007078542226780459 -0.00643597358578229 0.02165394934422776 -0.009270832161090013 -0.005869544384926579 -0.007959882312545278 -0.0020606018282774983 -0.00503223225489362 0.018931791212192045 -0.011191565900581589 -0.006908290869663997 -0.020364534616212314 -0.006719914174265397 0.008424968750968662 0.0051582458932528516 -0.005070949232068884 0.006265972268953607 
1.1230982128709739 -0.004520023514398387 0.0009614147522073302 -0.012624406087821456 -0.006561041764631972 -0.00012269565194292326 0.00019303583396273558 0.022494846287927382 -0.00849649633065568 0.016767616784942728 0.013000020106134148 0.023966196995552885 0.0037409378505177944 0.022336040140083037 0.010112474740765461 0.011472182785549616 0.0011571824470568602 0.0014342913175736866 0.002202786887733125 -0.004384575284675119 0.014294569203435087 
1.00953126483334 -0.018215691787702736 0.018508229985791113 0.014314347094846046 0.0037402863337467136 -0.0058433206653409325 -0.005500919657746632 -0.004032903200232683 -0.009819839356080214 0.0015274900714865175 0.0031184681145616194 0.006004576822603789 0.001468812298484436 0.01481445358499193 -0.016249260817965266 -0.0009618589626012451 0.00030786968094533354 0.013142333296377082 -0.009694319768884008 -0.00659682268974999 -0.02932387427085589 
0.9955348141663969 -0.004473122738419631 0.015709743152789366 -0.007659281748242674 0.0065282998663508535 0.003758939902694862 0.020106338053430886 -0.0020997307287448524 0.01174664017709424 -0.007897768315727834 -0.0023910025409941723 0.009556508004690328 -0.009277308455887163 -0.014144461025958538 0.02264538810526743 -0.0020299046188788105 -0.0222276653301725 0.005183458331633393 0.002244337330520255 -0.0045393979217771855 -0.005062432969280812 
1.0532857877254185 -0.004046004568178859 -0.0010070388672648793 -0.00712511393644927 0.008939035747219878 -0.0056252227166497725 0.007286642473921038 -0.002383849962897461 -0.007954446587458539 0.012438864518309499 -0.0016262476379288262 0.0031622634808696937 0.0034794756425765437 0.003876989105755494 -0.010998248756158232 0.00800147127991626 -0.0013465157045680818 0.00175203701658225 -0.006530253557994965 -0.0010170527134746238 0.021832665146109886 
1.0542973902024921 0.02109784383778695 0.0016688598179070402 0.0002997666096098344 -0.008204144328646641 -0.007161160901189768 -0.007799978662711451 -0.006729794121666735 -0.010135856484152425 0.0072832565557774025 0.005539547099091343 0.002324945493011874 0.00834228447350059 0.003441357396089453 -0.01677825314013327 0.0005692666599565457 0.016432731117106237 -0.010831066011042112 -0.007814186397162087 -0.015859928886308456 0.021505429441593612 
0.9891652391925271 -0.0007490428836196474 -0.0032403699528245553 -0.004850026323860583 -0.008016868452992425 -0.01029508188338971 0.005659972171333136 -0.005515642954174 -0.010511484584870598 2.3613060459978345e-05 0.010978755026970124 0.001473209457290553 -0.0033469806948557656 0.009127381150238367 0.0044307235049917786 -0.020954360362558693 0.0003336422268902735 0.009309535775241492 0.005319772124868493 0.011387783349053038 0.005270318784599471 
0.9655836700124292 -0.011987865228945556 0.007455588414879801 -0.006201139054634679 -0.005360376653261842 -0.006585366783231618 0.003015398578560446 -0.0010174071367640436 -0.006402769381604635 0.0055758056919412245 -0.00359248387543671 0.01660345752061325 0.0019960572991353223 -0.011671439396913535 0.0003994081758761307 -0.019782876231999823 0.00883846799921137 -0.006669435080919664 0.0015405585648087935 0.0043626766250434495 -0.008211401317671736 
0.9736858824672693 -0.005195284237216206 0.006710853314647184 -0.010691009355417528 0.025478327410801957 -0.005563619516680746 -0.005645836480115593 -0.001982381500444471 -0.004498192038444936 -0.007495325551979343 0.0021365203122742722 -0.015376964163831925 -0.009687442411346496 -0.002554544671336518 -0.0076676831768716334 0.002636095947510783 0.004683602820462748 -0.02183675966680422 -0.0019610571192790753 -0.0060418655797014964 0.018926260175303484 
1.0158059886966897 0.009993367674069043 0.004994939728603261 0.002481974112102653 0.010948653029812823 0.006898872551722758 -0.015790779617706485 -0.007170859610633628 0.014043305311415911 0.000796841332019013 0.0038583557307515825 0.006699675196496957 0.001728622995379433 0.01730416827459192 -0.003875373166774353 -0.000607546068122823 -0.0033464731992740296 -0.0019191337496789439 -0.014499297957690109 0.007928472074360057 -0.01106916713123436 
1.0224255407069835 -0.010757123304586922 -0.01466626420461971 -0.011668464702346112 0.008511718043437526 -0.010078495006129147 0.005666357545659075 -0.005162886601803195 -0.0038831335457951937 0.0033806277897839854 0.007008731832988144 0.00379988095733951 0.004478347265825312 0.014901122660041828 0.002479957742792595 0.01842207468287243 0.006745031083815462 -0.0016456072076715745 0.008795837690197856 -0.0034215362709453384 0.008380315948795276 
1.0107850781050396 0.011660014117875752 -0.014306784205752215 -0.012377790512513235 0.008280979953238525 -0.00317196364524592 0.0009052543068505001 -0.00255495790216144 -0.00401204481146481 -0.00530247649565914 0.007132752335107389 0.01775871559330756 0.003661798391256354 -0.021028440660573657 -0.00963087421531144 0.011050954129995402 -0.0027380746324190837 -0.007561418995875581 0.003283666340937421 0.003386740118037361 -0.004311144035375313 
0.9915192077027526 -0.0008929684175424024 -0.01655322531580174 0.012636190982718627 -0.009198875765062632 -0.012860745103108074 0.0029012873567569 -0.027796641296169402 -0.00047735092157305406 0.001757239222309562 -0.005256140631375942 0.006245143002522131 -0.014186970354156348 0.016673022849336527 -0.003084599249068372 -0.006823229090553289 -0.001276992459955497 0.00770445700295773 0.011726578900548115 0.005623495388136109 0.008159859864070574 
0.9843166560504213 -0.0013264855510084427 0.00033094367923143254 0.004261533554737013 0.0076458225461087746 0.00670455608438498 -0.00761573948794675 0.009670854559112492 -0.00043249832260356384 -0.013989880274380528 0.0059056512084099235 -0.024760942894128345 0.013082570023643315 -0.0002491912224937214 -0.021174523106001413 -0.003706518804459419 0.014972984644233363 0.011835975321943337 -0.006433370792018658 0.0058390151326352425 0.017234545215625563 
0.977367647018647 -0.016612470246533673 0.003340825699579883 0.003830964899824273 0.006680687662756249 -0.016148002291049863 0.0006403764476623473 0.011924417072723814 0.00971898172318028 0.0015222133406013983 -0.0019734235840706935 0.008497821142948354 -0.012601371350969153 -0.0029037857727303947 0.013295262859955682 7.319571162589533e-05 -0.008813281721847963 -0.005696267727564621 0.006778336258009673 -0.0014555548520630791 -0.00476180068833978 
1.0016832506817286 -0.021820244234035426 0.02240671396275246 -0.00602623203282814 0.00202956568360452 0.015979347776624665 -0.010183161502333882 -0.009819724363335938 -0.012331300882531282 0.014485963153910882 0.002747568973520147 -0.008731006895160293 -0.008172426841875044 0.008506658702557506 -0.005353488526692612 -0.008179873578215357 -0.0035061731440522276 -0.015278182771001165 -0.003969550554991177 0.011576392015042314 0.005274386385492487 
0.9908981095630592 0.014316087121214655 -0.005765256520093751 0.007422900763137143 -0.007508176292033042 -0.007494944775070789 -0.011845815239484503 0.003426466312076579 -0.0039870501677554395 -0.010976260421713551 -0.008998918169997457 -0.017760868866994156 0.014547409644434997 0.0036276911038837486 0.003793174220081289 0.004234619469015217 0.00048360618114106393 1.3269067290124493e-05 -0.019471685082418415 -0.01438284373711057 -0.0002958733714303287 
1.0316227196419558 0.00890584543948514 -0.006289626024483616 0.01564889281847253 0.00607197855856045 -0.025204201488181033 0.009551445047985664 -0.02195468985948139 0.005380213820372163 0.01964791333304252 -0.0027252968964769377 -0.010214492337258376 0.005003008025169345 -0.004433264239676465 -0.008860677436240702 -0.003986587600384592 6.208218572472571e-05 0.0014914062079398325 -1.6532954304644368e-05 -0.001468852379574066 0.019137681122830156 
1.0213181317487139 0.00013649996001208832 0.011130629799644886 0.006269136683847475 0.0013432095325323933 -0.007935205838422865 0.0032723542245154625 -0.00594344510737158 -0.001878019249490382 0.004573640137056878 -0.011559840408829328 0.015728423747092723 -0.012609438291434103 -0.01050302371696318 0.013016572071053736 0.012217707110526284 0.01244901882186398 0.010100155816239383 0.01018599294830629 0.0017940205942104349 0.0020058438445275865 
1.0240393613252046 0.00425434111032624 0.003684379197527093 -0.010424445465342595 0.004096340415074872 0.0020370534380170927 -0.00720255343477949 -0.015485252732834513 0.0008923746146816387 0.0058114490466031924 -0.00920729373051298 0.002110336170681877 -0.0017237229807978774 0.0006323902088765962 0.0020820062609436395 0.005515064710101431 0.00880180669322763 0.008597125188958901 0.00960759333989184 0.006068684114906318 0.029899146495415498 
0.9934576707602146 -0.0016829572628475787 -0.0012603225002741252 -0.0072431643150655525 0.010018140263590452 -0.00045824510369405007 -0.0004545479645679061 0.016320444183261777 -0.004380694987131685 -0.009920553347286318 0.007752807758629376 -0.004428045842388075 0.005756945492959854 -0.009276236034231741 0.0019706651461191206 -0.0015123180243724913 0.01698347591975915 -0.01966699946650177 -0.020550664278560206 0.005597962537165333 0.013592872646943803 
0.9256612000528889 -0.012382766524788265 1.8939176036495367e-05 -0.019560304032741137 0.0030604604735912093 0.017903214959369106 -0.01397882565612113 -0.02415117511795271 0.02401494122093281 -0.00501511900180169 -0.0047971542929898855 -0.004762172115743831 0.004197242156936577 -0.004837849998578695 0.010062281139072055 -0.00885778655286549 -0.013062695914137458 0.007184061575251591 0.01496010731077683 -0.0053838605816477906 -0.0069946949958166115 
1.0336119359761078 0.01701296969048704 0.01334928070226287 -0.008865564714927644 -0.02036853776777149 0.0049191548913077076 -0.0059702950751608485 -0.0005293952317615417 0.001263270332702618 -0.008973630448570859 -0.018139374233527798 -0.0017234535323480684 0.012936573280212417 -0.00859523064363058 0.0003902715002288273 -0.0079430990406453 -0.010528282712632418 0.0014349877165016176 0.0010640575741914999 0.0068395946201190915 0.007414010680152325 
0.9812898628210082 -6.748798793651295e-06 -0.01368335663030877 0.018696978492426516 -0.001110476139179944 0.008874884535866167 -0.008815834344171915 -0.01022945603334207 -0.014962495584208771 -0.013257244915747325 -0.0095017353509096 0.005181160100972754 0.00023250720585115265 -0.007025029626479843 -0.012698611284821755 0.010185753785855537 0.007069468905367867 -0.0023852068579494935 -0.004277063515968064 -0.0017151244218864485 0.011537022247301621 
1.0229306437216166 0.004242730352360826 -0.0022340315667429326 -0.0027392398963811565 -0.011491719491916267 0.014830021418966909 0.009396202304418368 -0.004936454635585675 -0.017699481839764282 -0.00681077720803344 -0.008205064068545282 0.008619907280019526 -0.008052984025025418 0.009890188751772026 0.008071819051745624 0.0018606090675797086 0.01462843774037692 -0.007129326079798607 0.016040229260358287 -0.0008795578272833135 0.022488969133397773 
1.0030947731517377 0.014919720229436726 0.005080308041569808 0.006908466966870906 -0.0018632360965670969 0.004917772882776644 0.005240457725053254 -0.008599986423688038 0.013756395194294503 0.003621301297577963 -0.020941964356174927 0.008459831242026912 -0.006464141698368093 0.0028483022840381034 -0.008468118692350476 -0.004618454969573111 -0.017208921805876673 -0.008816624029973717 0.003469792747021383 0.006993487999651218 -0.025085337774494457 
1.0142478983930208 0.012905550799605323 -0.002270130710008048 -0.004364253961768126 -0.027680219038688524 -0.005023835822416408 -0.012999936671850188 0.019924822513371614 0.004212150981966492 -0.00929500063588541 0.019304402555034808 0.007407158824290986 0.0007818665991763287 -0.003805086209928954 0.0003704816848066308 0.009965020859988098 -0.006794901001154573 -0.014909412529511827 -0.008365160807743731 -0.008660561710807552 0.004308259162591251 
1.0348251335934566 -0.0018170584546694177 0.009416712543820508 -0.002719619624589254 -0.003588057670710732 -0.008449015484226201 0.00444445162607787 0.01342078400192785 -0.0013543673540472407 -0.0009458334236702166 0.010290377218278643 -0.006774780030387659 -0.006228309608601244 0.011891129297369733 0.008139703926122035 -0.0005949331405245855 -0.006002458053068276 0.0017752692415678338 0.014458661440474158 0.003194713842974848 0.004988513432040247 
1.0582733650972844 0.0011200727318966424 -0.00817326901763554 0.005089985697188854 0.0011254152961251672 0.005809385417809134 0.021840020179149783 0.00248943530662748 0.0228600244082729 0.011851830102341246 0.0240864523028716 -0.0014272177719717822 0.011397250393955448 0.015683039233636224 -0.010109286412050533 0.020702121297105927 -0.00014752180980404626 -0.008319415779512961 -0.005812123946290437 -0.02334551195919794 -0.019023506796148764 
1.0225401716570897 -0.0011376386454779884 0.0113443192877414 0.0050660601301700005 -0.002946816288591182 0.002296454439361543 -0.0005323071637803016 0.013460846669114391 -0.00494950108302519 0.010163991475590429 -0.01250847326753174 0.007509296495625665 -0.0055001566789470305 0.00507632644385899 0.006672873085589488 0.0056368300879381114 -0.0011333542827826472 0.01881436440011902 0.0007547720470264669 0.01673469236160425 -0.009465668793190697 
0.9845207170719444 0.008935191248438815 -0.011794151375085027 -0.003904530972099586 -0.004730238903138915 -0.011039349808240746 -0.0006304967741518286 -0.01567181179364744 -0.00891717585375065 0.006872489033164471 0.00884365114930374 -0.011078064720430967 0.008444218061038533 0.004385565398469114 -0.0031558164896710083 0.003531895333621411 0.0032770144616660773 0.016445039224404386 -0.006576796524917319 0.0007711637200960247 0.002140301523823308 
1.0460841847843243 0.007222051913844487 0.011594572075319083 0.014694153414600591 -0.006551740460327237 -0.0025241875688413553 0.008370598141302735 0.01784512817247869 0.004218380910862319 -0.003122332687487535 -0.007006786496786163 0.0007761255147634907 -0.003311574258291418 0.007628571403181295 -0.005972589060660893 0.006582101862962001 0.01020512806417814 0.011659974152438038 -0.0019696743952250934 0.0159890577737197 -0.010776577633990078 
0.9423145616756564 -0.016391286017333407 -0.009231823633609082 0.016195322953441445 0.018800423869130542 -0.021574567966593853 -0.0030777379930034218 0.004447232487768691 0.0010113538863699364 -0.0025701939742041858 0.017447371215306734 -0.011207255273747498 -0.008454202741015972 -0.018958788848625955 -0.012733918120750523 0.008571527402178494 -0.013721716857556823 -0.025013231399424688 0.011833619610925184 -0.0063127620538050225 -0.004282381334604825 
1.0010002747462146 0.014464091616093938 -0.01260892697852557 -0.0004185082707204629 -0.005982531649068449 0.003946034964669363 0.01079423511271922 0.008035830041381229 0.0037081176634222663 -0.00042060616257215937 -0.012565469958281679 0.002331773548639324 -0.004976373679386921 -0.008336599362356626 -0.005791992109085598 -0.007369482824632721 -0.023588388191140786 -0.007360667670152511 0.008032165236697659 -0.006905894813000845 -0.0008963549685338855 
0.9946249691732606 -0.012301199023835419 -0.013183340914526854 -0.010422321359101112 0.012516123076763471 0.00894680428513933 -0.002855054637225805 -0.011271191768707065 0.018455155712538536 0.0009928338187737951 0.005874915007553671 -0.012128119194888041 0.015297400481798559 0.01059540256144955 0.015585905876684516 0.0012115253491126216 -0.013986415198381588 -0.017362495938310737 -0.01165794960909934 -0.00997672171649304 0.00896395796242042 
0.999673459681707 -0.005168635794261591 0.01240798360173534 0.001503708212643184 -0.012826304409528635 0.007659819777568306 -0.023568635110339544 -0.014403811979201464 0.007552288552036769 -0.003281677773007785 -0.0064098694769809785 0.009897895262654076 0.013729326531112404 0.005563092325776188 -0.0075577539239849835 0.004113019698488181 0.006848039533014209 -0.006716320246285267 0.003348994405128014 -0.00554900799508621 -0.0009480388397471623 
0.9966473966737512 0.0016209274471368433 -0.006549630911673966 0.000602652998016737 -0.01311859216622558 0.009253337261561861 -0.0038861879205463424 0.002346287943182305 0.0013186839249922913 -0.0018859436775488737 -0.013581078361370586 -0.010422005277979863 0.0235454179597579 -0.006312100820272599 -0.005976220880896475 -0.0039235658798126025 -0.00019596916201079879 -0.0011069810081820019 0.0008425918109493441 0.0011328621234622234 -0.01800905621400014 
1.0584575885803187 0.009108805451215656 0.00041366382396723265 0.001814549757485128 0.0017558826171891321 0.002321032756319091 0.007182596664673796 0.014326493343108829 0.013365674876637895 0.006642240702276041 -0.0033548014977708364 0.0278241540364884 -0.004830919723602735 -0.00319106001837834 0.0058664101752730615 -0.019149007424868223 -0.002211805927498918 -0.002419874977672363 -0.006247646912657726 0.010299308972240366 0.008552915908784767 
1.0471382207165878 -0.0035139509331130613 0.007441865968906701 0.008499682644683352 -0.0034946870885001337 0.01094595378458059 0.009983579880699542 0.013693862701936274 -0.001445138134956662 0.006077633504876896 0.004484316188912398 0.003147797341608325 -0.002285346082030078 0.01291078465663109 -0.014105593232740063 -0.014125092654579695 0.002213485162391171 -0.021506149218808085 -0.005543682865418361 0.009783311338997331 0.01003562668947595 
1.0439163360500487 0.0015937278464815425 -0.022182012775101578 -0.00610956529085619 -0.01897018584038127 0.010398168221520239 -0.003121976702432856 0.0033567593483925986 -0.014662355614970207 0.019716567532593276 -0.015150941700549937 -0.01846422818584424 0.022917360002100068 0.025191658957723233 0.011835851782205128 0.010754171987167927 0.010181178461095414 -0.002624373796400927 0.00587264590813686 -0.017143744300149696 -0.0029538143142116093 
1.030122677124044 -0.0056472403267675995 0.0033957436808661826 0.005205000824284563 -0.010305101757016736 0.016704954308150638 -0.011415659055243705 -0.010995443865332164 0.0025066298531930898 0.004452511443832011 0.017736981732574313 0.009740302588683265 0.009579075249027682 0.005363296724118889 -0.0016814952252257134 0.004313253334983017 -0.005162986489414052 -0.012861293025891809 -0.018661340184993543 0.006648100793321879 0.017865329456971304 
0.9630531800226004 -0.004500139821651899 -0.000922217605961307 0.00685811376932049 -0.0029277100105661686 -0.002581832568995852 -0.00441289469358986 0.003128369434125866 -0.016349715618837177 -0.0050575650759934355 0.005340086179565609 0.0024332961906561833 0.009730216675238027 -0.01670169442965705 0.007331739847235135 0.0010580052347587802 -0.005145620630239684 -0.0036133929008023724 0.0002891513610147936 3.7927163267346546e-05 -0.0017902288661884036 
1.0386390026347696 0.0003956564337556722 -0.01446610854915456 -0.0030288567694951867 0.0030618977462914814 0.007509882162386608 3.6744535516483336e-05 0.00895563166091471 -0.021788936276983983 -0.000864407761655529 -0.0034950500271506506 0.002403853772731025 0.010687898148748494 0.021529592870279397 0.013441924712902578 0.004543265997632439 0.015047387211790083 -0.004027800115224295 0.00018424239402309441 -0.005422748541601553 0.0010690577510314534 
1.070313476718706 0.007241453048931543 0.015847832068537175 -0.0010620005075522702 -0.009437928634520684 0.005816101236489013 -0.0004000489151203586 0.010047145241563206 -0.004938150197417612 -0.01677393238870822 0.012863391987436131 0.004992619147152844 0.013012603260051252 0.018634855417161558 0.0051698565952187844 0.0034568910974650596 -0.008473208867618445 -0.002442502307032533 -0.0017351241677320726 -0.005225584665383769 0.002433489536813287 
0.9837241371192118 -0.009880273989783354 0.011534114582411666 -0.011765332306904804 0.005851721869174277 -0.009593250578522979 -0.02259512102938621 0.018763887382365986 0.016761750454883213 0.017518382609868894 -0.006911624573193351 0.0012303121257311767 -0.01287134958252727 -0.010032554682098578 0.01148920326619735 -0.0058815321647765 -0.004139546819855003 0.011702413850022448 0.001071812129929793 0.0033133232052657588 -0.010965995119774908 
0.930472733380113 0.0004037698491094833 0.004237699772609757 -0.006855385843514726 -0.0014504850518237142 0.00621291182781337 -0.015021617408232114 -0.009128833062891478 -0.016615650779508488 -0.018243848189743825 0.007081957290599932 -0.009046974279158841 -0.011796372118378784 -0.026257689186075465 0.02104374510913192 0.003136286816014906 -0.004789386641381826 0.009022839802958225 0.017242741068574558 0.00019360961474342288 0.002739460500071666 
0.9607270578253366 -0.011555918472373517 0.013981486250014797 0.0001943098304409873 0.012378705452485506 -0.0017661821389438853 -0.011751340659105547 -0.024202821049006357 -0.008565421889789118 -0.02309071470625679 0.003431473068961656 -0.002098166143148422 -0.0020244239345230306 0.001058121385600604 -0.01652147960159135 0.01976027219612301 -0.01330694174393858 -0.010808578947480215 -0.0066445886686858115 0.0017105898322532038 0.007928372585584298 
0.9845830244905691 -0.006358406143175506 -0.004569521700786164 -0.010316198473051538 0.003434614673093686 0.007396438213416919 -0.009284048043625944 0.019396957840199514 0.005802137254850277 0.007703090641702416 0.007950124809073412 -0.007060987734106311 -0.008957964929176136 0.0005869333476049722 -0.010574360257097742 -0.002798637035709159 0.0020792611447422262 -0.00017084453790835929 -0.012320955606174733 0.018586788569456544 0.006475013776001627 
1.0061212901125782 -0.018424362805494362 0.013341592516240253 -0.0001389442019167643 0.019929091322872662 -0.010582887867679467 0.01692932214011363 0.008780934025762703 -0.0002868551130927903 0.000802505173198411 0.0063846753766312785 -0.0037839754994925586 0.0014811428575853972 -0.006711384195239437 0.0032052905227014823 0.0015093069456445854 -0.003331189694460951 -0.015252359621979628 -0.0010631943356364676 0.019822737812623118 -0.01291010136413891 
1.035673750921617 0.0048527582596565285 0.009891953415752002 0.001476031491085975 0.006818488694302736 -0.01484401912373971 0.007463307184882096 -0.005182287426517904 0.0012982398668711524 0.0010469494621494864 -0.018975762079550675 -0.005360466567526618 0.0003910267785012444 -0.0026185881384361083 -0.023037363986412616 0.018425286892875255 -0.0013086075166276058 0.015059487309713971 0.002271357178726482 0.0007235658780732771 0.009217384646583658 
0.9797285264531015 -0.013197714414976566 -0.012202404611971173 -0.004975978309473668 -0.009436108858681262 -0.00235601832169539 0.0054342486620027495 -0.003301651058108984 0.014174236909002673 -0.007217262676063261 -0.009324513985739571 0.008159496497752706 0.027291246438257113 -0.004230694079988941 -0.007463616273061863 -0.006683989489032418 -0.0019334780231088373 -0.009588355957666382 -0.005237767968933488 -0.021689852724731003 -0.0002947310399891231 
0.9669631458833744 -0.00376537838214786 -0.01629188293286863 -0.000987477944475271 0.0019229019250938456 0.019698700806670234 0.0026937910385203675 -0.008127157662473032 0.009813098869731134 0.008389777190791078 -0.0014244958173772091 -0.0010823041456080884 -0.00943999531662442 0.0104288499412762 -0.0007111192437390502 -0.0023129216992281115 0.008262418187415875 -0.01422562623576136 -0.00024643506747624256 0.004787494828842362 -0.0092095739138597 
1.0337102927911501 -0.0015636816963014789 0.009231822333922678 -0.005434146811257681 -0.004060137567537717 -0.013083415958692836 -0.001837974863815728 -0.012259829837033257 0.004436740200956561 0.0025837108849938234 -0.006017436110331598 0.02079756237695049 -0.008046001902993639 0.014563209758298114 -0.001286053562185348 0.003736848750970885 0.00734858762316251 0.009142325633529262 0.0006004173335650676 0.000886074128116547 0.0007160908111505778 
0.9736319727841037 1.017537076423657e-05 0.0020996408339494345 -0.00015951638418109938 -0.00033733264430607114 0.009713528600118468 -0.014320586718804373 0.009487474639053585 -0.0008435794103534807 0.009451250102278845 -0.02103725309069452 -0.0010652885931920813 -0.0024380893485445526 -0.014205125419145133 -0.009893596811421036 -0.004592621784256785 -0.0006973750266754109 -0.013392389161933891 -0.017681538214119493 -0.003937408699498423 -0.012689444883119684 
1.0140396608319295 -0.0036491320838568497 -0.006633562680153272 -0.012020318143464069 0.006060285431598096 0.003997436974851608 -0.006246456951272749 0.021978236992055766 0.0006896256699724326 0.015370370606018301 -0.007710470790284699 -0.003238376502895921 -0.0010921622334369159 0.017630215034232854 0.01688415942958967 0.0005645966007524004 -0.013961913334698633 -0.0029558023243627064 0.008323881578568093 -0.007611573568500584 -0.011549331237415061 
1.0288868797486614 -0.011858612553384329 -0.009283087976962435 0.007665729035059992 -0.0003563318241492897 -0.0017565833248199137 0.018135238191180687 -0.01143433031393875 0.007145313218161213 0.0015969040226089656 -0.0017977357292129177 0.0036288172238281642 0.0022402809465861245 0.00806691830765446 -0.009553672665725918 0.017505980974583404 -0.018469509669065184 0.01268159888164966 0.00013011091594654527 0.005163324599451379 0.0026179381165985743 
1.0050820953385147 0.006710153785579145 -0.009160459155996968 0.0036871348063555165 -0.016369522447408434 0.004082585479065042 0.0032214919541895593 -0.010252295239428989 0.006194781709473443 0.014157640852920341 -0.002994902988960911 0.02324071534403848 -0.003491352954971046 -0.0012599854943434858 0.024094151343636152 -0.00863742423454052 0.01136425926405444 0.007765133302317162 -0.018413014986050892 0.01689566573156683 -0.005227472876682837 
1.0435540447802243 -0.013213748650044963 0.009733083582459624 -0.010057938335852768 -0.010668575678705916 -0.016788049030460633 0.012350575432055323 0.005308784320577876 0.008539104232624734 0.000652790068005119 0.005967084465644114 0.015531868598231887 -0.0010885959237206505 0.008839308163650302 -0.004895306082938876 0.003709202164056451 0.004762769703210463 -0.004345971910216177 0.0002516624277425103 -0.006247124808199722 0.016941466323728373 
0.9892037302218998 0.0024228643375914056 -0.007390312776083743 0.0027645204027230553 0.011983981464012233 -0.021596821608873 0.012594643693824877 -0.013467381018071522 0.0033836819471928475 -0.003212558931789896 -0.003763412482291283 0.022212496914484722 -0.014015758141487634 0.0032689813997378737 0.003492402318394502 -0.015332489727276622 -0.002199655237835541 -0.023462888490997442 0.007535891188519494 -0.01347198877672446 -0.000995893225054248 
1.0239586738459514 0.01108352431612964 0.007650199437019124 -0.01511716388104874 -0.005498806748074896 0.0020664842404867962 0.016338905471064997 0.010027270571354201 0.00787087104374009 -0.011041567227785242 0.007160842582297661 -0.018188717754354555 0.017619304417765883 0.0037234771141918532 -0.015698895854843752 -0.006341134863086538 0.00014079403654763877 -0.019883030966586255 -0.015721867803622863 0.008674378654445111 -0.005784196301404741 
0.9544011086582335 -0.010690801586429129 -0.020272089765511318 0.0021950950116825254 0.006071692404407964 0.003836833285321151 -0.0006422279793136119 0.003502083304388095 0.017185460502182132 0.011642513887693676 0.005579509365692338 -0.014421281872437382 0.0067728776086458395 -0.024667071530843673 0.011290053689536821 -0.01090330397913149 7.174536291557828e-05 0.002223408385294761 0.011159194783122302 0.005431411448083183 0.01911440176731586 
1.0091730622416937 -0.012668127481612477 0.00765857381848337 0.010477194800705721 -0.02067264469088414 -0.017274154993291446 -0.008298127944503065 -0.010908366852679048 0.007038139883897862 0.02115821885049156 0.009709531228642763 0.006548617836192728 0.006795529772677952 -0.00806992634627458 0.0031119380032833834 0.005889023239053987 -0.01616088552700112 0.009550145234680806 -0.0024663454867423014 0.0002354599109404752 0.006431220283057919 
0.9816290757989731 0.00873259056572507 -0.0018000727773923627 0.016861130364224697 -0.005860541795847295 0.0017025392141569978 0.007634387069787053 -0.012373555211157959 -0.006851978813988311 -0.003947554921074539 0.007064771509470519 0.0022548000769925885 -0.013646926422198682 0.005571839510947005 -0.00028391480917695913 -0.00983435446906932 -0.008139235944093423 0.012448781928976567 0.012556028617374676 0.010935918142334146 0.0007245585885437521 
1.0806927420924641 0.010264025875677246 0.0113498356459141 0.0016595505874297783 0.003096424785107154 0.019096373924022452 0.007422875789335964 0.012291689590969185 0.007804300003380308 -0.001656676843222406 6.0446232705237204e-05 0.0029109061429265803 0.005072413344846573 0.012757888985960125 -0.006495458934858164 0.016581753957646096 0.020964432076556225 -0.010745852081744296 7.274601791692167e-05 0.016305630916674925 -0.010185880847060543 
1.0302187839079207 0.01255534587472191 0.01396770059621288 -0.01393163241417597 0.0024315962771475964 -0.0032489023369579656 -0.001887737724875522 0.0008582162892200491 0.00930814335553509 0.002327764545651822 0.011099295772922972 -0.009163995570275018 -0.0005058180533303571 0.009939326926860252 0.0018556265371652417 0.014788532785149761 -0.0015739144781359601 0.0007337308269714946 0.00576995500410592 0.0010182947618575346 -0.005464888760625384 
0.9812933523437612 -0.02243304537306165 0.005566245978469797 0.014586557105885044 -0.011075432026042156 -0.003762273814460432 0.01017471285799312 0.0014720854473130964 -0.010563616466813513 -0.0026655181395426105 -0.017499864366190915 -0.01058600944024078 0.011708336581759625 0.005254603959122198 0.0012170775999501605 0.002264003134609613 -0.0011831933017083034 0.0015978001699206523 0.0020351477050684196 0.007420000305901792 0.002975740303054776 
0.907537240248 -0.02531856491557665 -0.0062995332395676075 0.004472108193801361 0.01176473171939531 -0.0032584269337547506 0.000827700520317237 -0.014018370584906919 -0.00427808056971082 0.008723678999395877 0.002751089087609451 -0.005986474761539191 -0.010467183671037508 -0.0052678528126380506 0.0024396410840729767 -0.023676475136835604 9.517535973266049e-05 -0.005609391482006802 -0.005407563532294892 -0.006569714842070063 -0.006849235709442236 
1.0270112431364729 -0.007679624610352778 0.00860441032606611 -0.01030504734821884 -0.016244204939003457 0.0008204234864667053 0.02064547785881205 -0.012063476851147947 0.01713883856520555 -0.0027638545442041254 0.014254964412221913 0.010993394602206927 -0.011181691023770495 -0.005441988057074198 0.007300897562924953 -0.0003090556015498086 -0.0031028163503242457 -0.008523908641348358 -0.0017227993386834276 -0.010926709716614707 0.020930193610014358 
0.9686993877301052 -0.003455807977900394 0.003959558371576256 -0.004669961629365976 -0.002808378876848286 -0.007840802140275134 -0.00041320927068301544 0.005392551804402824 0.005129678655670386 0.012726502433832576 -0.00889275134892104 2.5157294118188236e-05 0.001225676524689409 -0.023127165707615735 -0.0052097202699246375 -0.014116056127125003 0.009993092853308284 0.01556010226205396 -0.007390573209685424 -0.021879593067663548 0.00439145595208538 
1.008428491218921 -0.010565266108176688 -0.011230948359364487 -0.022305399583442843 -0.005253884146811898 0.00678184260422102 0.01829806639973533 -0.007397228837534326 0.005241633565493757 0.009741881405124641 0.012404030157163251 -0.0034567075197861397 -0.002846619829969877 0.013368374290621439 -0.0033144636512999065 0.00872080982732847 -0.009728785147820952 0.006558278544165079 -0.0008692611616998806 0.0017626243478764344 -0.002203132571925254 
0.9944481427773411 0.021939038050129624 -0.006352892602165469 -0.0026765356931294244 -0.007296829684195617 -0.003924133264735679 0.0015514913178255021 -0.004400605120610787 -0.002196040843738454 0.013605501678448326 -0.02132137857215759 -0.005154617243097027 -0.015314442104384478 0.010687007382557097 -0.010660663720732814 0.008849759380537751 -0.004985257598184615 0.0018377831694608479 0.006921993028478094 0.0039206645443795275 -0.00797699178844572 
1.0162335097072048 0.0013671586757200227 -0.011472043397722603 -0.0033803552419958832 0.00928498052910487 -0.012970890819559485 -0.0038322986250578705 5.580292878679586e-05 -0.026485586120361164 0.020211845336007 -0.01169786935000501 -0.015534490574932756 3.733984344418362e-05 0.007657682031908259 -0.008604663835316148 0.007185342222670162 -0.0022921552438432617 -0.0007147803411922921 0.011103261544642824 -0.0032433275761370203 0.0012174110129756018 
0.9828812213578301 -0.004004598012587239 0.012230572470292862 -0.0010901742029252209 0.005399007115646494 0.010634486395160908 -0.012880797697589852 0.010748158598167322 0.02002509282576738 -0.023104926524138328 0.0026449358261910983 -0.00626223795624247 -0.0026077802237651675 -0.011180295265954212 -0.00588754557889025 0.010861901888167056 -0.013317662296739823 0.009671537880343592 0.009162293192237136 0.006742532182075293 0.005249042225318309 
1.0188308988147499 0.0006271930671493671 0.016900585770566093 0.011771699808186471 -0.010537832589024585 -0.012614777137753346 0.010014933835851177 0.004399623875364417 -0.0009356456759045899 0.013855691380686963 -0.005711758742357443 -0.01839633166550358 -0.005415369188374593 0.005954875901345614 0.008637076370313343 -0.009136960749524145 0.01439460267389651 0.0026451375347918975 0.008017460899876521 0.006799678837426877 -0.015083705869845405 
1.012782271350337 -0.00962824769862451 -0.0008726174809027075 0.004609673431157402 0.008912777849823203 -0.012025484343629454 0.005862531376154306 0.010503967731945897 -0.008476163451002832 -0.015717395666050057 -0.005761041888635272 -0.008908498201159958 -0.004413421422624832 0.010703380147579744 -0.006202990155945183 0.008610064653281221 0.0036815362353162574 0.003085894836203435 -0.010147057091735674 0.0034382034572065256 0.016829689445460174 
0.9823500259042152 -0.016264604201771442 -0.001438743000654016 0.014869235528933685 -0.00816668944324446 0.013892867616767026 0.007655463678278199 0.006111467542371506 0.008525565382408016 -0.0030676167649475177 -0.0012033544474170349 -0.006287550008724404 0.007220359226422439 0.0053736647459247545 -0.0023481131142003096 -0.0056724081771097395 -0.013884598910087056 0.01276592481744967 -0.0018338948926142436 -0.005134044584799702 -0.00654135026278542 
1.0003214740099495 0.010182438478298665 -0.005825714290816847 0.01235229427970834 0.0091405766682732 -0.010871467734042815 0.0022734978552276424 -0.0038154863664693946 -0.0043290577558156495 -0.0056098502416510486 0.014356864295386159 0.0034512408546093216 -0.029361134664803227 0.027563852992397928 0.002837079506173054 -0.0005308913770232415 -0.01087080458792122 0.005242008606209211 -0.002968442324731904 -0.002400534899314152 0.01223164667419922 
1.0072691062865422 -0.001145113309393984 0.0062739823486125945 -0.004371055779137093 0.021648710722850503 0.0004115698566284306 -0.0034200422572231793 -0.009021197849058873 -0.016516838686812158 -0.009551008415646474 0.015360470868301201 0.010598510157122428 0.005216380018236907 0.006720204843647543 0.023297270797071227 0.008963205386281725 -0.016632309983943643 -9.083797308878629e-06 0.007780000937188025 0.010055616564053285 0.0017804568638341508 
1.0191666540997066 0.00200513730036709 0.013125491383090427 -0.006086530693779684 -0.009143522370947904 -0.034491112441783954 0.00019291804788371323 -0.0014180635237788755 0.008494410489521808 0.0027634976042127837 -0.02187608204594509 0.0014078137973651587 0.005630718943777411 0.011936460961384562 0.0011770069207389252 0.00630712152223308 -0.010754276833656455 -0.00027065100328426826 -0.009348561954025307 -0.005161961862738338 -0.018855523967150407 
0.9803073287270052 -0.013052052118033402 -0.002284010198421579 0.00029545906088974965 0.009199025922311602 -0.002048570996799676 -0.006374073904576256 -0.012877164733550273 0.008088550661338727 0.00475834675082373 0.003607705837682122 -0.004427980448547001 0.001425001421304068 0.006704247508600587 0.005493329046529926 -0.002273412648424152 -0.009939465634407332 0.0027685429158715268 0.005266518036298544 0.007696095850188291 0.00843174152802752 
0.9981045738690554 0.00518015117830451 0.014144813708901973 0.01572030100923992 -0.0011054621730272537 -0.0006888789243545833 -0.00419448625112647 0.0020405215480677604 -0.005332326778481341 -0.0006863868775134748 0.006162049460208663 0.0006826364314376717 -0.024540716124003995 0.013512032718487964 0.002819323080094431 -0.0038280564998249946 -0.0014461519878374938 -0.0013575389240355633 -0.0158572910033035 -0.008051517102135473 0.0006981236933917931 
1.0183904524642353 -0.013013843362943691 0.013322942941365462 0.010594385469875116 -0.01092573256403789 0.009274450577458002 0.0014669837234625774 0.015145107510805396 0.005643862430391536 0.007445762020033372 0.017107586801355143 -0.01763441549361171 0.001303568646888387 0.01119799261021444 0.005074036006241983 0.018887160194138233 0.012181912757867381 0.0024210361342952434 0.022691486219253876 -0.0003291523252540018 -0.006579152016776382 
0.9226510963484388 -0.00021806013525260936 -0.009563900483895384 0.002414098070882708 0.012940598346868391 -0.0025335668308573487 -0.0011876828653823231 -0.010785230732994517 -0.013546425236248515 -0.01580584421676088 0.008244693049255222 -0.014745201282704153 -0.00735579589440214 -0.004116632872287581 -0.007987018129575436 0.010415309700869872 -0.0041569378318549255 -0.0032569936257757673 -0.014250035133875094 -0.004393732920877403 -0.009508716568363818 
1.0322822846154287 0.02885680881700654 0.009076759422027968 0.009050209940490158 0.0021987681682010215 0.0070660067630667345 -0.01792717277516079 -0.003145120547708344 -0.01446271998583243 -0.011916491130867447 0.011522345526288186 0.007141706402684154 -0.009766040166037677 0.014298887703962938 0.017070357919515052 0.017134993998564482 -0.00815187272192106 0.02201099452827191 -0.008541093882755254 0.02056139933088695 0.002119781849452749 
0.9859498644112938 -0.012539806798948458 -0.007044811855479858 -0.0017867532572539565 0.000733660984304032 -0.005723453903095697 -0.004656042423699457 0.010308237772405327 0.017523991994147704 -0.0026417948081989026 -0.006573743749024922 -0.004649075626107056 -0.010808052115302424 -0.0028535738517567687 -0.002378987588754377 0.009795203193660198 0.008958900062458716 -0.009660259794549634 0.017022433296764224 -0.008754728742773384 0.01153182070281266 
