column1 column2 column3 column4 column5 column6 column7 column8 column9 column10 column11 column12 column13 column14 column15 column16 column17 column18 column19 column20 column21 
0.9810153440517473 -0.0062060434899553285 0.006815100550952842 -0.010230383091551871 -0.02387417129636631 -0.008272468233131844 -0.0027249579679021864 -0.011440370949369115 -0.010196757545661279 -0.019881895657996248 -0.008951139925118373 -0.011219405635950632 -0.013348776926773854 -0.001348569477556251 0.0017291744345780409 -0.013336064853693493 0.012542530074657242 0.005328604592250414 0.016273601605314953 0.010251136257656683 -0.01828767264926281 
0.9663965410641111 4.134712847053438e-06 -0.014368836478653526 0.0018244762399933572 -0.012150784635595378 0.008202921036329558 0.013989445633792404 -0.015930961474881458 0.002592518885312525 0.005716594412934625 0.0003759461008996367 0.008370252846134527 -0.0020930103119672053 0.007375093538223429 -0.010050895277038207 -0.012359633692591764 -0.004784473742975766 -0.017560162530208295 -0.004212505358973671 0.007432559339467232 -0.007794772032884922 
0.9838698817808146 -0.0033162280149674267 -0.009583536591311743 -0.008879722658235513 0.017618612569967575 -0.0012822214978852756 -0.00381390929718677 -0.002663771106791705 -0.028009299865135777 -0.0008335290443059082 -0.0019600811980018842 -0.00671562660228165 -0.010755752133045698 0.009217783111442295 0.0011481753125035905 0.009059630041532537 7.808817833371988e-05 -0.0031996369816375647 -0.010582779364812774 -0.016565088329932677 -0.004552071252066777 
0.9737769932129948 -0.003096484333274646 -0.006434210233656602 -0.025681578573534942 0.0028943357665478144 0.019418327556925963 0.014072608018683427 -0.01388525394540236 -0.012986477044640078 -0.008318144521455705 0.005557598070671779 -0.009899718427886348 -0.003848871105834888 -0.009821556880626131 -0.013040318317911722 -0.00908023168888681 0.000418160587315552 -0.012776413922553284 0.011970674351271113 -5.052945182015161e-05 0.017210704055094127 
0.9846910167471078 -0.0008973622316089969 0.010303147518130953 -0.012458164290230625 0.006794981002441483 -0.01153627398064245 -0.0025738465068471557 0.0033631319104832553 0.0032189927272083343 -0.0024764962508449745 0.0013294719266766372 0.0005805635331475411 -0.0035472694012267554 0.00218884768317971 -0.009551098773448048 -0.014627998045525304 0.011227787717876898 -0.005780186092267408 0.008806284460794591 0.004292698453607762 0.010089869800394257 
1.0256662463444464 0.0010654481534233002 0.0006758775694908967 0.0008523280035536013 0.007665949510716692 0.009370663182767974 -0.012816371567633995 -0.004222761103655589 0.011944115372015365 -0.0032367760130033985 -0.004160207251214341 -0.004926700804384087 -0.003782096305924169 -0.021695444551450664 0.007100613189525378 -0.01070463047735345 0.006226322129998116 0.012842901694649083 0.0066012429169151855 -0.016295411400057733 0.01014708509311981 
1.0042029960515344 0.006023067920319136 -0.001266494223302217 0.005641005112942263 -0.004090123524643273 0.014899250701554916 0.003720429898921796 0.0028118158642913733 0.00589186096075574 0.003536767508092848 -0.00044945200479589885 0.00030234917252718724 0.007554749503663895 0.002586426921036067 -0.007860445596316316 0.0018698686868331444 -0.014368820151597001 0.007001408713650344 -0.00248051192397921 -0.006117932218093068 -0.003136747251798698 
0.9722170105273346 -0.026289471901123775 -0.016769014268852547 0.004072409278557561 -0.005743699831550957 -0.016081720786846068 0.015678174904667275 -0.007297535155165601 -0.00072196148051421 -0.012577290282560178 0.004312696074234921 -0.012134036462288276 -0.01127057024769053 -0.010889502192141225 0.0015159163475028754 -0.002697592764692595 -0.0051738826207935575 0.003582504158346513 0.011545886823702103 0.010409266358504452 -0.008204521408266467 
1.0206217638601587 0.007692353402278498 0.011775719702059397 0.0006482697128153205 0.014730566424861744 -0.009795380549688598 0.019402854306551368 -0.003181676306612123 -0.004950075770253029 -0.0030187158297221885 -0.009142742419450617 0.022316455045187103 0.0027138103615735212 -0.002567044197426524 0.009977997595346844 0.0006209350178067024 0.013434268411586759 0.010427602219249493 0.002920647470213571 0.009994578912924306 -0.01263315888766682 
1.0181747260959535 0.006702541508423883 0.0011635533241252745 0.002484631580736084 0.0010895561448448585 -0.014651605407601659 -0.01157433024686001 -0.009772944227663491 0.00027019793717763835 0.0009729695117794987 0.007033767687991984 0.002896755954823431 -0.013664802364440898 0.008414213184947266 0.01663105570623688 0.003439637777332969 0.003753170554020599 0.015074446766335434 -0.020356796825558115 -0.0143351460241565 0.005683089847205156 
1.0500428193453604 7.716790042226895e-05 -0.005591020497423001 0.016644917276429277 0.004276734791900392 0.023603965002557816 0.006216093199490275 0.0004890639020556175 -0.0003663673158433999 -0.0027317883457099144 0.0013853476062767546 0.016934464817885516 -0.006036102218748114 0.010587361981247642 -0.005471263408338532 0.004493164098936576 -0.003220769376921282 0.01086972809353101 0.009521596710475522 0.0007561816519762711 -0.0026743479217556953 
1.01172480172529 -0.005494150843467454 0.015267107486269487 -0.004623439368830406 0.000779602884051272 -0.01698945428547726 0.004423427709874733 0.012193738151067115 -0.00914107696141538 0.015533811046598862 0.008986141642080182 0.0012077532710731043 -0.012141191167267775 0.009057402817992331 0.009173079513339009 0.0014418480744056144 -0.0006319440492726422 0.009707469767865486 -0.012001402237747889 -0.00855080767059319 0.0016469080082932735 
0.9941053329787721 -0.005406734285016855 -0.010418830392156884 0.001806289145999546 0.00846082986496997 0.007552462387435697 0.01033314070318733 0.01387111651293717 0.0037661900432057823 0.00488589537078999 0.006984668375562601 0.008455051244055467 0.02620536707731723 -0.006126779516438162 -0.011271181773954643 0.012453676796312598 0.004621111537768592 0.0010423451474411963 0.009171054437846014 -0.008522456365897777 -0.015314776741568142 
1.0228784946064473 0.0035828371739230693 -0.014137988002266321 0.006027450743201521 0.004759304510548927 -3.7703576594448214e-05 -0.007494014001620645 -0.005661111520866784 0.012198539483272049 -0.014232916627523334 -0.0037422653057464813 0.00448527567669493 -0.004017506053858222 0.028689375773720775 -0.01509331328888322 -0.008131352065185454 -0.0026774731078882453 0.01717703689126225 0.0009141803098754161 0.008634803618592493 0.006258585296766161 
0.9877947235270669 -0.016372239862510872 0.008813545339047282 -0.011215680609001364 0.0016037075550271254 0.026774821365275762 0.013191965975763116 -0.007831044067033562 -0.00676507454373176 -0.012180649943543842 -0.01328963498835723 0.00809117839997686 0.001435029435377208 -0.003957582620846878 0.0024936731196749597 -0.02590060330422018 -0.015794215992463286 0.002274603552023124 -0.0057368918829150016 -0.017116627579959333 0.017771395456320484 
0.9530001942361828 -0.010244147187203598 -0.011717548002748037 -0.001902161248791954 0.006030262521840919 -0.010325450779984834 -0.0075752508080779955 -0.0028302377040674113 -0.013120813945767276 0.0017077005828414205 -0.006672986939492682 -0.011928225607192713 -0.014314813411053205 0.008552749611597132 -0.014218877121606063 0.005436064202266447 -0.007797593772180812 0.005780490384325725 -0.0034877015394361895 0.0026280351942694715 -0.004949176338071284 
0.9692304452062468 0.017032499937681893 -0.013848319357192563 -0.001116478760246722 0.01238413878124667 0.022627726774718897 0.0013574956861485852 -0.012312512606393494 -0.012584693009122395 0.0035810091666507345 0.01427217444448083 0.012908404190123186 -0.012109326591398645 0.006151991775821163 -0.0173121966051665 -0.025960348812250244 -0.009888570857674386 0.007984271068187665 0.0048730077778156924 0.019692742623142384 -0.00039291174160350253 
1.0132124334025379 -0.009762409666184664 -0.0006920094179962256 0.004711337946318511 -0.00425938875913513 0.0043276553999930245 -0.005693741120081553 0.009132379740392918 -0.013902252221500561 -0.013081584213955276 0.010735570565289254 -0.012088117759518503 -0.015172379759254614 -0.005706167148471736 0.009084204629773742 0.00867290413206211 -0.00034309829531511683 -0.02042479376448709 0.00960845484404589 0.0012133806959552897 -0.004918973876413412 
1.0510544460779558 0.0020752369009206925 0.009341380816893724 -0.003968973720685344 0.005854093253324107 -0.0026849025722999937 0.010508295602331026 -0.019705029488097128 -0.0023299312612243294 -0.0008835896868892905 -0.005334571591845909 -0.0138260762186064 -0.0013532417262680943 0.0003938579520768453 0.01951088545739334 0.0001843639739824714 0.016812013074874694 -0.011045571733454274 0.018497431684870124 0.002756491978260766 -0.0035579194222106463 
1.0108408116388068 0.0070936247011431685 0.005665161458696946 -0.005147390946000501 -0.007645768595904394 0.008652580685700536 0.008645679439086678 0.009388456791401288 0.0039355739020478534 -0.007170558685712133 -0.006130478014098312 0.009201591710634754 -0.015354454195048441 0.0046417044614664674 0.0030703724219305773 -0.003324963839793915 -0.008215045599484515 -0.029377033071672547 0.012996939511072048 0.015467260493890213 0.004689277773086616 
1.0131149029374884 0.011089543011901506 0.007790915303021503 0.010345567025614639 0.008192420099889129 0.006029598435897667 -0.003330866174482679 0.0009248526152834726 0.021827109559292537 -0.0020779399928422047 0.004753975607255025 0.007508364040521694 0.0007449224338729214 0.012592706383875224 0.004558186086255398 -0.011266431173696387 -0.00241885669961761 0.004153436439582948 0.0009979644426900197 -0.005205573274992652 -0.005240598517102313 
0.9895390938239573 0.01542891290967875 0.00579297756582409 0.0016415437242655456 0.002866764615209361 -0.009312600931472655 0.005304626258756854 0.007535590621622531 -0.011854557168782563 0.0033126186392581133 0.002112252848344982 0.0047793020170004575 0.009806396700645483 -0.013680156760356759 -0.017882165266764668 -0.0020524439678941044 0.004805396077375755 0.0070241786626590395 0.00907239184817094 0.00840827971505762 0.0024728220552852863 
1.0185930289188572 -0.008432501362460928 -0.006495706920912904 0.005981572289243915 -0.03219047841510624 0.008357406448649116 -0.004590287834501644 -0.017769272838266355 -0.008781455336948499 0.009914457514748298 0.00696778020684471 -0.0026944039291615395 -0.00036961255170454984 -0.005305265059757579 0.014446449297200223 0.005064651582604929 0.0010434005076280116 -0.0037414029533312165 -0.0023630518114649817 0.006966698262329517 -0.001991097534294714 
0.97141348052171 0.004289806777733245 0.0003504844699750448 -0.022250566094584992 0.01577145377534919 -0.002129660823092657 -0.010905590254660414 -0.004452197163441738 0.00992050264314673 -0.0036388276232754363 0.006943066494364107 -0.0118985785744891 -0.007223943539562906 -0.014295690673477243 -0.0010290578454051516 0.00634192340034527 -0.010102472639665978 -0.001966046203560963 0.0015257592919526056 1.779644555572598e-05 -0.003771034419428038 
0.9837187988756112 -0.004989268513887288 -0.003897600204362264 0.0037196913494157396 0.004656795790266893 -0.002584320283221625 0.0011859871403249321 0.005882197657093051 0.005144692148297955 -0.003949845471850575 0.02166233674988954 0.002626321251143185 0.002235389015103105 -0.005250931858219834 0.004006158453481364 0.007143074197788874 0.008317960205827337 -0.005943792982042315 0.0021248977862813657 0.013379663232299076 -0.010297037408637093 
0.9756320203321425 -0.001007054919069879 0.017815628114732737 0.007417742229410232 -0.004228367481690135 -0.00583472175375662 -0.008449855262195891 0.0038703906183778936 -0.010630664420615223 -0.00439982322339324 0.01699265041401153 -0.01490462681811644 -0.0007977949877591946 -0.008287000875377641 0.009232843314675528 -0.018504634140788026 -0.017355080156487037 -0.0034927117388757417 -0.010753038859132714 0.007688928046110474 -0.0010217339395489527 
0.9841373420817979 -0.005946493761347593 -0.003108514778090222 0.003441727598763946 0.0006980917462896445 -0.008708762536620118 0.0016235928538453127 -0.018051359469517574 -0.010738645918197984 0.005939638524289137 -0.022112330468745108 0.010074715425669532 0.002084744301770496 0.006816954095265157 0.006138354039861091 0.011084534669946713 -0.000446896393518072 -0.009839981420990409 -0.002292548994602809 -0.003752240174700167 0.002441069859112245 
1.0005763809711357 0.008150286387282067 0.015518440151272945 0.00398457562891097 -0.014022416241220541 -0.004161169919730364 0.0038861206941285097 0.003663377202606477 -0.003647495653545626 -0.01035732151998657 0.004060088947960677 -6.928384483966594e-05 0.0091048393798416 -0.01578143108556252 0.009289165392913284 0.001975765786114811 3.003710374960815e-05 0.0015457010045979444 -0.0004294375517352634 0.00960883562869639 0.005010260262056457 
1.009489353402693 0.007256410548283092 -0.004463103811190485 -0.007540731575863626 0.0017750731552645053 -0.008505958934325831 -0.004910380464304288 -0.004301133109659186 -0.013988127534828351 0.0002971985376219448 -0.011155497183688934 -0.029224524944523378 0.01906045292243653 0.01241673034306221 0.012536770568384018 0.012221185172621446 -0.003107806783982449 -0.000354262279310704 -0.00027146084796198666 -0.011224631196305417 -0.011992647055522497 
1.0062532143760663 0.010302404825896219 -0.013781784607192536 0.0039848720232749015 0.017393966262309192 0.0036320811125466175 -0.006008478855079789 0.0008115248396340263 0.000609188051240257 0.009545894559562014 -0.006179465948098036 0.0027349025040833237 0.007655421508689592 -0.007885087402960176 0.0114374673597594 0.010437068000396564 0.006802878921725475 -0.007875077133873604 0.006951740715670228 -0.009401216441311915 -0.007530805704389939 
1.0347637794241995 0.014677198226231194 0.0037830239003838265 0.020124068755604727 -0.007754395019501997 -0.007227731254679498 0.007158877302644314 0.008838930404067412 -0.006802797925035877 -0.004869143121563974 -0.005538801832431993 0.004204721729560937 0.011222224161687496 -0.0023870926253261623 0.013715451126746853 -0.007748310430326826 0.005044993831797731 -0.0014388955671852533 -7.83857438290812e-06 -0.0022071910621337602 0.0034373302107290854 
0.9364002325487264 0.0040662267650407175 -0.004929865770886244 -0.015816200311177583 0.016043212136882944 -0.004848672558217857 -0.005596465373471503 -0.0007897779096579441 0.0016653669963048704 0.01204721761343439 0.0018545541007406409 -0.0001427060848279011 -0.0030612394766645298 -0.016993621553079773 -0.005680813479434747 -0.001546746710569494 -0.0032839251108318325 -0.0024058103138652662 -0.0009807299147643227 0.00654247310365304 -0.01811178533876612 
0.9614271057310898 0.003114828827191521 0.0113464381095599 0.008119128174390547 -0.009163105805857379 -0.0034824885610457955 0.014341032828165344 0.022911510050924896 -0.0004293905164451431 0.0022045374743408083 -0.008605725236599067 0.02004855301537745 0.0197275337572803 -0.0017818479743308374 -0.010621303812271303 0.0007394464344868791 -0.01127501018484808 0.008657625745812188 -0.01533265459337918 -0.006956841186551867 -0.016922808542337655 
1.0080812716646497 -0.015474475583005763 0.004400874512018156 -0.0002356291090522893 -0.007054190117797473 0.004580583656706524 0.007025363143724843 0.00533751826141436 -0.0002593941295321646 -0.005811628413422824 0.0014358143836370582 0.0054976459009563015 0.00027120838623753517 0.009170379059124281 -0.01342048704124012 0.014036549766964765 -0.011863314882344232 -0.004062233472274899 -0.0067165998013909945 -0.0016363509657715952 0.009534460530993907 
0.9763340071985039 -0.004660256536294462 0.005212653932855856 -0.0013315145102492868 0.00031134617624672576 -0.0076253914837954104 -0.005187285520434157 -0.007532755998730004 0.0010215246033141736 -0.004771746696895935 -0.010374032316901942 -0.007544856895665102 0.004155725536837965 -0.011356900108082253 -0.010188900049401262 0.0011868519402904525 0.0012139933719902754 -0.008078313144940393 0.012882155678435479 -0.003315003418698529 -0.016301138159875685 
1.0385902531229367 -0.0009760746169048004 0.0269023125103525 0.0006672005568517187 -0.0038357476533054055 0.013830554418259318 -0.0004236382938741941 -0.008034546788726525 0.0028151337132242505 0.0052856545264665065 -0.011789533019765926 -0.004729274166000001 0.0015052473045767281 0.008409675235711253 -0.016169565442091638 0.007979013374911153 -0.0023055639004730083 0.010498512061833479 -0.021772483905117913 0.0011841244539178787 0.001763008494014405 
1.0008290047202686 -0.010052717486149061 0.005642182357811877 0.008099163995850988 0.010753079756040862 0.006936811411034125 0.02039876571110349 -0.004464236661614466 0.002452869446782697 0.02855678336757616 0.00259899012043163 -0.007623198527045344 0.0024192836928326644 -0.005555128179439412 -0.0012364364834843162 0.01287008507235904 0.0024414799188678857 -0.0002637250046703014 -0.01831680487267751 -0.0012542912301098821 -0.0015007371364133808 
0.9809344259399149 -0.0007997984338758456 -0.007580740642396114 -0.003106961041472221 0.0036608066382519456 -0.012314435104326426 0.0016958397728518125 0.0004388281229658887 0.008171545802800462 -0.01710271469020548 -0.0034840898885315718 -0.002052901804975182 0.015003453214788218 -0.011350559238219456 -0.0005033585180920214 0.001782992653842323 -0.002230330413766649 0.0086448603223589 -0.003517359106136285 -0.0026071299508692997 0.014073255619407197 
1.0244633102704894 -0.009062159831213437 -0.011519280496513929 0.023334064982878017 -0.008216143816696563 -0.008696318836296034 0.018408248635710115 -0.01717478913910947 -0.0036974309033652236 0.001887130152753429 -0.0017540555363214877 -0.011243932808608897 0.015417542588725155 -0.013136375712068967 -0.010727785019271255 0.013695709371733903 0.0004597961916122716 -0.0013899936799712973 0.007213944986722788 -0.014679825306817933 0.02490693165970463 
0.9378100507608155 -0.0014778081266693637 -0.017581720541299424 0.0005044208031559347 0.006237283850355247 0.000138195033218957 -0.005798185682598322 0.0018966720200167388 0.019585973190338828 -0.008863181270740308 -0.004567805598498646 0.0009136911549102343 0.016293739604377695 -0.02061122969156405 -0.001953741222767893 -0.013818340940221401 -0.003685595434877716 -0.0032161914045686513 0.012695893100930966 0.010102518279549671 -0.017391802914497014 
0.9854235967741743 -0.025633912142539954 -0.010621970547458144 -0.0028565390833025423 -0.01792163069965657 -0.01235510086234627 0.007677206971861205 -0.0018495104474381512 -0.015462834936092264 -0.008608666413949114 0.006083885417500795 -0.00700062319169546 0.0011708153157535877 -0.007646866778475009 0.002663572357564547 0.005807519791083052 0.009059757218492951 0.0027839052455144765 -0.004943740359841637 0.007137388777292951 0.0005734208175832778 
0.9969380544372903 -0.0022058494786307424 -0.00805373769344923 -0.012277424108855134 -0.004427039246407511 0.007400091710366505 0.006236350891496182 0.0056261987592505025 -0.009957760011818613 -0.006133882689351321 -0.01064405257253014 -0.0077474508459502035 0.001272875377568736 0.012798215042011372 -0.00040724304759825374 0.004963319616256288 -0.0029039631871625353 -0.010649607810366522 -0.006917753954321242 0.01030639989616074 0.009426293098935019 
0.9936256352154373 0.013413371260264406 -0.01397464379216995 0.009720828554234442 0.021660190251772928 0.010014730360254062 -0.002390119212322076 -0.008437228222701787 -0.013882930162469736 -0.00019068819842468857 -0.011377515486426754 -0.014388783608161133 -0.003030873051565786 0.011010124614164866 -0.010807093443898748 0.008781577064009598 -8.265400681008564e-05 -0.003531061279651601 0.0054334225113163 0.0023611835109226494 -0.010193729920040716 
1.017925151900455 -0.0007636231528616701 -0.011403576442287467 0.011464907295723074 0.0013883156795806019 0.0034848814691083446 0.0099171288823689 0.005067674483851107 0.006635718757093504 0.001847006362286045 0.004344617962388343 0.0047540281792192085 0.007944264414125777 -0.006093923683923501 0.0026612083310741906 0.004374964283930998 0.01035906482037219 0.018843874005224973 -0.008739421494960275 -0.006709301662164378 0.0036441778259306903 
0.9177856261443221 -0.0002923740285657477 0.004907657716465291 -0.01953804559714564 0.008215946228885301 -0.0040912928598090805 0.016839999928923433 0.0029055454825637596 0.00017773565861158516 0.002150573638793738 -0.00740478892421235 -0.00131017347334036 0.004754999847537223 -0.0002715578363794566 -0.012131263324151695 -0.0035772831398426523 -0.007069770522012004 -0.02211824969773331 -0.011523661537825894 0.0004655386339057242 -0.015655838005323764 
1.0114059754834583 -0.014773854254123088 0.0034790461642154515 0.008515340908862603 0.0069311491132341835 -0.008236507686673873 0.011301737549699067 -0.01350692961399112 -0.0033573386860468006 -0.006483148892729336 0.009202208358868653 0.005319249217372066 -0.003159326365989391 -0.01918511996806731 -0.004185549478536074 -0.009213947846480284 0.00026276216064401886 0.0038350899273891345 0.02427247332166964 0.013335752616737322 0.007022318859016572 
0.9899927702823252 -0.0006792468411315362 -0.019225028928366007 0.008813642919982758 0.013944946051773034 -0.0067900817544407615 -0.00574311920232341 0.008244748129161029 0.0029334707840526935 0.0021111586933716935 -0.0040718611199066 -4.002132066515944e-05 0.0004936490337096365 0.000732497459208341 0.0038226865633515816 0.009311569357114545 -0.007222332387502283 -0.0016948529657864516 0.0035101494378363403 -0.004054084118030397 -0.00042322523512999566 
0.9609363447381941 0.0014950408257519876 -0.007079493774960489 0.0011331046962786613 0.007339187898635001 -0.0008160026302945485 -0.002199390453818187 -0.013112962410782832 0.007255316191129747 -0.003047135903351292 -0.017365527905494546 -0.004163411213074509 0.010196747006704133 -0.0005950673649371143 -0.0015852295632699021 -0.004102530359934971 0.007603612881748782 -0.024731093075040424 -0.0006739404070199609 -0.016583056843133312 -0.0047347341493729315 
0.991975341065812 0.0007809591345200466 -0.012134770467546501 0.0034221661691165974 0.013580637948570774 0.010860601882754782 0.009128304366561778 0.006837343436587357 0.012313420126100578 0.004106065937847408 -0.002866668902953159 -0.012501535022611383 -0.013319316406479993 -0.0018636079849993867 -0.007651339024799125 0.020203608700617447 -0.016584202403729525 0.005441082497642215 0.008586920638484987 0.014979214790398314 0.0020891642392419666 
1.0037223231683896 0.0058299224194516535 0.010807310980425915 0.0013822789908757589 0.0059078519300974665 0.001980329216879936 -0.003169174921487557 -0.03040303095466978 -0.011727524413709159 -0.015615263408919227 -0.02004104564929215 0.0026547640999458385 0.010051316078596566 0.0012309186146007077 -0.005250250837663889 -0.000657632455394114 -0.00394995686095656 -0.027609511058958182 0.018125356325892742 0.010127740340794082 0.011787621974471606 
1.0141642862345053 0.006798752968603415 -0.009972257463150634 -0.010580334303967254 -0.0016309436721223247 0.01904840064044597 -0.006811988987115372 -0.02070462625272258 0.0012878353315819366 0.011028688452789077 -0.016766235767736816 0.015359373845383844 0.007486122079894543 -0.020918142148938012 0.006204775592528466 0.0012978923761550482 -0.004157526156643657 0.01077067683412208 -0.00027970145458157083 -0.004025455645544232 0.01194165999901231 
1.0020323912722848 0.00043703202119093357 -0.0024644947027974927 0.002370248555810565 0.014584161633998163 0.00464603568237376 0.007266685114420719 -0.004180433771552185 0.0028259693550295364 -0.0010932747667430033 -0.014561700188033978 0.013019563329799009 0.0033411947181115247 0.00861112702827551 -0.0025138308957082323 -0.006502183804792942 -0.00027946068006590814 -0.013888561796524809 0.0100549933379537 -0.005047470033232193 -0.000480788744892171 
1.0162949048562502 0.01626017964871392 -0.0019710598517807326 -0.01030096378279521 0.012927219814965871 0.006368236677693883 -0.003774271098794248 -0.008847661214671333 0.00892080560685579 -0.0057433891399194205 0.019029417599402524 0.009106313578617726 -0.00818647740603837 -0.010535875830617252 -0.005277778351038145 0.020108598538731006 0.005474561174475045 0.0040320224494607045 0.0072358834819873895 0.007483970828625435 0.018354124904660075 
1.0011932003444621 -0.004264523000945629 -0.016516903507486906 0.002394408522220972 -0.00919786479164527 -0.010177254443191768 0.0012046102839535187 -0.00557935589458906 0.0001807093065159069 -0.003769524001430063 0.008858356522818188 0.0028169517081133716 0.008100967355601299 0.005053169659060547 -0.004495685602937518 -0.004677779891771464 -0.0006705433821817501 0.013207922371232604 0.011802562102678611 -0.009347958920708362 0.0005853241372536074 
1.0035830729762019 -0.004714280816987478 -0.001867951320291628 0.0007243487995784577 -0.013100553921592761 -0.003223746700487977 0.005264356513342032 0.00558260680327762 0.004717664255490407 -0.01587634309316541 -0.00948229439925542 0.007347598102850027 -0.023122618960819602 -0.0005757217003418861 0.009004573421681226 0.0009036768181849785 -0.008911466511563902 -0.01726459825854611 0.008456245222838889 -0.0020032762190729174 0.0031473750862832895 
0.9853063986013139 0.006995504643541629 0.004192294407401412 -0.009721928386511853 -0.004891249202419533 -0.008323176223590207 0.014242033701166593 0.0005918758421451651 0.0025642710005373552 0.006492685248194701 0.017260553997149517 -0.0014261080396701844 -0.006829722833050003 -0.002356146416970643 0.007465751591506669 0.0038375851520855123 0.0032355660172334755 0.005462239039212493 -0.013080548137893252 0.0006914273852242784 -0.0125720304977805 
1.0238997785589636 0.005454368972817591 0.002035065062355802 0.009519896210995584 0.01005968831710344 0.0033742773880942756 0.019263516415770728 0.003740651675965206 -0.0031734190289349085 -0.0020015044448708705 -0.007583097651939378 0.008461533823963098 0.002125627360642525 0.005181391775618026 -0.0025391870279857253 0.016900686576208437 0.007880827114571876 -0.0041261882697496 0.0006314012864012413 0.002338296074607534 -0.01703208084301985 
0.9874026585685575 0.0030793318551639404 0.0068014023611137125 0.016537725265252094 -0.007282375997611985 -0.015005885562077182 0.00847442336081697 -0.008508696065579937 0.004676392763280261 -0.0016847696753560406 0.00200185118907147 -0.0061322094581672815 -0.0013598310892529329 0.005545049056959273 0.0006725809993155233 -0.0017671346869612742 -0.005693710643874163 0.0007579667070257269 0.006814976112348776 0.0035118332261264264 -0.0022217523136826792 
1.037745348614843 -0.006682334767986874 -0.001194887597721559 0.0038339592981494843 0.003508146655590014 0.00419486603038179 -0.005187576321695829 0.01910667382372614 -0.0001851183713039604 0.002552521413276411 -0.002907439285709638 -0.003021158857694951 0.01668270077483575 0.0035009377128501808 0.024714616563424312 0.01628200093168075 -0.014335408624639983 0.007909562331651535 0.006491312432106816 0.012394310295801528 -0.0091279279533101 
0.9831551646842873 0.013310198371705615 -0.011739403236264911 0.014262608922718792 0.01840134356402015 -0.0027157797419051933 -0.0052498566358479175 0.003481671696852226 0.0067819609250851474 -0.003265090715386339 0.00019151234670895163 -0.013844384309014095 0.00666025789821761 0.007766707813393422 -0.01273536661055682 0.000586243760336801 -0.009800000080619816 -0.007814503240187228 -0.007499669646967342 -0.01023588646953309 0.0014262517611486852 
1.002574158793477 0.01626777052179987 0.00456700316967053 0.01645372449231507 0.011740451708097056 -0.007783117245511945 -0.013311214546413817 -0.015666094421239972 -0.004683435014793297 -0.012618336237843836 -0.007791504235669912 0.008897443806459512 -0.004244985796530924 0.006557168701759555 -0.019213164509858622 -0.009947321117857611 0.0008720087751756328 -0.006291419858062646 0.008300107172467007 -0.0026297794044720414 -0.0005961257383573127 
0.9540737372824015 -0.00262905702723524 -0.01893474033204899 0.016299816432853026 -0.008935270938255097 0.008042669996300232 0.006861637792850947 0.011112779576264433 0.009939105554171332 0.0017017784078673954 0.006314427283311743 0.005209616849675579 0.0014080427831837871 0.007181253283099324 -0.01860673602648432 -0.00853304911154437 -0.00102674857036831 0.0010693945690144402 -0.011041758290140593 0.004182948239905251 -0.015887792078497963 
1.0222223566657531 0.015929782036766156 0.013212873519028882 -0.012781103872932612 -0.010103392694593543 -0.0009364130556029386 -0.0009483177158846877 0.004486259087712942 0.015643379406714057 -0.0014634279797355405 0.006799818275677076 0.007376403928395621 -0.013831610022904338 -0.001942918199524371 0.003134353412201908 -0.002311264410650216 -0.0029634717502496073 -0.0045296283763209995 -0.0011266884317575347 -0.006361099972408527 0.017052123258653948 
1.0250272750788043 0.00855347829131384 0.0034231485293374775 0.017328550762571095 -0.016654494412325554 0.006140747578671647 -0.0051738684663559095 0.014086691883329517 -0.017184656470769867 0.011234831189348772 -0.004628446090174297 -0.0073808644892717915 0.00028632212750273216 -0.0006016754979251657 -0.0007834485738082072 -0.009428641356641614 0.005082894049745561 -0.0024530597965571914 0.008996836183815388 0.008150857234284669 -0.007025289731037479 
0.9668060117623186 -0.010379712430704156 0.007580579029612309 -0.0153800775521162 0.002012736787869644 0.009036644108918029 0.019647064670227834 0.014695436903270995 -0.019139038902375168 -0.007458526262348131 -0.01726555755544156 0.00162933984331109 0.0013774952695414944 -0.017558803132275647 -0.006960089293591914 0.010071299820266269 -0.008085882900471604 9.829147494349759e-05 0.004043504972227006 -0.01383006514663399 0.0012816372737968474 
1.0137529604887416 -0.005871405033685538 -0.0038033936977106054 0.01418633624888687 0.0007677545326943553 0.002354619215934295 -0.00286296189405996 0.016878197760080944 -0.0011329855863605174 -0.0018854683078252405 -0.011285590105024971 -0.003297177789692998 -0.005820370582169305 0.009381165611869483 0.010367443580410167 -0.005103664849199812 0.0028446071185670462 -0.00741755461886664 -0.005318829728581873 -0.0035647694403354324 0.0036337875325443067 
1.000244905897306 -0.005685322639355517 0.0009600411136003554 0.014971076545068641 0.005090161765326978 0.011032922833987964 -0.01675024009469593 0.015092053935314056 0.0017645488463884946 -0.0032060885727460777 -0.00354922866981018 -0.004329084182067893 -0.00637594581038442 -0.012268262763037925 0.005156466033711558 -0.009015447685099131 -0.009949052611155623 -0.007863209525405718 0.0023835848210705525 -0.018984080276025037 0.0032367366986019316 
1.0295655541890336 -0.004501381973346926 0.005792225462587792 0.007098645344707 -0.009120876588484508 0.006144616722856547 -0.002187998873115785 0.009912283713450777 -0.006782869084566637 0.014953130003897067 -0.008018214589054879 0.0025077086316227654 -0.001445484511165263 -0.00935193724331976 -0.002227494292170153 0.009452363088258033 0.017302961135523924 -0.006210380116964794 -0.007169182773688241 -0.006344387346673309 -0.0041214837536331424 
1.0366803196891192 -0.00848865629860026 -0.005918652356567548 0.005861817618708378 -0.003414409662638925 -0.010639945773824194 -0.006966572125204677 -0.008570815628346369 -0.006811614135705635 0.011585965361763565 -0.002172035635828021 0.006344999239911508 0.008746225183519874 0.024027759523330847 -0.002792783703190867 0.017427766023146374 0.005014730404443742 -0.0028418228819364 0.004049986665546703 0.014654217779361146 0.008051157151311146 
1.0370047067200103 -0.002833351516791191 0.012273671779499491 -0.0056201434534710985 0.0033647383964983167 -0.008953642402851715 -0.0023547664681381033 0.009693146215314544 -0.00791507329582104 0.005671762779511975 0.010464962708671477 -0.008817982658033572 -0.002335721856194583 0.008692944043662531 0.021235931183726294 -0.01658475364240522 -0.002536051618242387 -0.008067568660177885 0.021673333802455775 0.010645760968833939 0.021346842622186172 
0.9699141032471027 -0.01813064127681585 0.0031120225940319047 0.0018797738926358187 0.025576282473587134 -0.005748977594034467 -0.00022816456681485427 -0.009039558049975265 0.008904963000677418 0.011216394999258607 0.0002757496639156298 0.0027447862746338707 -0.0021350729250500275 0.011041961238827816 -0.006086444106331239 -0.0005585914207823014 -0.015063850919979095 -0.00473648608448067 -0.002232589342654983 0.007331744283821587 -0.006069685272722186 
0.9946708465588674 0.0019024531117234978 0.004286389296973219 0.008594828031349595 0.008197295163398266 0.01875283647737702 -0.003930638976855073 0.008208644390628766 0.00887469018326464 0.017895916033623643 -0.0071751780881036285 0.0022586546679115027 0.004468889353670701 0.005247191375481975 0.0057720789567766795 -0.018553546558284194 0.004769218160241513 0.003707121254104189 -0.016683513355617505 -0.002130947363510984 -0.008842412826022916 
1.01192855084596 0.007463187428149276 0.007539994602285029 0.013636395393293308 -0.0019338019552409859 0.0014147546290454597 0.015776295130766806 -0.0048906434278213565 -0.011813780819741633 -0.007310387530819018 -0.009277427154634305 -0.0005953969831381142 -0.006644201641462229 -0.00700159159130108 -0.010340243533664271 -0.009670716910195479 0.004831139797645503 0.011391460161759705 -0.0071638746603187335 0.0014759271648571465 -0.0006983549921845734 
0.9924268035066456 0.013361540723669105 -0.004258931268760693 -0.019098352312581314 0.0016049881381598372 0.009094542385105778 -0.017467053156148157 0.012016715551792687 -0.004856294990154093 -0.003386341524116556 -0.005128062887459383 0.01225152279825113 -0.011060924242572701 -0.0004956716883285154 0.006589636689446525 -0.00545837821451557 0.0033950270171344715 0.0018885549359784956 -0.01586381460491762 -0.003309654697199214 0.030074679531224575 
1.0337344980312075 -0.002608156294591904 -0.0023911518228953333 0.02448330009246424 0.01022107775063849 0.0011636788767558793 0.004033764851265326 -0.008550286264102609 0.02844271405370169 0.0074354089351535224 -0.0014186594926722626 -0.013311980742025163 -0.022228334047169104 0.0014851083257512046 -0.010420322464906536 0.007229562902043125 -0.008904571469088114 0.004739125649774765 0.008888852917113884 0.0030580583200612984 0.0007612184382941708 
1.034943230854142 -0.003857604320629265 0.01352428412221553 0.007454346884546742 0.007475652781301206 -0.0019034183606742238 -0.012272988177973072 0.003202731411763907 -0.006174543622018452 0.03284577454487274 0.004822756471394936 0.0032368406937134516 0.011139520675254855 -0.004908228081007722 0.0033887573181219204 0.006999523826166987 -0.006838391876279557 0.0013622550878832358 0.0016752120235171836 0.019011761320925996 0.003091238633523039 
1.06883912822041 0.007892891216927819 -0.0037186033423311456 0.010158550728074787 -0.006346235161662039 0.011734034324689276 -0.00038609819124073443 0.00033865189201452917 -0.010116113681361961 0.00538877371569263 -0.008368891406081616 0.0066141795137088875 -0.0011519355983288704 -0.007406812296841436 0.007755774415387249 0.020706581027331784 -0.006023489761259836 -0.008591937433259124 -0.0011579408827956915 -0.00581127899200885 0.01170221622703635 
0.9765117279389942 -0.005014965386627286 0.008455761013425791 -0.025327059276864853 0.005335784347750802 -0.007691561783625496 0.0070066494716761445 0.0003607713485680616 -0.00590346595135722 -0.024465415434493622 0.009109126514817477 -0.006713748142224169 -0.005836323590344875 0.000651809407798091 0.0023305807935488764 -0.010840701370770856 0.010360889502369512 0.003855481187437735 0.015580665709162167 0.0026725425109869667 -0.01043204746213184 
0.9775636606190102 0.0011198727040511239 -0.01547831136662039 -0.011125402688581476 -0.01384904401283776 0.005892101014622896 0.00682998532045307 -0.008215449952994862 0.005881937261225564 0.0018107508415369591 -0.009363723582333375 0.014008738960915623 0.004234850740405623 0.004691029605435979 -0.009763725280112115 -0.02466973521242969 -0.0004189251422337592 0.00026739664874977356 0.021868616111588364 0.0004938785981340309 0.001909227693595837 
1.0139157237854397 0.0010275561519701426 -0.006246745614170195 -0.016116039097839877 0.009205625928070732 -0.010913071036151604 -0.006808040158697372 -0.006113985792825486 0.0017690807063876044 0.0011870947264778322 -0.0021099399100606357 0.019858631807006883 0.0006596441569650009 0.009571428035702352 -0.0026815885087758617 0.028973376239841978 -0.00872944935551407 0.0014368021628548007 0.0050440849760603704 -0.001222512910191525 0.008501897024212697 
1.0429334034263351 0.002185722640568852 -0.0064443100648189835 -0.004793551839642444 -0.001380907221385461 0.022259058129069174 -0.003087194971859957 -0.02177276465895775 0.014123396599425176 0.018644821465550396 -0.01214450783922425 0.0040855767342343335 -0.011199977402997576 -0.004138017981285092 0.011806553625688106 0.027491029565110153 -0.01132138652993112 0.005734136130743115 0.0017072737705167338 -0.0037435609884125423 0.001014864260393528 
1.0282798948841865 0.005190703880223846 0.005347819391134102 0.0006278052642593966 0.0010170898955560708 -0.003472619551403391 0.01613960214109979 0.013648914745480006 0.007909975426045514 -0.006587207708674575 0.011913640538286183 0.0006631004666669959 0.008455212542203553 0.024716583179842332 -0.00125068272797243 -0.005522207266424192 -0.0010183534314731294 0.005841513189856975 0.011195871041282533 0.0044990494411603936 0.004579182330559968 
0.9763987467644893 0.005698529736167617 0.007131982205610147 0.009380946758019539 0.00502519573935314 -0.0034140472926418182 -0.0024706860079563107 -0.0007999403570497543 0.009585673771567797 0.0008624093406997468 -0.002469056669800755 -0.006238752634685735 0.012294470871174199 -0.0018139535851192242 -0.022135193221499604 0.001641732277887634 -0.012076416253200589 -0.00476360727137363 -0.005866908957585751 0.01713663660738044 0.006461985676876915 
1.0518641275173024 -0.0009053794558761366 0.0032640600519756374 -0.0037726781766405783 0.0007117388549078538 0.012514227187876197 -0.0025543065775319724 0.002509941839697087 0.011072593025585395 -0.0013747879732016527 0.0031378274128547184 0.01936568143139863 -0.010771904460965822 0.005822314933310269 0.011258003734647382 0.022691578043118606 -0.0023028628885683887 -0.0032413278297877507 0.012628493127265552 0.00139641670784609 -0.008194082754366483 
0.9462147400218645 -0.005027811356074345 0.0007469242519135826 -0.013896636300190978 0.006652834619372286 -0.030585660596549272 0.008812676949614375 0.0003739875563407195 0.009655558948808788 -0.012722532322496094 0.00326468918224501 0.00953032492230943 -0.01075063175102728 -0.016160132610635317 0.003668624008325529 0.0004630971038409893 -0.0029272995324833057 0.012884824227258992 -0.008087521587504441 -0.0024285058778833486 -0.0021436324744218927 
1.0168727404936806 0.007268925525366997 -0.006534505351896587 -0.003290652567467657 -0.007524411928813248 0.013780893959849511 0.0005738857287818028 -0.01675317860077235 0.0016621777495246714 -0.0013235734547413698 0.008046860373354826 -0.028529000588496577 0.003790968183821545 0.0033672500345934826 -0.006996398530558261 0.004362038641708227 0.00822542364365056 0.01130042918255719 -0.0026858409399604538 0.00043574903041402056 -0.008445108014128577 
0.9592899892547213 -0.0053848852116181066 -0.006068457212087986 -0.014647052861459602 0.007322517410165784 -0.022179908774392593 -0.004749787080435302 0.01049092254388191 0.015444993140287749 -0.004415227286654756 -0.0025260213316923475 -0.0185274491544447 0.00033930132095653416 -0.01654136342730568 0.008030966539085445 0.012003694830668274 0.004212608636259674 0.004644363612909883 -0.0059043807192432785 -0.006223071567306699 -0.001422393967192311 
1.0385147605551113 -0.005108013176358088 -0.009637546016391106 0.012804619886696785 0.009419011696090128 0.004713925042639732 0.0066310971743081025 0.012236734890517032 -0.0076030333407537 -0.01182833726656386 -0.0024640713874678056 0.010907196348836128 -0.003761826763164828 0.00856717083313657 -0.003932110497592958 0.0074100082298327406 0.008051521735955816 0.009621710455442472 -0.0002165110309789915 -0.002990977485062158 -0.0024751333967554666 
1.014757982675323 0.001611345819098166 -0.011948839615011536 0.008801726763553525 0.013832204117309706 0.007773135565322433 0.015803948753959098 0.009712639884015314 0.0028036929900718656 -0.01105447972372201 0.016008198496129535 -0.0033636016377425553 0.009198865822058257 0.006503664475672472 -0.0015837782783570782 0.0009461975337844871 -0.005920886263319224 -0.00839472203845298 0.0026562193630626967 -0.00738202080017554 0.009487938279671372 
0.9884928001741775 0.007001093864058642 -0.007521111183864496 0.005952456111154409 0.026636285018480886 -0.001639481221227564 0.0023443766880809165 0.0052241780006378625 0.0012961193692766651 -0.005102544743670938 -0.017223998276663453 -0.0021723139573126644 0.006488353968814407 0.009457151964952231 0.0011370184091182207 0.0025578944594319736 -0.011277343004435397 -0.014538756375062387 0.009928675242318021 -0.005768432207069999 0.0042015725632418574 
0.9678557732918733 0.00409514599067633 -0.005283422936988154 0.0016649594631558307 0.002666579610890929 -0.0058789929751960415 0.00926180764786941 -0.01217721894715914 -0.008354427576068628 0.012316654744760158 -0.0013557610292754974 -0.001650391910993811 0.005457197587176301 0.012228797884971006 -0.005161745593284293 -0.004749139362976889 -0.012218984774278437 -0.010768135024828405 0.0010620088510319475 -0.004340994670722261 -0.004928962102218602 
1.00556041571154 -0.001098910334866217 -0.005942746991337161 -0.001098748999112777 -0.0065495171755238545 0.011571277659087328 -0.0033167910459691325 0.008203911619822903 -0.0053933785531034666 0.0002649185289788387 0.0046756154957437335 -0.0036607103360490694 0.02098540577739172 0.003147059613137883 0.0012682713128882737 0.01041774537095684 -0.013896604978902462 0.007756446994211949 0.003854932249834066 0.01102786583666168 -0.010553008692340764 
0.9821216696206051 0.0019118457013574403 -0.008539513697572911 0.002253359518930034 -0.012060614979350045 0.010673916586155083 0.00945116330118195 -0.002822711300637829 0.0073684062953039585 -0.009503505909674692 0.021437225353603862 -0.0069568897547494 0.004033523381382905 0.0028370373641647783 0.005183123747717142 -0.01151608581768846 -0.012626763447952395 -0.0020077788730597035 -0.010119628365035311 0.014036519995772224 0.00682421624631792 
0.961403577803171 0.016304030444762314 -0.005644745787278363 -0.002135242210751269 0.005214505310192006 0.006337369945717446 -0.009518984067560785 0.02316491118482253 -0.011195219265611367 0.03632638406924203 -0.027509154978390366 -0.000473923416841004 -0.01458383745952538 -0.0060975126794077265 0.0022179741815656893 -0.006706659183413145 -0.00611985016088575 -0.01205625794691819 -0.018798874547249905 0.0035061452465493088 0.00040999418326881186 
1.0281421529157984 0.012263923677344286 0.0012709494491329714 -0.009609784097710313 -0.00015058201235367772 0.011248240104880068 -0.005112273225121161 -0.004337652993510387 0.010300924136825018 0.002709433107331446 0.004216584810948772 0.0017261772797520123 0.006186450656479889 -0.013124786262529584 0.015558834447002701 0.012556450610402468 -0.0033042263331020468 0.012129527303207297 0.004750928886935721 0.004833174025151882 0.0016702826139112126 
1.0258183534547742 -0.010647058168643015 -0.0036135654640971006 0.019094439304409395 0.013759775952741544 0.017875924996584833 -0.004002197387975492 -0.004492023166973398 -0.0032859822066444496 0.00674705929738018 0.02532983253069451 -0.00272518285018712 0.021215403512140654 -0.007331820162941138 0.000851075116523901 0.007024705372084336 0.016623669690961133 -0.006155964151330972 -0.006777138708642359 -0.0037172659706824437 0.0030371172940912134 
1.0408358359395753 -0.012187888876788495 -0.002439279275789352 0.01732414789957429 0.008396434160082981 -0.004644222230479316 0.0002061863537730264 0.010479590704105916 0.009597853508079164 0.012290394301602921 -0.0025821416440617545 0.015482830587831016 0.002469219058796882 -0.006425126144511615 0.01221269982736853 -0.00048080115185423345 0.0010492869413003514 -0.002473675299863534 -0.007800547322763482 0.014683451044269808 0.019771111756163265 
1.000216637321534 0.01032132613671051 0.003610346819611072 0.0126690212516085 -0.00011872741404523168 0.0015832454517443989 0.0002779048672898232 0.010917508380831942 0.006472887154612923 0.001683006258591875 -0.0019494384868069404 -0.003818299173689901 -0.00686950943583698 0.011234087702545274 -0.007732938785284979 -0.0081448746608592 0.005165054274215576 0.00846239810590364 -0.0018364542356389315 -0.008052241418369454 -0.01996049263408122 
0.9833887328076942 -0.00036245371816486074 0.0024960099958204664 -0.001978361250181117 -0.009594535970699444 -0.009608122869643335 -0.0037619668096585106 0.0175561210074651 0.01026328706046661 0.000785449898120777 0.0009582839748412371 0.004725733109091052 -0.009219030179348883 -0.013664771922003122 0.0014875924489519332 -0.010139389340702272 0.011097610565388286 0.00550972589200375 0.01254390937740683 0.007911033303558244 -0.01809803019695754 
1.0068009859698628 -0.018165634160605508 0.015648012509566246 -0.009770801161205607 -0.0004236075680787037 0.0056799263992562 0.011548112839421521 0.010728082825837624 -0.024254106128839905 -0.003569262763542253 -0.008412860590334541 0.0018050913757037949 -0.03000695939740943 -0.011438947731399368 0.00408021102575646 0.0009083673125886882 0.00011273402318899038 -0.0038840914767782815 0.006404765466486875 0.010528715349506565 -0.001249210378570718 
