"V1" "V2" "V3" "V4" "V5" "V6" "V7" "V8" "V9" "V10" "V11"
1.02862020245485 0.00185422806826022 0.0147782688081111 0.00335203853920998 0.0210377946050769 0.00372835622475208 0.00163218675157273 0.000171006951323057 -0.00820372581678189 0.0113849434341512 0.0112414749480398
1.09180248225006 -0.00887566870186862 -0.00890328626761993 0.00325256173370801 0.00067211239170562 -0.00964892426609913 -0.00162926571351504 -0.00548738899685151 0.0127428651556468 0.00561772473804008 0.0051654245893572
1.03765819880629 -0.0017762651741263 0.00710290234373277 -0.0129733977347727 5.77951382660878e-05 -0.00713057575678523 0.000474966590197457 -0.0076110051833714 -0.00280641904937374 0.00111373735832358 0.00998010758533601
0.984314989902737 -0.00501391870442019 0.0115690489358986 -0.00531279489337561 0.0178258213114698 -0.000779288776920779 0.000545907320295555 -0.0133278244560216 0.00127782092230895 0.00794621842227617 -0.00135025043342168
0.892569875403206 0.00474844856426901 -0.000449927122520685 -0.0075596022856409 -0.0095645764570347 -0.00893551799784634 -0.00230999224121858 0.00220047224267683 0.00358028491075961 0.00108745824573338 0.0225517466064346
1.0291031254121 0.0062203631833181 0.00287799031179988 0.00760525110457592 0.00837224791843218 0.00176698568485668 0.0143503631277083 -0.00740413681316149 0.00951151813377569 -0.0111920508017951 -0.00328330916044423
1.01223380927354 0.0196576083420646 2.43903657629338e-06 -0.00447455306938527 -0.000230011480250379 0.00378674463977081 -0.0108568462402737 0.00290174686243517 0.0190553240286335 0.000863885596614511 -0.0127394781745247
0.995817498213978 -0.00277226870786617 0.00658589607230814 0.00775809644517313 0.0136586433102783 0.00443528776158822 0.00337806633425505 0.0108781424732311 -0.00211265667181672 0.00713239389118209 0.00385633460282609
0.983777445723863 -0.012967409580009 -0.00948393694041173 0.0103929333939889 -0.00984516234751503 -0.00662787223033404 -0.00713255211886119 0.00602596389425787 0.0107789339470735 0.00861318342311515 0.00490320960781123
0.969442443985599 -0.00394870633950021 -0.00495931976107885 0.00216036031561155 0.00681464344009209 -0.0139764364637152 -0.00663922654950908 0.00969589945973472 -0.00204650757366008 -0.000608790571906571 0.00413955739956013
1.01937020645986 0.00974406880564067 -0.0110273719866608 -0.0067497206186135 -0.00170502491481154 0.0220813917117891 0.0178613718234916 0.0112114889193806 -0.000364187081260282 -0.00972852367847033 0.000195122699676264
0.94377429221728 -0.00163957746678093 0.000139810208186765 0.00347136166156678 0.0118817938157897 -0.0136026591144708 0.0161443368815265 0.00513382813778751 0.00916765852677471 -0.00757494669070909 0.0145072342260702
0.991528432496139 0.0130219480554717 -0.0123078167543575 -0.00280077523958026 0.00264060960653521 0.000990351935241259 -0.00505272747297736 -0.00807752552871903 0.0015656029764214 0.0127122282110398 0.00746625273268333
1.04909621331095 -0.00441922066257146 0.017653849501917 -0.00950478774363737 -0.0124759306590472 -0.00829997815136085 -0.00592378179700831 0.00825657572094395 -0.00938945909886587 -0.00216993416273573 -0.00146372868654723
1.02503490834891 -0.00294845631073438 0.00219797488685206 0.00658489603461191 0.00271714697888267 0.00124992674997161 -0.00234174703130283 -0.0249180160699927 0.0103214807345917 -0.01178995616276 -0.00981796613324707
0.991340183422179 0.0107565289069084 -0.0036755159616485 -0.00521051288277857 -0.0136830005151391 -0.00065305822267992 0.00368065111880694 0.0164471153517802 -0.00815451228010028 0.0159141886858253 -0.00963687687547403
1.04728943339294 -0.00779697243512829 -0.00603641397630065 0.00240371237900068 -0.00571681732039377 0.00339001799271145 -0.00303602008774091 -0.0061095666942292 -0.00854760043711597 0.0149689106711378 0.00455846925778551
1.0377798665545 -0.000987413834025342 0.00367861480468584 0.00893621927214161 -0.00951126270544985 0.00920167406417099 -0.00646837886333646 0.00403812039729335 -0.0131951087291214 0.0126143849074278 -0.0134031618764184
0.989724047560844 0.015104047665903 -0.0111396792578639 -0.0168135684155154 -0.00962723710793905 0.00753359639649016 -0.00452208922361967 -0.0135720214114298 -0.00469052252447986 0.000574981053481384 0.0103303398221618
1.05294255993687 -0.0100708537459674 -0.00231999167836564 0.00134687107521662 -0.0104594372591364 -0.00252374545226977 -0.00419974584990111 -0.00808756666850941 0.0159816205273476 -0.000121790489545549 0.000491825883768598
1.06588407266873 -0.000755666565994836 -0.00307009215576353 -0.00427206923408945 0.0120780763046535 -0.00633907954883026 0.0120562631675227 -0.0210126671345674 -0.00624762957141964 0.00134407188157309 -0.00538046213214562
0.990641297189054 0.00697671168434841 -0.00954813440422037 -0.0120815100106604 -0.00464182410820113 0.00739308003019619 0.00291790528151453 -0.00941689192920094 0.00155461249123992 -0.00542524612079829 0.0123905792609144
1.03965583176673 -0.00782107331043182 0.00121194834767416 0.00608375117061057 -0.000168109193190593 -0.0123271136321295 -0.000307834947362244 -0.00506603217068944 0.00507298597782662 -0.00428102089104197 0.00833491124794856
1.01099067368678 -0.0140788112865615 0.00367902662770455 0.0116732100765289 -0.00598819621712607 0.0116476184318745 -0.0138572290518617 -0.00272095539117125 0.0239223332110654 0.00412765127896623 -0.00312937668918756
1.00666746971914 -0.00814424822460955 0.00735477943773593 -0.00692296715500788 0.00490411826067146 0.00849171730153645 0.00695101331810156 -0.00057919949219543 0.00640794500937944 0.00333935818870135 -0.0196993735029168
1.05211203174864 -0.00247066930103839 -0.00614060163373588 -0.00106260431564701 0.00781634330469651 0.00366622389883235 -0.0118470778756626 0.00266522067062693 0.00269891326201204 0.0159608721724274 0.00875611108649592
1.04885166299203 -0.0199728913310206 -0.0112550433327496 0.00466484382362274 -0.00957641504618582 0.000208970766907206 0.00636574152271412 -0.0110091666965609 0.00325229437045186 0.0124750980741222 -0.00178797054732757
0.993120880161189 0.00821254562986534 -0.0124565609494551 -0.00849182191262253 0.00593496296937484 0.0167225914686429 -0.013082435995983 -0.00566433684826246 0.00295988860068884 -0.0137496684419368 0.00585689832737818
1.03279626569082 -0.00893518073686358 -0.000585270347897394 0.00512612657220558 5.77937580138834e-05 -0.00310360374529287 0.00754541188242847 -0.00190699143626022 0.0106198912473979 -0.0115826425312584 0.0140379998605982
1.03739778910451 -0.00017426916450624 -0.0035741744203774 0.0064452197619834 -0.00732128478216898 0.0112056822062986 -0.00202961648288018 -0.0115853402110358 0.00137434647375024 0.0203641839429896 0.0103283010949407
1.07537401147774 0.00106299631102135 0.00945277729837154 0.00413932839038242 -0.00383919623695704 0.00217711481966941 -0.000971064097344706 0.0179832777380313 -0.00300727369302313 0.00672743769462355 0.00150003808270622
0.943800399067148 0.0123284883570581 0.00424100330507179 0.000445732167946493 -0.0183335719258297 0.0050283852250124 -0.0159544226571849 -0.00843410328915878 0.00970652766191085 -0.00459032291589499 0.00187310855115391
1.06945330317548 -0.00563418634376498 0.00168077656794037 -0.00349740600206111 -0.00787733331757752 0.0125256722587404 0.00478139895026811 0.0172990706687537 -0.0101211475804129 0.00646437065179203 0.00735969180248058
0.90927862159396 0.015758485714842 -0.0095807329132123 -0.00395765210843373 0.00536203894333215 0.0095092365343762 0.000289670088958952 0.00209214255562338 -0.00145971401319817 -0.00633444186448762 0.0109185141706731
0.91362694457698 0.000619811052220653 -0.0127228025284139 -0.0141687931459111 0.00424935872604235 -0.0178700603694001 0.00202990537131305 0.0109231893035019 0.00898677263667775 0.0164567924619988 -0.00859913127458463
0.972082046351261 -0.011633962607263 0.00826096462576837 -0.0114943449823492 0.00361579063267935 0.0191031061685176 -0.0128509009037693 0.00488271412569154 -0.00272524809706424 -0.0057329082973038 -0.00983280574982093
0.94945165345994 0.00493233784116671 -0.00872786257051037 -0.0056811053736783 0.00394371765430183 -0.00974094185294551 -0.00829573505278262 -0.0110638005314083 -0.00887285748293551 -0.0133839930301556 -0.00680513615763503
1.02614205279645 -0.00557878437401718 -0.00202321838460629 0.00403328543264068 -0.00813556887813626 0.00559129009885117 0.00602866299855691 0.00523914698462203 0.00556345324496888 -0.010897659192771 -0.0134128229966729
1.00116219011473 0.0118425647935827 0.00415975598796426 0.000766951165377665 -0.00585368143756966 0.00388893016691738 -0.00726142845659498 0.0219780881867931 -0.0005457175529393 0.00450488346464492 -0.00830777134325191
0.942496669610524 0.00622467005747039 -0.0100194663050326 -0.00695595756745868 0.00244369847274762 -0.00725733498436163 0.00593628556773143 -0.00259796617651632 0.00342665689234154 0.00563577690850107 -6.11054116981209e-05
1.0500259966994 0.00454879112812274 -0.00582317355285115 -0.00873100356867241 -0.00348079533881146 0.00877828710739197 0.00199531365885667 0.013085164158999 -0.00628620841581229 -0.00164213160683553 -0.00130727280514845
0.948581460294056 -0.00834176644855335 0.0158603472587228 -0.00211267579549997 -0.0116810310898949 -0.00840331414341961 -0.0161817785761236 0.000953136243649612 0.00148102002039487 -0.000633752784910459 -0.00748203420776582
1.10152871501374 0.00162478927767584 0.00879086947391339 0.0101035858616812 -0.0102489234354543 0.00560132574596265 -0.011922736427519 0.00126210828913765 0.0132213332330765 -0.0025095265649635 -0.00498178273616626
1.01742888176697 0.0121206135366379 -0.00653069844050069 -0.00209186261722518 -0.00909933694446235 0.00297934597692561 0.00740136122811181 -0.000714494439293454 0.017348680179475 -0.0126954773201921 -0.00233927352032783
0.979380180883993 -0.0149051173815562 -0.00299006653931495 0.00367802191524797 -0.0222677752910817 -0.00889845298296547 -0.00328027152188901 -0.0134447111935939 -0.0202188644135405 -0.00142714993349159 0.013620026974103
0.978278267714271 -0.00332336284678758 -0.00811476527339397 0.00602233983224639 -0.0143290265472792 -0.0103186182834961 0.0064437922616327 -0.00786464138461801 -0.00695609224153149 -0.008082164088223 -0.00517280772617085
0.967196727278364 -0.00442109893728955 -0.00749971471420324 0.00876812779095385 -0.00753691280899838 -0.013576319743738 -0.00346998362347859 0.00536419188429091 0.00224909333887871 0.00759921035604434 -0.00219318086685877
0.951611071720026 0.00203220573808647 -0.0117970968386415 -0.0140242508035022 -0.0207921949735762 0.0126464399931947 0.00424499408772602 0.00391506877273517 0.00838117277959731 -0.00351519128562175 -0.00995616106536311
1.01810126538008 -0.0129518993293515 0.0156432476979129 -0.00144621965695809 -0.00956204997005117 -0.00238937057626991 0.00173465280030808 -0.0183332688666876 -0.0153678656752606 -0.00447315221300132 0.00303465874906255
1.05633340624672 0.00116372876159945 0.0134480566178435 0.00911427055364329 0.0109216440203577 0.015589772358535 0.00664012273097907 -0.00553052578650927 -0.00896010999774242 0.00642748612371139 -0.000136317975202649
