column1 column2 column3 column4 column5 column6 column7 column8 column9 column10 column11 column12 column13 column14 column15 column16 column17 column18 column19 column20 column21 
1.0048088305546763 0.012193812538089615 -0.011951477089073825 -0.011560010374397443 0.013572313725282939 -0.00875317437524437 -0.005843131610850442 -0.010748887360506236 -0.0027619060980965606 0.017919141729139953 -0.03361507211621123 0.023836827736964633 0.015926322893773763 0.01103709617910641 -0.006504712825088994 -0.011404025824893247 -0.007609401801141753 0.016093988492902313 0.017690650352986947 -0.00914684580010804 -0.010236253560449994 
0.9863004695027056 0.004521729300783759 0.007118427219849437 -0.0018160050549378493 -0.00029976293196263203 -0.0010217896036165861 -0.004330291415299879 0.00632111483854569 0.0009757052602319176 0.002813559790159229 -0.0020804976232237276 0.010674326279051993 -0.008560227652999153 0.0011732342350381677 0.0008462820448542016 -0.010875735208253575 -0.0070111989586910325 0.00503377962201547 -0.00717550791178898 0.009824561381600162 0.011269998940263518 
0.9197350224377272 -0.0005407028873414136 -0.006738458130880878 -0.0025132575365643703 0.0016761117145418756 0.0025617219718124086 0.0004051811576298359 -0.007280569397763313 0.007383461040047774 0.004117112222625092 0.0031205366162944206 -0.008863723663751086 0.004200549066076801 -0.002223119759382764 -0.021821077053752597 -0.009898690166790472 -0.0032191185534207628 0.007794332679346806 -0.005800923630388844 0.01977660360790598 -0.02921664678109845 
1.0114979432431959 0.011918021605704739 0.003644214932410302 0.005571360380418485 -0.013138502133569041 0.014487420027124694 0.010308047666830269 0.0006719497960342078 0.01125633117940719 0.001009944305028481 0.009969750697057076 0.007746543003021451 -0.005660481272489276 -0.0016014842878862166 -0.01116444954900511 0.0018400964522547261 0.002218148778971011 0.013229544229246335 0.022756321812090436 -0.004131228712169065 -0.022284916616632466 
1.0225917622573133 -0.017472590439697528 -0.005205703124632734 -0.005963186409319532 0.004889784459321881 -0.0024278671223551557 0.01423204739480349 0.0018961805836541182 -0.0007843841370291783 -0.0032629072026965074 0.007358609407250874 0.0051784583024308195 0.013206697223593944 -0.012817538531465285 -0.0010906391632087285 0.009105069324927686 -0.009364470566064872 -0.0029708175374328328 -0.00701163630953163 -0.002684895039205425 0.0015060760024419098 
0.9815210546716271 0.010307372646124831 0.014270491031386355 -0.007745624345282861 -0.0009003641539679268 0.015747581195358677 -0.007567940567672966 -0.003032842079550334 -0.004488580067084888 -0.004930375659968543 -0.0005255918322067475 0.006033435005222096 0.002024710349235916 -0.0017998080470681785 0.0021008071547835984 -0.005210648968600981 0.002308966643887606 -0.01907744466177029 -0.0014499502479078147 0.010582608181062145 -0.015938428612038407 
1.0747700694541147 -0.012645085498744935 0.0032840575677634083 0.001727986193920318 0.002925290673134352 -0.012232212250395483 0.0011086591776105022 -0.0017325487770145846 0.007328438855355088 0.004220604055661427 -0.010653719869478405 0.017717748239991542 0.02390310412623722 0.006084596730621318 0.0030685473455898745 0.01762698954462471 0.009971699396502151 0.012793152933918146 -0.00480598563519138 -0.0020068340878012865 0.008500714154853291 
0.9886494340230882 0.009859570891541792 0.009706870955779608 -0.009148240205625718 -0.01259231042043189 0.0042537127243019975 0.0014367590185845047 -0.00411688980530533 0.016379742496464293 0.0031570142240723697 0.009637029787695145 -0.007467882195302054 0.0007130779379095775 -0.01100771931857855 0.00630700082777006 -0.007349069708334342 0.0017931277418121302 -0.0011956631308056122 -0.009385626117055249 -0.016267269522960145 3.149042243205649e-05 
1.0292227990291833 -0.00778676392778163 0.0047750506392043 -0.012323606976024018 0.018371183207269198 0.008157569035326932 -0.01729406618354598 0.009125346352858964 -0.002417550610065332 0.005218555402404345 0.004686127546906174 0.0035842519252822043 0.013334534195241733 0.002112319256129619 0.00748615821227032 -0.006326760038186545 -0.0012594571520627915 0.002215812376227293 0.014815564319122612 0.023775148753377065 -0.008348988073741258 
1.0347604469848342 0.005568180569418458 0.014466138796042232 0.009032967404198093 0.0006972347541068459 0.0029155434003810634 -0.004613485241553581 0.0016262032123347551 -0.0021740626857622938 -0.004261217219966036 0.0007221516388979609 0.00047639123600103843 -0.0005144732266955278 0.0061121965311735 0.005164546776181334 -0.00990353296612745 0.015236402722510534 -0.008698841084388767 0.007969623460162535 -0.0009088535006457274 0.01532945932039816 
0.9936204893002625 0.02066387967323884 -9.390290326485248e-05 -0.005595165825188034 0.005116254061547249 -0.004165239377639705 -0.014661726749080655 -0.0037605847867965515 -0.0010041546469013484 0.0008234825178815919 -0.0036326252090486512 0.00624783369951114 0.009606152757443386 0.0062962978108718985 0.010501836931819764 -0.006886558942513676 -0.001095708901005089 -0.0015050151071690347 0.01431462309311658 -0.0012550623746035731 -0.015998688824941022 
0.9741196002038889 -0.004414947652752897 -0.003397974791181862 0.016186763268013334 0.009564286305109375 0.005924824006374359 -0.007111968318451482 0.0008694485054594846 -0.0009688523396213861 0.0037850955067295607 -0.010008208216531898 -0.02296339405149145 -0.010292202231129312 0.000699018478993881 0.011705496497254261 -0.0014660385775779683 -0.00011447471025527301 -0.009315346178167733 -0.01949913925312066 -0.010983789744353451 0.0008452759794891769 
0.9921442638762099 -0.020212142424889407 0.019736448438971706 0.005063801222597307 -0.0014140896416598259 0.015317769232044372 0.012700795463936126 0.01949076057496568 0.009090291314511362 0.014783539473512247 -0.0002630217893413534 -0.019886583479161907 -0.011754440544098483 -0.011279267785882768 -0.010019739588723804 0.014024575435362532 -0.006842066480415081 0.02144588043363753 -0.012080229188627317 0.0013050296376567027 -0.008205153889643019 
1.0044237549395691 -0.0047125367037264936 -0.005729683979778385 -0.0029622848280646853 0.004316308164157198 -0.0031224766737785944 0.002140953397710671 0.01542910534373887 0.0024156439893967332 -0.006487941160983004 0.03148481008801639 0.012908615008191966 0.011417087929416352 0.0069425180162939176 -0.00413203113539742 -0.015371786037123468 0.0014240266212794572 0.002884668474715176 -0.021468595556284824 -0.0010000091050930842 -0.005947473392724794 
0.9767562671136079 -0.012964196330042721 -0.0038254298313583662 0.009802011791916268 0.004848863116062025 0.004958359100379726 0.016054279439564664 -0.01082695578737612 0.015148495499291066 0.004267430197725717 0.001994308563045319 -0.0192947841466836 -0.0040894385658024526 -0.018764181733012746 -0.010880252919061771 0.003013311156794076 0.006114398707224087 -0.005644278521153194 0.004467623121415501 -0.009326776644668694 -0.0012837115004632846 
1.0049232821289984 0.012844357811629162 0.0020504226478239795 -0.010078389970448748 0.0025176908745530796 -0.024387396695266 -0.00629235788538288 0.001192391645942538 -0.014237124010523355 0.002592739194590983 0.017103047933427762 0.0044550887892556654 -0.004438232970652688 0.0034966913624944543 0.0055274632907098085 0.012948659980734552 0.00558758380336751 -0.0062696673928426955 -0.013197670146182923 -0.012366079451022954 -0.0017923503741053381 
0.9921919355432863 0.006447582094687208 0.0070363682516794415 0.003959330259461932 -0.0041717013965902 -0.009397043711154619 -0.012693658232580379 -0.007773464518906545 0.008435332111894314 -0.0016209289511810855 0.009504223880462393 0.008093110258361597 0.02111455148273253 -0.01867169885265913 0.003515690022709691 -0.013050522817820936 0.0075955536161351235 -0.009860290330036978 -0.010283533924471035 -0.013530711376400092 -0.00506603639970735 
1.0162331227087091 0.00017536739855592492 -0.007141403927778035 0.0017299228092905708 -0.005097958556386295 -0.011064201047826546 0.014744273452823862 0.00543591601695217 0.0030378500963810524 0.0009012038062824803 0.002413002657036874 0.005046894671330629 -0.018434376993294584 -0.013418195793593228 -0.01473203254655376 0.007823588970560295 0.008089176118425793 0.007003470068223945 0.0037659368569502695 0.02011320700678419 0.004314896866329944 
0.9857934258659793 0.009993537262495914 -0.01198076371136441 -0.0012739407813492757 0.02062856575920332 0.017588226107249447 -0.00145858570702966 -0.0057243874010904265 -0.0012283377145176253 -0.0020096509987184595 0.0035605624783087964 0.0034726027877884204 0.001605255410401166 -0.01237977960484316 -0.0001958571183125404 0.005487452470762312 -0.0058867014065001 -0.004140198258249779 -0.015958250395319645 0.010484195465993034 0.008535974797607785 
0.9139773438972952 -0.010050401269672382 0.00469620771194405 -0.016545167862625457 -0.0016286509392386312 0.0037705678439118075 -0.00030584158872290317 -0.01312328460966617 0.005589823608367974 -0.0017989641465517951 0.012526148803398994 -0.007527950679528503 -0.012214498929764 0.0019315217398826715 -0.014985456468873212 0.003895889682671865 -0.016628790748120487 0.00972934319715182 -0.01784578695560887 0.0014298688588863324 0.004695913909807859 
1.0333053759228215 0.007340252051298444 0.016021102673661018 0.000748480140939609 -0.0017189208841223577 0.01492747804506043 -0.0109243944969774 0.004739250908605467 -0.009325716822772024 0.007314590564985167 0.0017276498716389708 0.008956427916376467 -0.013162134159305058 0.0011330514057723378 0.01737417036433661 -0.005805667834534583 -0.0029721708654142087 0.015169982686503663 0.013224018683666128 -0.006556969940175132 0.01706651684930729 
0.9804728379617076 -0.01986976884925323 -0.006597320533361952 -0.006672175623611053 0.0038557143980053467 0.0036546006648079483 -0.012091141299755637 -0.012733657914083494 -0.002712351917968751 -0.008538819436674077 0.010724560555316967 -0.005385610216215994 0.0029213445842310136 -0.0036454794746984087 0.018952407851247008 -0.0023417130478264 0.017199643611293086 0.010294948886266912 -0.009426181733644373 0.00031755981310295674 0.02086176580270146 
0.9872695590969365 -0.015896285404809866 0.00015687311814230678 -0.005005007447733638 0.018515104393557403 0.011422324485148516 -0.013808312831653185 -0.006278541988147801 0.0006737612991673915 -0.01255213795443949 -0.0016916139280821365 0.0028838941662218498 0.001990013159083713 -0.008030389409235322 -8.326968571843548e-05 0.017003585900861058 -0.009238284679580776 0.004996085125722224 0.00979471191335087 0.03741464294579421 -0.0027219667093740653 
0.9794404624112797 0.006383589246085923 -0.015224739214795422 -0.0010221480008311538 -0.002972038779462017 0.012689239266966754 -0.01451431462182711 -0.002711244070253766 0.025021485650296115 0.00578746906865601 -0.0035113190174875224 0.01950074449211282 -0.01655446833453044 0.0021333619183808807 0.00404405470830207 0.002102475626152274 0.005141393656188586 0.024979454408247698 -0.02202336480712355 -0.008890322416438844 0.003310272711352876 
0.9790775684671517 -0.014017690281365585 0.0032919917746233943 0.006738905898773851 -0.0015115604604975148 0.0017403415955073841 -0.011168839197892237 0.0036726262707323072 0.007886484406724155 -0.00824314746708545 0.012308573660917251 0.0027431637141503897 -0.007751075033230688 0.003723365336125527 -0.007965798203572242 0.0009098417725520834 -0.006825812215112187 0.010098109668234241 0.008567281656554642 -0.011880999594836596 0.003911764487915904 
1.0247889962388557 -0.002967662952093836 0.01620550821266802 -0.003274514180141102 0.004545843510102216 -0.01007303146126518 -0.00028394294739963197 -0.001641664116463874 0.0015090503973065488 -0.00829794778811112 0.0001732665785611488 0.0031680475341136576 0.013153254318732857 0.023190621013897947 -0.02799262168244963 -0.0045676844719183115 -0.003106266552948217 0.015096855165297279 0.017069859185444722 -8.905239396930011e-05 0.026114128831260134 
1.0483916747052784 -0.010363059647453958 0.015056333809119098 -0.0028376746394502416 0.0014945045887156355 -0.0005312192741143172 0.01049496966964609 0.015646355843636217 -0.00832773061307219 -0.0064089335210512815 -0.0017883126753581195 0.006529519522298613 0.014412414583097144 -0.0003147741588434836 0.0008124172702805092 -0.0004965229135727605 0.005720981800871224 0.010936643723977521 -0.0027814567167034243 0.01833500138352922 -0.008380925425827883 
0.9949652002615729 0.001307989387590698 -0.00879677743286382 0.0022050931547128324 0.007419339352179373 -0.008985145123608013 -0.00499686439520501 -0.011605394619011729 0.005229588906463144 -0.009445629967298199 -0.017902391331876533 0.002822575905198513 -0.013322000562626096 -0.016461862147445806 -0.00974701155412016 0.0037669503685667334 0.009845023251856768 -0.011859829756185008 0.01873860877407368 0.005271108364538405 0.0010300562094791008 
1.02516324022637 0.008506703530770826 -0.005521001194074603 0.007036291806650037 -0.005771911841617349 0.008302127176662294 0.007384078325435564 -0.007831442192854983 0.013400220155913151 0.0067606168550555824 0.008832027259102938 0.011106323931256113 0.0076972502466001935 -0.0005974936652295291 0.008172682406215463 0.010977343144700306 -0.0002223316442290741 -0.00039174203752596795 -0.005902587646894483 -0.009586408480265748 0.0012414275649357857 
1.012707077642474 0.01194498381799676 0.0008199521589116619 0.007957572617477017 0.010385862629492095 -0.007241061783766525 0.006599642558930608 0.004103943519835771 -0.022620065489856782 0.0008173952213795035 -0.007457403142722235 -0.0026974777325710865 0.00898324144246112 0.002702911764026516 -0.006121227959096357 0.00022983744065039062 -0.0033357741976511447 0.004471355577644182 0.01356459640754639 0.004106810346916772 0.0019624684257244372 
1.0103252928001996 -0.0037500268616857814 -0.01047377468302897 -0.013795783084132299 -0.003428139863063647 0.0009321402445893105 -0.010216979952380729 -0.0014717486637635588 0.009358791889364601 0.010843155196600882 0.00022283447872556412 0.004167241526579611 0.004453910768573205 0.005109566937991199 -0.004020222971349791 -0.0043714562604270785 -0.005703228807178904 -0.021550302743092376 0.015121813245015278 0.003240277064989046 -0.0013911840400565557 
1.0183566913322295 0.000830748984816643 0.009646656691133206 0.003951762171719147 0.014053037492494815 0.001115108412037794 0.0037209564750107266 -0.017905226680515023 -0.002290482688859649 0.012733724743812529 0.001138611445194289 0.0017439010795414123 0.021199956403259224 -0.022175459952379194 -0.008218015184071628 0.012368750517617157 -0.0009927690623843528 0.008141836965143773 -0.0038264349633164423 -0.0014381144160232054 -0.00537294805598112 
1.0447283539680272 0.0013561402834657923 -5.169177697559668e-05 0.00823347701375983 -0.015332941478895155 -0.01949747510594843 0.015668707881110945 0.025943871411223052 0.012382052024097694 -0.024777190259965564 -0.01563598675530746 0.0036163210380599224 -0.0016190720030472437 -0.006317905478905792 0.015557355233481524 0.005086198976787976 0.010137883563194994 0.007254455363177311 0.005730257893688644 -0.004502778682418708 -0.012068473369239208 
1.0180337693600163 0.01578683475229036 0.0006197966851848012 -0.0015410050068216728 -0.0016261674315344286 0.005458059408495206 -0.01154422195511885 -0.00939295568457592 -0.0036223504551287397 -0.005657915079187606 -0.006561748924536054 0.012438259850171841 0.015597985128225259 -0.005458593863890863 -0.0015123917290020526 0.0056187575313141214 -0.003357076702795867 0.00035960516059242243 -0.004951563220536126 -0.009094615546633987 0.0027973035890714593 
1.0438616389913806 0.002405976855238587 -0.015438634428955239 -0.013759953943900708 0.005295904966129055 -0.00022730832159084135 0.02069717713755647 0.0011169723803114875 0.0037904103039080564 0.006888591069250414 -0.0023792852823893667 -0.008622263467086508 -0.016963723541940975 -0.006013742549780006 0.02311953962280604 0.004649153808014025 0.002350986916863112 0.00824375550595012 0.013793456697440911 -0.004203570560442328 0.0004578425953612236 
1.0538195471062406 0.00980862032358539 -0.007907071894662651 0.010594471016636695 0.005880090100415124 0.0036249687896477956 0.007009249260716018 0.0005630821858493573 0.008167138687871108 -0.0057405885964273715 -0.0055477822777451205 -0.007672602943447349 0.005403865685264742 0.012890307747018192 0.006824853778221038 0.00283625511059994 -0.007122425151159512 -0.0030611763484175397 -0.0006758712246360251 0.0024263514436410334 0.016923378423170272 
1.0303699621529947 0.018123438408194227 0.002926340746747277 -0.007864104938227059 -0.0025385639757189164 0.004880346239217366 0.011097054807058573 -0.008928913939169376 0.00343694460865223 0.003402550545547843 -0.009005753475131748 -0.00601272092767173 0.0054195085523237 -0.007469895970419185 -0.005521609827278661 0.00877278087085286 0.00927203898307758 -0.007675177713640739 -0.0014458277608220599 -0.01580527769278211 -0.0060859231223232635 
1.003823511607431 0.004058717019294615 -0.013577317758083404 -0.011688184976881344 0.011618008046464819 -0.004186402187505356 0.010224909580465487 0.006368363272458951 0.0020861567055420163 -0.0063021870690206155 -0.005501450892271628 0.012240671147834434 0.004453091707962383 0.008859978998206447 -0.0062504808976288385 0.006161511776904881 -0.02109121822251278 0.008243045570782512 0.0027967300441875636 -0.020099039941715184 -0.00010154879040608403 
1.0005298386671473 -0.011760610040309172 -0.007988087879500264 -0.0019643681191912187 -0.005152908165249196 -0.0022819854403822474 0.0014376801869705291 -0.008897985138615339 -0.002166819393982651 -0.0037748814136925064 -0.0010638923155431215 0.006519527830785561 -0.005468174945820976 -9.345718810341992e-05 -0.007160546179081221 -0.0007887425370270577 -0.0025537662587850002 0.0008798040626080824 0.009882853809031101 -0.0003922192189428518 -0.005278140995712667 
1.0308035193912315 0.009580643677185372 0.010963787472765742 -0.014896841988888045 0.004789500815395936 -0.01298029263726481 -0.005953968714299044 -0.007757600782517572 -0.014178181965253651 -0.007792229650692301 0.0034251591322692976 0.032444747610137374 -0.0025361523887308885 0.009577217758483506 0.005389106352633812 -0.000807628083762946 -0.005454216232762572 -0.01707830355655507 -0.01141614752599566 0.0012974971469205167 0.008780757847920014 
1.0087801825694533 0.013284610917937163 0.010621138320773209 -0.003912375050516938 0.005522006923271784 -0.004659998109010942 -4.32345238214886e-05 -0.013525284964188403 -0.018458922623584166 -1.8880376788348222e-05 0.004941370022337898 0.006750403188065056 -0.00225273973416096 -0.0038214693022171654 -0.010508357706302419 0.013033215017055016 0.006287213573560705 -0.000414448872680904 0.02496877822476389 0.011757074067766533 -0.003426239195811599 
0.9817272711057337 -0.0095231435826705 0.006881164540724132 -0.002522587075275884 -0.002704343004576735 -0.023277585912751725 -0.004325986145783061 0.0020319206747352733 0.001543915333415329 0.0024979499217211588 0.017886496935773846 0.0022130202046454664 -0.02132299771165312 -0.0017138859131112013 -0.014958360884638007 0.005452509773465079 -0.003955660638989614 -0.008157526175165537 0.005744863433714157 0.009254659344185295 0.006429766515740586 
0.9801788868305289 0.00596353579421839 -0.005400096888321767 -0.010501859702908858 0.009993440778800823 -0.006912879390368535 0.008413444154394208 -0.004782618384197268 -0.005072018620862504 0.0016643911525686984 -0.0014722814423286587 -0.012731336688058597 -0.0017307153311554519 0.003829368930299325 -0.004497046309548892 0.0075362585954960905 0.0017406416363409157 -0.003980957104116586 0.003191439871744742 0.004787538718277783 -0.005932584462454516 
1.0025447398696474 0.0005283476298045514 0.004467440811697044 -0.0006498787485250183 -0.00019311210632258884 -0.00792245071910344 -0.004614850152295408 -0.0003033746337357181 0.0035620009375258894 -0.006424750467932302 0.006179103004036655 -0.0028087500380107643 0.0037507992130392295 0.006562886042937245 -0.01036158996558539 -0.007823737550308876 0.006831393934270703 0.00404636112330684 0.01967790551319071 -0.006379374931174983 0.011596416939997007 
0.9724650500528963 -0.006839020755514125 -0.0029551473439828712 0.016683019567059514 0.01228768711190351 -0.01704414419356137 0.00044225771980827954 0.006562889982179423 -0.004000119091182115 -0.007369534805149908 -0.03050942121733099 -0.008114310988877504 -0.012997160868638249 -0.002224060774537355 -0.0033642084860301662 -0.0113458553165898 -0.002763130369339371 0.002433518187681453 -0.006044347318480915 -0.005939622003808011 0.016372699117916722 
0.9799933696010055 0.00602928144483323 -0.016812049542261138 0.017015141612527627 0.020407126619237107 -0.0013435228196546562 -0.009854089917888867 0.002979425570480641 -0.028041548629950716 -0.012193763887297695 0.007353605585765344 -0.008558021060222791 -0.015075364964909879 -0.00298603689598266 -0.003455458748106776 0.018473377996565683 0.006955040922990587 -0.012008732054593923 0.008479392109828189 0.0006691685089876474 -0.003354744179869172 
1.014467565805086 -0.0015862430295202085 -0.01416301846645585 -0.002755533565759644 0.027494287426037007 0.00384231464963888 -0.00688003644146817 0.0035749737170977453 -8.507212460674062e-05 0.0026034370727223977 -0.015391796525895424 0.000937867121366719 0.002076369085050949 0.005909628359577099 -0.0007841023571782887 0.01687457548729367 0.006751458225927927 -0.005139049825496242 -0.00531810425375357 0.003956657232533957 0.002825278603017898 
0.9843343545256427 0.015726113283240015 -0.000977659770026492 0.00011028595611204382 -0.0019454677545734766 -0.009213177221358145 0.0034433447107972553 0.009292793198437291 -0.013508383596887798 0.0012656443222339292 0.0014235366134369182 0.0047679955533081785 -0.009513626239632741 -0.0048881340993163856 -0.004200134252042456 4.308686246414944e-06 -0.016550848691181667 0.006309457001734864 -4.012241267412157e-05 -0.0056200957492399325 -0.002351410035944267 
1.0306608828000339 -0.012624798493907444 -0.01235449024648154 0.01323527987504729 -0.009036485074899514 0.011363480413556016 -0.00021862101209803013 0.009316362534576636 -0.007236210279097465 0.004545932764124372 -0.01985340955951318 -0.004709216664477731 0.0078012525987957975 0.012335437914983273 -0.0034754272915275635 0.016319712225807907 0.004382633370521647 -0.0018956786137416155 -0.0010903409592951357 0.01630595753302411 -0.005589391469386426 
0.974246446318476 0.0023808846633888584 -0.004758389104672248 0.01839645826796551 0.00466235854965323 -0.009292492267957062 0.0017900484402899844 -0.006537127026225988 -0.00597742360195485 0.00553666521183522 0.008208904547034988 0.003788052419890462 -0.01926067110623267 0.0013607700089476947 -0.003647381348354941 -0.010881449295951712 0.009904543068099602 -0.003248503670392903 -0.011068437313266772 0.00855293977101665 -0.000479776683201925 
0.9887501551323538 -0.00960058439910985 -0.0053455686332572255 0.01994829914650226 0.006965706601080258 -0.0017961912351799336 0.011673496959735203 -0.0030678878270968234 0.0005675949206394996 0.004605927242074169 -0.01370770198237031 -0.005958075942368679 -0.014305075554039171 0.004803351519351508 -0.0038435714030854 -0.00015681208486579792 0.0008977039917335292 0.00847329857408046 0.0002727183340243538 -0.009286431774011483 -0.005614804376577154 
1.050928197701229 0.005277847308582729 -0.0004772024458001156 -0.011336708844456134 0.0016262300792519952 0.008378177828177203 -0.011417420742526113 0.01858252723014814 0.002364823074430356 0.008786514437332183 0.0036072220820200862 -0.004144247806317615 0.0015166832434173974 -0.009979040652712039 -0.007649170500910954 0.010409994153381204 0.0031175767208255897 0.0005827774560952757 0.009453394092809327 -0.0029471096557987957 0.002575737885383584 
0.970924163586156 0.004547577001864873 0.00753357775738506 -0.006239802443484507 0.00035804792692437196 -0.009071716720879764 -0.017111400156803916 0.018667183002880033 -0.006649460440305819 -0.010506616053397559 0.00779079827893296 -0.005867397877947745 0.004846863265703031 -0.019114102623294237 0.00039540543288334065 -0.001133733355115393 -0.018186585494211628 0.01406270307721706 -0.0031328227656681885 -0.009424934205012047 0.0002728228300307966 
0.9914330772248288 0.013347855837672713 -0.0027207553438796505 0.02014063826678104 0.004004252855215975 -0.009130823702747733 -0.0018328418650346474 -0.005024534965967448 -0.009684812610370188 -0.010654098894626818 0.0027204110211005014 -0.0021620558310199603 -0.014250756737604349 0.0048594031670127795 0.008320029561751444 0.0007908182599884283 0.01688140334864233 0.005221397382860854 -0.015433780275670652 0.008448229725004289 0.006539416883277486 
0.9798957523246214 0.004348465834870878 -0.006371008244043252 0.001874735811202422 0.01814360082688055 -0.004411835752141201 -0.0016015937733662444 -0.0037502557382461843 -0.00822581578953283 0.006584358511566617 -0.018781867098135095 -0.00804844831979915 -0.008293706766091981 -0.0012725102854940415 -0.002883505196710568 0.0027925959903825986 0.002486195127364737 0.02277873060891147 -0.01922976829665128 0.010056033109794568 -0.0005867807966936542 
0.99724112072788 -0.0016558865882334954 -0.006103231876801725 -0.0004129880334338286 0.009417634545260392 0.003447839878700577 0.00449726800359894 0.0005336209260518792 0.004690728276731693 0.0022463550987628224 0.003992551417055747 0.011910467062271642 -0.013621517540495027 -0.004826041117011892 -0.00645234764081961 0.018441943866893372 0.00458896028323164 -0.004135557673213058 -0.009689481279624592 0.014246822520602241 -0.004400281855014677 
0.9811359254889566 0.0006013026076668993 0.006389355489937104 0.013039312283240623 -0.005969376789299298 0.006099011984647193 0.002798448897017352 0.0073941286000367345 -0.007282618217529824 -0.019143734035784083 0.015883558474903078 0.007962900454364895 -0.002453651192414359 -0.0024781577875000924 -0.001010937792989089 -0.009078755153429863 0.015612913563672448 0.001446616225068054 -0.030231222141449493 -0.012370064283027732 0.0028873134056570933 
0.9451817720015638 0.014646543512765231 -0.01192252743299005 -0.006063782807637687 -0.01697948055207009 -0.0022026259106131952 0.00041071556461807097 0.0036077593469128837 -0.0034575124253491954 0.005805909947061012 -0.00029793549413384727 -0.016821146916089363 0.01023665059070984 0.0041297458216881106 -0.0012716303162679289 -0.017072451721102003 -0.0005365052718251987 -0.000690081551236741 -0.00882353424773439 -0.005994530059876257 -0.015572710877693824 
1.0151287608756019 0.0024151102656046713 -0.006854799084523394 -0.007466094359922115 0.003778297053809928 -0.0024125813388363123 -0.0025093249848382026 0.009452129589665351 0.007357458008023096 0.008411937722661708 0.019386344320832076 -0.005638125597070289 0.007386501031561807 0.0033555708340557693 -0.009186977280484464 -0.004260086075574804 -0.0037934030145310885 0.008045660424411297 -4.2137554282429294e-05 -0.016835582470406223 0.005007763806454175 
0.9852609362438575 0.0013139790643723968 0.002679302219835699 0.010929916743155755 -0.018101422874554636 -0.009018779443804395 -0.004815671597481233 0.0044866799860082225 -0.004019875913016809 0.010772509369888794 0.002873162016744858 0.0023518182617020566 -0.009808554732409354 -0.01460114354717831 0.001257861069177865 0.01659856483139765 -0.011226572312425902 0.0009492214556374952 0.001981889144615673 0.020357543202274956 -0.013101699669642782 
0.9923153019962309 0.012635164488770145 -0.00013142013702885757 -0.011025464861123336 -0.004757087710190454 0.021751329939312534 -0.0004748555751843108 0.013718107433874843 0.00534737235950168 -0.015850368645503782 -0.019737400203064002 -0.0013955695264620139 -0.002338254782592247 -0.0021670258400494076 0.006723430065050313 -0.008014663153664208 -0.01649956992171067 0.0006613014581425813 0.013665285035378415 -0.00989411699433186 0.007555486081401927 
0.9238850502040141 0.01250415008350133 -0.006448819440929046 0.0013856474162596106 0.004001658458384969 0.008891933016409628 0.004064938514148615 -0.026061730515567753 -0.0015300811925602956 -0.008751535908642628 -0.0004514300570183905 -0.006281230406438985 -0.027941775647189818 0.002588958377170269 0.011324873902392977 -0.00024038731400907626 0.009539948409824129 -0.00858109801337174 -0.00018894305948219915 -0.0029626251494365044 -0.00925440778178744 
1.0345394871792017 0.005692737175675826 0.007053039458298498 -0.014005090554122688 0.02347212289772268 -0.00021101636065682473 -0.01922292968065176 0.002281920848029943 0.003918797279875976 0.009354373194030416 0.0036237537818161213 -0.005549955188889424 0.012974644683128535 0.0017939647652401444 0.013033790341753145 0.0009831409159622932 -0.007273763678692698 0.0050772612886849 -0.009305587572639164 -0.0006045287746470347 0.008122816795430532 
0.9797166159142665 0.013755166042472193 -0.0011685990503754375 0.00475988096887983 -0.006923737821653326 -0.01305063473967828 -0.008328577424393347 -0.01357411122766732 0.018455238042765578 -0.00024166661688830693 0.005340674563787769 0.0019909388461113557 -0.0037909443426029574 -0.01123957742596271 0.0035624430576472205 0.0008061565795345621 -0.004645015112783652 0.0018595890363204916 -0.010254338181614421 -0.004399049880687141 0.006532636163550918 
0.9933648649688104 -0.002076357071916872 -0.004113865624179564 -0.01000725683355788 -0.006774778039044186 0.0036906878470869685 0.002138940772491372 -0.001186263592836502 -0.005704483413828948 -0.012289868533554989 -0.01894452888563679 0.0036317016177285144 0.0001921793858002869 -0.018822850880323674 -0.00988036954115571 0.00022833882972282717 0.02032919049211604 -0.003958352354686983 0.0100229700282321 0.019137315401860755 0.007549940420953364 
0.9526755489420785 0.01975447175197317 0.00013031830048044658 -0.014143306879419676 -0.01718959886612852 -0.007980691427963489 -0.0011045666804994022 -0.004795959295891858 -0.012871597841016491 0.005050582782544464 0.010193620850966534 -0.0005720891780087768 -0.008742802358516476 -0.0030466044216260497 0.000736000430463411 0.0023068223600126365 -0.0144495445987045 0.0047045526642294725 -0.0025076064097484005 -0.013945241674582401 0.0007902596301653124 
1.0216208766261752 0.012317430001650639 -0.012266465891598355 0.0045303561244802735 -0.003370468269774042 0.026476585754308946 0.0018153107362786454 0.0014063024260466443 0.004303400954614072 0.006103356534180914 -0.0028033116066685923 -0.00046501234590784344 0.013410019912625356 -0.00037595639301403775 -0.003284344638927669 -0.009841884365719557 0.011207265046235678 0.007531112162342715 -0.006057198382981667 0.009765007132489251 -0.006071190907763165 
0.998964082164614 0.0018150639054425116 -0.0032678787356387605 0.006421426392007094 0.011646814524277216 0.001719398049468224 -0.002513654194309742 0.009405151848760942 -0.00992300273799767 -0.008562667090768042 -0.0043099066382179104 -0.011061275807844233 -0.014680451228801019 -0.004913190130862686 -0.009840725457811188 0.0037765899377924118 -0.005953357440459527 0.01012295273551726 0.014257569998286684 -0.010602631821979836 0.020614361278605713 
0.9696478950639379 0.006255125926932597 0.002978759781250385 -0.005605444722114451 0.011641169813768207 -0.02646991680787896 0.006005653501916587 -0.016831915686606802 0.01571534459456852 0.011370251338890665 0.0033542135155482785 -0.002491796327621939 -0.004868043396042008 0.007216255495763293 -0.007902954234782355 0.009920489030925086 -0.011132336295962384 0.00047983170899618024 -0.011345977122358712 0.007924730528658165 -0.002265970528710063 
1.0352574310944065 0.016803316322793155 -0.007412219203128201 0.011577273650410011 0.002353845714339716 -0.00022025019587475312 -0.0002670696015908777 0.001191675339479037 0.005648515609314325 0.008888081144771385 0.0033794870182599613 0.010819701668355644 -0.004734898649636003 0.009206797576274522 0.017643464283724625 -0.015466178539889687 -0.010558890690524344 0.0033044587415201427 0.02834583194360006 -0.009107352396283018 -0.006995319256135558 
0.9640000212824209 0.0012217117249346612 -0.001259775059894093 -0.003910631341847867 0.00436389198027442 -0.0024848185113316517 0.006350066695169864 -0.004635982137910373 0.012199628625168577 -0.018876934733350705 0.01808348038281437 -0.016797132633881447 -0.014800979447349273 -0.013247654849178907 6.832874767937173e-05 -0.0035330875795426377 -0.007923967698986902 0.0070330007423412355 0.0046623942314637425 0.017117358101952113 0.007856589819489543 
1.0312446405493116 -0.00866875807177476 -0.008054371967230346 0.01486578859054336 -0.012320247912153342 -0.025133595652475443 -0.006877828081708426 -0.0010591570231275025 0.01599119195308362 -0.006017079831586398 -0.008760637869196794 -0.002684157423324703 0.007258630123870762 -0.0012895991889392065 0.015330276789669783 -0.002484689255839101 0.017359304938986773 0.016402488660320326 0.008366564160680939 0.0022604168037173755 0.0017516951720331967 
0.9866207662117658 -0.0064072172795188054 0.002969494383770046 0.0024203537394830404 0.006624045968012772 0.008173017182062634 -0.0020600895883171543 0.012081405230238944 0.021254373561963774 -0.004462816293220203 0.0032993367571249187 9.871174196516641e-05 -0.011068124807201716 -0.01694074751793323 -0.0035710204149417986 -0.0004050329891267216 0.010651731960328896 -0.012734441595492607 -0.010614985005570201 -0.010526048076888067 0.0072887916082491275 
0.9687987686107261 -0.000479495716629484 0.009252316873620945 -0.017525005732238426 0.010611345184439576 0.018759927438457648 0.0039581570440146985 -0.002933144931519317 -0.004733561276549746 0.009173211359595639 0.01348881025985361 -0.00540779662532089 0.007667351587853204 0.003341492096587392 0.0008049166758042852 0.010717340824871538 -0.003972118194023275 0.003673950482903164 -0.014165944356880025 -0.016899700664524557 -0.023146928317237518 
1.0400553383296072 -0.0010738222860708544 0.011171913995480752 -0.026155620207497718 0.019466132347791865 -0.004799669822539959 -0.0030014165282787153 0.010900762682111318 0.002588006161981117 -0.00678058712306959 -0.007907953689075795 0.0027351132912254747 0.002034053523910874 -0.007259263502726361 -0.002202355251674486 0.013201533326716435 0.0017512646560928062 0.012639680640196684 -0.007992437827264165 -0.009562509915331106 0.03460257687821155 
1.0650098385482765 -0.005489321227918335 0.010016267505272465 -0.0009993568410185207 0.003983028319778225 -0.005074105431372528 0.008552086304899323 0.013586041099034413 0.0037289210295251103 -0.017592088279886058 -0.011611639802933827 -0.000456442850239456 0.017344856300218675 -0.002498567905446971 0.0070439053330873915 0.026282706314610098 0.012776138839323683 0.006665914341350189 -0.006503396115225367 0.006374724884147519 0.0019123696876144312 
0.9675197654509868 0.0005995021785405051 0.023015036992210004 -0.009328568375482486 0.009467310548976666 -0.00483296205034327 -0.0030763542687862935 0.007833749847858933 0.007498303882465127 0.0057839324849639625 0.010717672544977878 -0.00369451727755301 -0.013328188116040026 0.007657412219387284 -0.007778070860341199 -0.0129078371599752 -0.0045775366093422495 -0.0021287774331706488 0.0012503057354579384 -0.009637886758712258 -0.0005150266537399861 
1.0525068744214112 0.00527112814591457 0.0044490933444698184 0.0007441796975097102 -0.007933668741562195 0.008326421649354813 -0.0011642239487743152 0.014275133758922762 0.008477478421994995 0.001017163430803022 0.012826872262328304 -0.008456202799904562 0.012307301495276242 0.008461553322106432 0.0042232234229320495 0.013010736781355092 0.003194532225157611 0.002450312449385766 -0.000528382159776523 0.0011731058732197786 0.005831277143892648 
1.013076637637117 0.01472440131984767 0.018522353344486743 -0.0065664548316680124 0.014368333762786128 -0.027270825352299466 -0.01156242747835897 0.007614153011289148 0.0063898005524782335 -0.00720161822669866 0.018406013786157954 0.008408498560458371 -0.00023655975738452254 0.011796521016505775 -0.006639091790380276 0.020191694205143107 0.0038085364082762335 0.006621976363474218 -0.003597544647102143 0.01391158489498189 0.00661161618816703 
1.0132987612796973 0.0008794277815405135 0.0014309109570225737 -0.004540804204567244 0.004606530521872931 -0.01078788501441036 0.005258313061226026 -0.0025402670421709682 0.005701952600036567 -0.003973782061149837 0.016856617680207187 -0.011406488922435466 0.009102609800413681 0.015862500997647546 -0.0038043829490640667 -0.012516586006368116 -0.005083160702498332 0.017121925938567133 0.005517524222714645 0.007246827122151499 0.013681616453735435 
1.0209822030250348 -0.008969241325636349 -0.0014872040152926857 0.017283303405722542 0.00945328033324678 0.0051268100299685935 -0.0029700506413374507 -0.005397426392838095 -0.01224292909590318 0.005874473714419641 0.014939353441243848 0.006765426718196414 0.010762804592766087 -0.021429366326112628 -0.001628099321423779 -0.008030524760088545 -0.014176453448787435 -0.0024697946625664596 0.019076621468275524 -0.007324806615805896 0.007314548805147585 
1.0501159588897375 -0.008202010836655036 0.001179120870446561 0.01102628854527953 0.005590905970689139 0.023269516501199825 -0.009229471377288676 0.013514400237596386 -0.0001806813528931311 -0.0011099601740634827 0.006050476695250131 0.011980201843120264 0.004342111551684256 -0.00942990287831918 -0.0035753770054383865 0.0019376755646651693 -0.01090748451117342 -0.003939492072204483 0.024832326748197412 0.015552634288962102 0.009975162983820797 
1.039206797240208 -0.00807752167028079 0.0011764226593810657 0.008485700666835854 0.006625811866839692 0.0006931524047223145 -0.0070372996839872595 0.02662299206336806 -0.0017128149221787518 -0.006765910315635046 -0.008265157235759418 0.011556878924984183 0.014714934823831316 0.0028350729551394316 0.002604870287958313 -0.000487383244021814 -0.005807795990467866 -0.00449795960663524 0.005726152879847072 0.0025999293436573495 -0.0056304326099225355 
0.9530544875675945 -0.006682428413038058 -0.008273752951122884 -0.003090545845492716 -0.009222717402306294 -0.00026213245625782784 -0.011391767885611427 0.01753630995940399 0.002302891407553994 -0.027250592559119904 0.007044038131357756 0.012600273539923702 -0.0035004392541811724 0.010392571786059481 -0.0012772795478253952 -0.008100336396307284 -0.0036509880042335753 -0.021432173116557148 -0.01776827312033593 -0.008404096836488368 0.011109483361909879 
0.9678635057825514 0.0066376262781909735 -0.015429787608646607 -0.00030478953176652656 -0.0005624375263305674 -0.013210656954699748 -0.012434178723591593 -0.004769666665450641 -0.0008620249605432084 -0.00627129146192064 -0.0007374386449413659 -0.008417508379004927 -0.008543097356128728 -0.023414975130809618 0.0030977073833902357 -0.001521757968763333 0.009551789113439624 -0.02379039436953694 -0.002212567996802331 0.001064653036601619 -0.0008330144153610576 
0.9787905720967686 0.002199982404267791 0.011477064702133779 -0.017018767995519515 -0.004026997132163213 -0.013788167973143504 0.0006245597469250604 -0.005662161005405826 -0.004076537917290678 0.018230379836762286 -0.010402672939947035 -0.0001278336657465618 0.003124715011772466 -0.0034167091525809986 -0.018376476557034754 -0.0014760856875188691 -0.0027824383963328215 0.004929624551525188 0.006594792762096378 0.02220725805384945 0.000825099868275606 
1.0175773688899066 0.017109326029690897 0.0025969311066407325 0.002287394708158474 0.009054033842129239 0.019507279653672525 0.01814639614828495 -0.008528392225271563 0.01533863831297143 0.004475149604283721 0.007412830296731276 -0.011248692774623132 0.004877029538717862 0.01663756272720001 0.004135728833227971 -0.0026178547899075918 -0.009103033279893936 0.005258463421130462 -0.0014115242043409091 -0.009370002904026278 0.0015968246874604023 
0.9642314576901465 -0.010333231834683574 0.007057222830173296 0.010195671540645433 0.003251006493099778 0.007748387883249674 -0.003665634101804441 -0.014669251023145362 0.011074491716988422 0.013932153522666791 -0.0016617638373534421 0.0009600106330315401 -0.005887973767678797 0.003263067818032554 -0.0032294339946810835 -0.014348465301759504 -0.005825472957976716 0.007697182952241604 0.0056428426395104805 -0.01247110005507359 -0.011946353842278871 
0.9862728180342754 -0.01314095174812423 0.002868465336205944 -0.0015388530091535785 0.009641107808551522 0.0014794672981165065 0.0037899696888753416 -0.0034898472278147704 0.0075202225341344155 -0.009200671914239655 -0.0035478837407562375 0.0006561730230701906 0.002117502959275283 -0.019990834415945232 0.001995294839352173 0.0101101741773566 0.0005374969346736832 -0.005468616422905493 -0.0023606182695580786 -0.0003819231177823254 -0.02058842776507817 
0.9975906176759631 -0.009580984789590767 -0.0013669379912832175 0.010051837780331776 -0.00265659777717386 -0.000161542689937443 -0.00783980084353027 0.010502077431936117 -0.012033627658029422 -0.01391136558836192 0.0016987467814014248 -0.007666363275634269 0.01004980126235889 -0.014670944284414962 -0.00892075776364342 0.01903766290072761 -0.014640433971615501 -0.013272461400157094 0.0006501599085641177 -0.009648537940453974 -0.00365678695765815 
0.9765772133261926 -0.011047432334022183 -0.002714108578996194 -0.0008688160988235305 -0.011752512988071107 -0.0028961245053332886 -0.00023057817171684127 -0.01519466972834352 0.007721026715837166 0.005579755090895744 -0.01161961875397717 0.000979572548305425 0.015165126865250565 0.006521609154624762 0.005011682487263939 -0.0015021319180375144 -9.881769711892926e-05 0.005477819661780645 -0.002499112215977232 0.0026580018565313156 -0.019935382374812044 
1.0239379295217013 0.007803350234729052 -0.0041112646112058246 -0.0006933042005388601 -0.0009945954383031826 0.011768180972180733 -0.013108289422411481 0.013918197342904328 0.007388300236642049 -0.0041347027745452245 -0.00648197375344292 0.0012981874790550648 0.0016263270815466302 0.003637467636575759 -0.005546283706788354 -0.0021420615046993086 0.017489302019776526 0.010588426497715232 0.015286639200301742 0.003408461790375328 0.010585762140849187 
0.9311544520803486 0.00845229136816987 -0.009000660399995027 0.010848682991819465 -0.0048411706647997635 0.0183653057661067 -0.0026717156130348844 -0.017362798802427054 -0.010911276453986707 -0.005161658868288602 0.007137595216322683 0.0015767080571471993 -0.0023140037508238296 0.002968677986588103 -0.011386303695625228 -0.007463231444813255 0.0020279465059857447 -0.004591693864004727 -0.009814073059351055 -0.007459508372214539 -0.0036884138582453175 
0.9281236781435022 0.0006905226175984197 -0.009244044133733219 0.0072425350952434525 -0.003803208444850462 -0.00041110454150551965 -0.01381115993576291 -0.0023841470372307585 -0.0010656761792886204 -0.012859347932829827 0.019290916149945415 -0.008080202903732988 -0.013637089329702139 -0.00410617804951228 0.000923356464608918 -0.002638242057593481 -0.015575875534259005 -0.017649281244590406 -0.0023848491599262078 0.01484248465179008 0.0018949581096143278 
1.0039313407299335 -0.003478160475514623 0.0062961071655834415 0.02035164494795949 -0.006889389588682179 0.01579975544249136 -0.006475980314517474 -0.006933741055168195 0.022403439921719497 0.010952963967402076 -0.0007000058679232715 -0.0021849366875521517 -0.004409094139041318 -0.010332502969222553 -0.004674555503069291 0.005528776484962534 0.012776827010976885 0.0018242096708393136 0.005198415929422494 -0.010900319275990613 0.004250387686557477 
0.9584972975474643 -0.01672493602087138 -0.0065489331893596615 0.004482994261022833 0.009820204031689933 -0.008497318826900047 -0.010888983857204581 0.002007452302677743 0.015349999934006526 0.012332530866307595 -0.008286989892376357 -0.0016878059266492173 0.004410807122587815 -0.01478992094010574 0.0025008703242801566 -0.02439861855379786 -0.01719847845869475 0.017404809437965525 -6.719514462996326e-05 -0.007625458489003831 -0.007553310357136576 
1.0088315878618088 -0.001251383314248564 -0.008070748825491534 0.02621178881429506 -0.008521357434386962 -0.009187415568290195 0.0037546165699875785 -0.0018628648195082973 0.004310455046763168 -0.012046359528909872 0.008382685710125671 0.022027133668264094 0.011606741354016766 0.01138397065721612 -0.009863744199986695 -0.0021110411368759816 0.008332181214493698 -0.005965011502960352 -0.009140211480214048 -0.0009094369548109665 0.011804498662997485 
0.9711056955839525 -0.009433941902572287 -0.009567480359404997 -0.002232636548949085 -0.0028947986204979105 0.01577349985093564 -0.010469185576986373 -0.004364306660711241 0.005842801038883895 0.0064887752127869075 0.008233005037680383 0.009752758762590739 -0.0007338575455516738 -0.02511372312948785 -0.0001748478288016993 -0.008420424998734773 0.004751951267965789 -0.018800666616407682 -0.01513619867681579 -0.0035011583386807925 0.003826594596915593 
1.0054503468744191 0.008155696869344224 0.007582147531205281 -0.0019192284695829856 0.026289426525353505 0.011230966019655807 -0.017730153769370996 -0.0057646870087564184 0.003779379098869183 0.018193803067125307 -0.007897825793171304 0.004896996127741049 0.00827338002329044 -0.010674886703920717 -0.0032605798346575375 -0.005695558663824303 0.015028346588708443 0.003734955192285731 -0.014991092771717913 -0.0015698875472521178 0.014065486440807837 
0.9948360114431496 -0.010475259192800021 0.013272462286284748 -0.01833010245961654 0.00882647686846131 -0.008305640075538424 -0.007447366658636144 -0.004256722245820736 0.007552904580773659 -0.017540901058805635 0.00953031167592706 0.006275316328103777 -0.00015202352310048458 -0.006471470155346627 0.0022198634513848196 0.006015010815193973 0.005524116447648591 0.006976635413854602 -0.01930559027186742 0.004800929220713029 0.005325955433855862 
