column1 column2 column3 column4 column5 column6 column7 column8 column9 column10 column11 column12 column13 column14 column15 column16 column17 column18 column19 column20 column21 
1.0141827600245201 0.013823922245284694 -0.008619427184654704 0.016093894898298763 0.0006455158311791105 -0.0010585717785383411 -0.006697537606409203 -0.015021879628244243 0.005723416049970219 0.008678926199957781 -0.007882517475932469 0.010200126630671982 -0.001892960682130931 -0.00892151766125737 0.018023720449317607 0.015442758183550589 0.013018691813767566 0.00279156075991448 -0.0031698878110047422 -0.006919201056635193 -0.011863845954687606 
0.9891535148046888 0.0016154480900660876 -0.0033915227871494963 0.000964414804718156 -0.008218691040596818 -0.01568661829469583 -0.017272270055399983 -0.013911109709270843 -0.010475473038545813 0.004838957509772144 0.0026454433616849692 -0.010027777392342443 0.006210053430798775 0.007733179488267917 0.009665187907331776 0.00647061530281621 0.0061888386379497584 -0.012739025307685163 0.0022533802194855553 -0.008841272217407966 -0.0019941994547073806 
1.0370055509018312 0.0009027713184462825 -0.0009372462428050081 -0.005334763665100143 0.020619338616049535 -0.0064758047352101045 -0.0018942883486953483 -0.01264749492757019 0.009797028915202195 0.005853937731216409 -0.006103948362324475 0.0070540269052535975 0.009997716978827776 0.021566371166134433 -0.009121229225530582 0.0032819420382449544 0.0057742927347515715 -0.02211436800672836 0.012342963719611256 0.004553738907174225 -0.012960518680548932 
1.0115360396035968 -0.012188071196071782 0.007878361578543177 0.009740843796033374 0.0065643184308782215 0.017556233646907587 -0.00493248124340933 0.0018239742386703278 -0.005464003885142918 -0.018096336395031415 -0.0026955669113688575 -9.096056590551506e-05 -0.012544664087014766 -0.011818830925421672 -0.0002814582160137767 0.0036087964454438177 0.01127123996162887 0.010393314211684643 -0.005454189510304787 0.015927003517452736 0.011030861378767179 
1.0004474632799782 0.008171029524398599 -0.011443851920975714 0.013524029787681259 -0.006857170344694611 0.0027870428750598314 0.0040082186957967544 0.0044649652235429355 0.005066882914696595 0.014583219458928801 0.0037151468888601087 -0.0005718857096344851 -0.0025252074466099485 0.0013424857113882097 -0.015234578427566552 0.010667666020358202 0.0021004080152482348 -6.871331357537185e-05 0.004174430365883307 0.006913280209559645 -0.001234367853514515 
0.9605677499036853 -0.023236648123878104 0.004217778400992669 -0.012997807804780102 0.018101445576052526 -0.0023702667439942492 0.0038235592889607514 -0.0036933866856334176 0.0037960890669005327 -2.1071725997309266e-05 0.0032417770314543183 -0.008726825311445165 0.0002990502949768073 -0.023116723005535054 -0.008316550185425946 0.010078773713088168 0.006785184409274806 -0.0075446513245938755 0.0008331625814890894 -0.005112154474204087 0.01137801921282804 
0.9691209042752902 0.007519918637314854 0.0022941059874391797 0.009378350580339305 0.0015407890796640302 -0.0016965830439199308 0.016882825713964746 -0.004446743896366136 0.013908907298139293 -0.00881905776355711 0.004545055450960311 -0.00040205636116345095 -0.013461945464875016 -0.0006219698141611195 -0.01658656496071372 -0.004647689972089673 0.029559540495415502 0.017127338449043177 -0.00127352099346542 -0.016188661244507126 0.004874664389035604 
0.9912908285502693 0.01394447257178928 0.002350398042202641 0.0034397267600999692 -0.009996868644976993 0.007887200605273006 -0.005077134207259504 0.0013566325009512442 -0.00573633978394148 -0.00015472968461626381 0.0012999853000766534 -0.0037476326312894247 0.004903247484254564 -8.590517210474179e-05 0.009423020721474832 -0.005499229564774717 0.009607413705088894 0.00979681934109529 -0.016157173453916606 -0.004514240478665733 -0.01333717229196047 
1.0022929928990352 0.011770238858849825 0.009127574484600663 0.01100662486803766 -0.0030419464558299877 0.00018798241132162043 -0.009171192807762572 -0.006632311568942747 -0.0019608559278319767 0.0036242129836732877 0.0027794003502486907 -0.009963563336124791 -0.01685761738229346 -0.0006747740534514188 0.009990616819028278 -0.001304199270012319 -0.012618279487381444 0.013374838577330761 0.009624267950157792 -0.0025111818726355844 -0.006644567295690264 
0.9708891929536883 -0.02400006640869409 -0.003972906532932601 -0.0021545702927004435 -0.0014111507188215627 -0.0043339084782752025 -0.017552857793861516 0.016745076058480607 -0.016559698098755078 0.008340360303470167 -0.016605851784777192 -0.0036449885923530195 -0.008742932977668613 0.006241238052043567 0.0010335679248512884 0.000294789909194588 0.014744972363904978 0.018523350606705524 -0.013999003596314544 0.013516860620429297 -0.02092872851043417 
1.0055658532276126 -0.018579292291887185 -0.012256129770308486 -0.0023855169879804655 0.00937863609505992 0.003475482712109566 0.016503047797772466 -0.010613071393369334 0.009945777135250961 -0.006717407958948412 -0.014802390917486918 -0.010829576512217371 0.004320317434484881 0.0003801083966114607 -0.0011514474020575072 -0.009265043978341833 -0.00939412503067739 -0.005481973801824831 0.011133538485033831 0.0025337925811482736 0.00524396945860911 
0.9781185822468661 -0.005213167135422665 -0.0048811445783270005 0.0002744089122923382 0.0032630070428516823 -0.016237274357477828 -0.0008687158219816733 0.01907731640087014 0.002262545442012629 -0.0054801050739207 0.011091967096553744 -0.006974689907922326 0.000900246541834576 -0.0025224643532795817 -0.0011630376511556223 0.01207079822469074 -0.0070737247437358645 -0.0019213390042020174 -0.015175845807839861 -0.002931272851827654 0.017348032448574125 
1.0043501032477966 -0.005478919908996495 0.008643535586243983 -0.0025692577131497195 -0.002195011460241037 -0.0012695755514521864 0.002566215027863094 0.013238971746608054 0.005174701329034911 0.013003665115536052 0.011288588737072476 -0.01062722454480703 -0.010146372423268506 0.004589713262786894 0.004731475179652032 0.007709846003544914 0.013368608017757595 0.011304631967463894 -0.008066011096754228 -0.009550129524135092 0.0075453088145049805 
0.9920869762735449 0.011877416019052402 0.003886767815509371 -0.004608518238938769 0.011948534931169645 0.006067679005888751 -0.0016634878299013182 0.014210106299044765 -0.00569011152013054 0.007804056182994273 -0.00806985122049535 0.0025861130679777273 -0.0010596644454647145 -0.011100160779881357 -0.007540218655478408 -0.019297495971091063 0.01946102477447928 0.012710066252221777 0.011791607989951894 0.0019362196678928269 -0.021060260621494638 
1.0460792689724479 -0.008265542595236474 0.013565110182954398 7.976468876721796e-05 -0.0024753463612217012 -0.0018342651270990553 -0.014949155770957059 -0.0016028916295470882 -0.0034891419041475588 0.030106176964144495 -0.009006887244824775 -0.013861448942266645 -0.0027962308166288035 -0.009302884538817554 0.006274451198671067 0.007452078928258602 -0.005620507180051085 0.000578642755627544 0.004249009147698159 0.01806978123925527 0.01928995621243483 
1.040182340899874 -0.002321478912277838 0.010472011644857076 0.021979906452380408 0.014425527250167823 -0.018820489586033853 -0.002001238473348914 0.016961060055592187 -0.0083739019282351 -0.0009911287103906803 -0.013019175159827388 -0.009681154387313455 0.025832171287014774 0.004407235516493774 -0.007697202789723262 0.0007511286069016745 0.0012946580126079771 -0.00616959934426637 -0.0019381241875363654 -0.0037695324792836665 0.004702944579759411 
0.9928606833578129 0.007447616249103307 0.0035978948222964596 0.011509808824782001 -0.009907022114700225 -0.004344724077447435 -0.008985599779855143 0.016709570331104446 -0.01255315241297411 -0.004135206518306662 -0.000707161785345236 0.004735638626512952 -0.0006464209297794931 -0.017658949001256804 -0.005163919762723546 0.013584269238949516 0.01428353846105778 -0.015256666984477552 -0.0022586148533797895 0.004045228095869566 0.021416945951127777 
1.0644372564104538 0.011602285532303074 0.010529827768833804 0.0056444526369577135 0.00426785543009863 0.019105101554169023 -0.034253028940379064 0.012185516400215608 -0.004156177662462032 -0.011887885182683472 -0.011525561501731141 0.01017488290114577 0.005635839901287457 0.001063837312410102 0.0077616648200925535 0.0012928757080194451 -0.0009186916474819099 0.006313788832564032 0.013124528944892997 -0.0041471385998361615 -0.0035218165532636646 
0.9812456595325618 0.004274458444312615 -0.003844274201293689 0.01179071140738228 0.013021614547402964 -0.02998416352351826 0.022956901305405286 -0.024730700838514832 0.006086482825677357 0.007259681315559472 0.0019543426567840893 0.011738720817427195 -0.022311571696503798 0.0020648138942128 -0.00600831610868856 -0.004299708622348872 -0.0008940095789141581 0.009839395126399156 0.00626631513920678 0.004143512816678194 0.006477337514195339 
0.9875624710210825 -0.005425574060499939 -0.002275675811443549 -0.004387605803850807 -0.005408925127307787 0.014187269780621388 0.005964136912713226 -0.00577456845197891 -0.005988823719628256 -0.011445825092518966 0.0020762928142628524 -0.0027117043060578025 -0.003957278653493101 -0.009242569173100996 0.01590372875108008 -0.0038731420334967167 0.017814220523128 0.004931140415197191 -0.002987262954930894 -0.007175174477143782 -0.007527144588013065 
0.9864700070831376 0.0010109910991710535 -0.000329182258823259 -0.015679594290359904 0.004741057343944239 0.0008876191538931756 0.002873141839699911 0.01290620253132064 0.013217845790390956 0.00960714442727666 0.000549610576217624 0.010124639856736783 -0.016581672947120728 0.00536517295852884 0.017625961894041114 -0.0013880676892748726 0.004777364219078439 0.0006203883949973622 -0.010573623473865448 -0.016982607209005837 0.002497606495390968 
0.9411614545585081 0.008770927348881304 0.0063915622449571335 0.006185246691466123 0.015624312184669394 -0.0079571798465908 0.0011274701180848214 0.011218471528047476 -0.0021508949591361125 0.0021432557885250067 -0.0019586983444099086 -0.025177184383992985 -0.005986551901382942 -0.006312991618982132 -0.008125698515230545 0.015538916183465661 0.010928246355220533 0.004615923910395855 0.0007810266767897264 -0.007093223197472983 -0.019996168963797637 
0.9523194921478384 -0.007971427775053653 -0.0019055819666645435 -0.007069595479358936 0.01261898851941745 0.0052222677607587946 0.004031088103932521 0.0014747203896188065 -0.018389089131901116 -0.03030007406282019 -0.0016972331304193334 0.0006640557459411749 -0.005134308749121028 0.0037909469069151132 0.0005248182467754562 -0.013533585359294222 0.030152848521079245 0.010705526410921894 -0.006161170166210159 -0.011786800998698471 -0.010125809968714254 
0.9819292424046073 0.012147753973628281 0.00042592854719520213 0.006252726039447529 -0.002973972026197751 0.004720574869016533 0.007305843403099725 -0.005930640981456925 -0.013992326328744021 0.0022562104927361364 -0.005089610179527186 0.006495497153457366 0.0014630758594108369 -0.01798032941824762 -0.0024439943726867605 -0.0034537283027182442 0.01586040803325705 -0.008721961483885092 -0.0025714744112609227 0.0042681518109275295 -0.004504485028291404 
1.0298871130200473 -0.014075305713084374 0.007163525108168231 -0.005101277283568202 -0.00012192837992337092 -0.00517580182134255 -0.015442309641243825 0.0007757460590579141 0.02513667660292495 -0.0025209299688038595 0.0043999951797633625 -0.021255271166340108 0.02274458631736342 0.006639378499345305 0.0036380947919047103 0.000927689436904459 -0.002855558643335594 0.0016771512550433978 0.016990129107119854 -0.009262877584482456 -0.0013550796280173353 
0.9556997823998119 -0.0012184296233377012 -0.01168861427657933 0.0004099523282191251 0.012323835702983755 0.009031910932406106 -0.01032066605712092 0.011834277725841842 -0.010077982302946112 -0.013711122497636263 0.01056749974957229 -0.008360074199850768 -0.006076125393754794 -0.009471168682686862 0.0015227668279888475 0.0010714708514781173 -0.014001255121781749 0.0015815499129599375 -0.00342917034815277 0.0016977360263720424 0.0026140641276753513 
0.9877044157627295 0.021704130441565175 0.0031814154782560723 0.01578449751811683 -0.004536566457510271 -0.002670260536562471 0.0026181013572052015 -0.000166808299248448 -0.014027561893997016 -0.0001948182942185756 0.002507808986044256 -0.017922716524727347 -0.00930327845905605 0.020265439058266232 -0.017811688059558135 0.018102491485205985 -0.014862314441228278 -0.01007246713904745 -0.003946195703513674 0.006248481497626648 -0.0049022199866547945 
0.960959713537475 -0.0030317763763541027 -0.005374525608716437 0.004333501818270965 0.004776982895677385 -0.019915740502531913 0.0004268545388415872 0.0019704110925868774 0.0029280297158150387 -0.00558928408588029 0.004843585429625346 -0.009562108109448289 0.00038485983886504853 0.0004558830723964352 -0.005248792131378769 -0.016854745160918276 -0.0023658337815480133 -0.001953009094029492 -0.002626713540501615 -0.016648786854118258 -0.0014230518388576854 
1.027000932892149 0.010835803914603244 0.013546211675807012 -0.00644492431356695 -0.010053630984837929 -0.0028962233170871407 0.010885218546773448 0.005581418674314246 0.004442400810851555 0.009281104667970544 0.006429324756319032 -0.01453205225465751 -0.0020320452567951517 0.005531228235879843 -0.004943112991698767 0.016548002738388082 -0.008186687995892929 -0.0030098874396239372 0.008257708328575053 0.012027511467005782 0.007210477596030548 
1.00942561672629 -0.006210649643925334 -0.004376924526993108 0.0003329160431877796 0.005197564432588369 -0.014103967549757644 0.0029619655090460484 -0.006213129294222884 -8.894276355937873e-05 -0.00609312836025187 -0.0013121320521082478 -0.010150813490356767 0.005711230846690306 0.0021848644711718527 0.005472155046673407 -0.000853728552908135 0.001694509006322584 0.0043865238263221746 0.017282428319738082 0.008638373930118187 0.01129629659217775 
0.9979111615972436 -0.019201413719146396 0.0008785878492562778 0.009613810008378257 -0.011726072311312327 -0.018519348615621562 -0.0034039963162200864 0.007189019374356202 0.004905108659203101 -0.018831309229695923 0.019705878664267564 -0.01767409812911343 0.014094020523838707 0.013691120542441176 -0.007583134902288244 0.004337266016335232 -0.0048361127923743355 0.01083353516141897 0.026509430914793262 0.00925890420216854 0.005560883612562267 
0.9489497665334923 -0.0019782578492051365 -0.003959898169276862 -0.007167525750497908 0.000855602733180953 0.007281668235210564 0.0001561182171638607 -0.007428028808160694 0.004048750929777541 -0.009194604209189975 0.0027358216656649297 -0.00971375549300772 -0.022954395722247518 0.0007065487563237845 -0.004085386839582133 0.0052152188707094505 -0.00507948430858441 -0.0005277493696028254 -0.007232529389150849 0.0024498144781817683 0.010157888849862295 
1.0397168229850635 -0.012319967136022708 -0.0027093074693321584 0.010976023150388705 -0.022916776375850333 0.01760769240467809 0.010612146951830645 -0.004341212854021113 -0.004031960000444708 -0.0008772712264230915 0.0013353279805115245 0.0006803708095083132 0.014273713316488768 -0.005511203418592911 0.004925314305195041 0.0013386319501448168 -0.007024971400165586 -0.0038848892827722976 -0.011995794181269889 0.004124286654267242 -0.008013359174222034 
0.9642091342341421 0.010008863601043827 0.012096066279438307 -0.0024322494384848847 0.013968872783683344 -0.014577990424168328 -0.007979277435713293 0.00036976098410517865 -0.014514047898159008 0.000729664936218017 -0.004770099854815918 -0.006131379713043537 -0.01779694682191017 -0.0008995460239181264 0.01857960329701888 -0.0034048467218196466 -0.0023025587047895315 -0.01033081705671749 0.003001718068631612 0.01767396650915839 -0.018802207794584736 
0.9551435489001696 -0.009540761920008219 -0.016909715431043117 0.014800508196954333 -0.02153276172492897 0.009628108637591897 -0.009869399463604041 0.005439398818310132 -0.012724523812943185 -0.007415673275394297 -0.0010313121203341085 -0.011862617560820734 -0.014082498149663746 -0.0036924120234642834 0.004872550449084696 0.0098732110579169 -0.0049257471769194846 0.010566386208974462 -0.013628092749707848 -0.00853680353238411 -0.005385690269553906 
0.9886828376101192 0.011583571591666742 -0.012993533599092853 -0.005693514830953605 0.013345787125786093 -0.001593854297653233 0.00794675007893182 -0.016769189496836288 0.0012984844132076356 0.006115425301886935 -0.009031132862626228 0.008421797202297032 -0.007502286592496519 0.005722625721097582 -0.002614555142010801 0.01294201581809363 -0.008995574144758909 0.023627856414597862 -0.000880078823475883 0.0040535017135809245 -0.006831239950228926 
0.979383969949181 -0.018696474073335755 0.002060349146549369 -0.0012575092860942622 -0.004127686612481232 0.005536110647723417 -0.004098180072612425 -0.0034848247151100247 0.0005179270909631908 0.0037337779248704734 -0.0008249333282948825 -0.011314692631778788 0.001484899920070312 0.009966133105625961 -0.00314209314814036 0.006603683258632467 0.013545747733667651 0.00011787020645285357 -0.009899210477574036 -0.005666601333540478 -0.011646556506533947 
1.0367199753385894 -0.004713259830393321 -6.345446482978307e-05 -0.0071020372675157555 -0.008873006579120003 -0.006168165595089983 -0.0001429835068949226 0.026035952844758174 0.014609290659636273 -0.006383558693716869 0.006582926687920091 0.014753502962291465 -0.006250248540730072 0.01832076263842011 0.017397714795055176 -0.01516451515697308 0.020949409764096143 0.005466829612357866 0.01139531443840606 -0.011573270924362663 0.0014023634197637333 
1.0103132097068497 -0.0031233363113038403 -0.00890654805324102 -0.014709885157532125 0.024395158473594136 -0.001574364014422637 -0.009844290380059103 -0.022927677080616986 -0.01669713198263955 0.0067422519998103295 0.0023365569081204526 -0.0031205140236988792 0.0013244712794789838 0.009928086862112127 0.007178808403032052 -0.007155999670633746 -0.008935011823604616 0.007046332611046452 -0.000894120517086516 -0.004806128479276515 0.00722466162380579 
0.9738260238394794 -0.008351065332466746 -0.002015074112658606 0.010132265614860645 0.010543138047352896 -0.02418274660133244 0.01884008315382014 -0.004528893490574264 -0.004514678956696987 0.01139459810151908 -0.0008808250111882795 -0.015976297057699314 -0.008424955481718862 -0.009878229194107455 -2.3272565987566707e-05 -0.012050284585750476 -0.0026056427159095535 -0.0018622460584204789 -0.007622605880206328 0.0007791024695688254 0.006762018237288981 
1.0268123724286344 0.01131639974323914 0.009839557246918618 0.004233955943139354 0.012767934662672262 0.00893229922300024 0.006487827414762544 -0.008828642771804422 -0.0014058872131055167 -0.0006969005258327363 -0.02379487234269203 -0.008666308765901664 -0.014501146505718045 0.008453667253431196 0.010558500987820303 0.006291152074118158 0.022617000070966432 -0.010682360512148244 0.012447895950522628 -0.008331659435852911 -0.007008617842949412 
1.094623491358171 0.008008138007942832 0.026537351601109194 -0.003366505323911226 -0.002409977636296898 0.008420880294016619 0.010103817481679624 -0.009652878768232547 0.00877227656083315 -0.0011505186234078801 0.010396432578077723 0.007991976233660564 0.016496112123671455 0.006329983637260981 0.012845569102217149 -0.00924970462750978 0.004604424676282876 0.0021613772770724855 0.009937037332351862 -0.011980180149153679 -0.0038006138834818406 
0.9799851479828786 -0.01222171063166208 -0.015173462870727976 0.0033778705349177215 -0.003329558759337565 -0.013679661750879714 0.001137768368168569 -0.001150771419545943 0.00891049020642159 0.00044691317854125763 -0.009936321308899878 -0.011313563791731616 -0.005817467870243362 -0.0031077730040025677 0.01612195057610638 -0.010230068860094437 0.00598116694000723 -0.015707973384368093 -0.002827702780532107 -0.00432790428388258 -0.0035361081148839804 
1.0443644003409986 -0.0002583742223849441 0.008824268113429137 0.001720909727498143 0.006848654806604218 0.016507266689545434 -0.014204080101997087 -0.014729625181850574 0.0038441015850898 0.006366296921767341 0.006131779916999901 0.0005186715420364911 -0.014070985501200867 0.015789473764713752 0.008810924863842424 0.0071069094392247935 0.0026428459499911894 0.01378158639137562 0.004701088809294495 -0.005511685283330439 0.00107309617047534 
1.0324432986567247 -0.005577834242690051 1.681639752886236e-05 -0.0007700750525869973 -0.0024866458969318036 0.00125065098625725 0.006852939473320053 0.008176232843573286 0.009626478197544435 0.002421733065518028 2.8145074603830467e-05 0.008110888522437982 0.01295341351740566 0.002520068186960989 0.005092119442789061 -0.005008807969272448 -0.008826529864926842 0.0023620460335199 -0.0010315458767289464 -0.002193490688963843 0.005600073566714631 
1.0173706581984132 0.0008236883844510033 0.0030823873260346435 0.0008165845750693222 0.007907079195589145 -0.009671063486357632 -0.004094685598154007 -0.01567525470805462 0.005543572442582321 0.00499787068701863 0.00419134051968044 0.0029833178172248083 0.002112554453989618 0.01761702930109261 0.02004278445831683 -0.007267441319195385 0.002353178752284886 0.02168374590958468 -0.011134363520911633 0.010225167609003105 -0.010433221224169911 
0.997466880018316 0.00204015142347548 -0.008820969031052946 0.0132580673389791 -0.01180950380269326 -0.002975340790720581 0.00530114909798144 0.00023593087973930804 -0.013007547618420063 -0.010152457594988921 0.0017250313691433905 -0.012867150554818177 0.009292712944576915 -0.005642014497397839 -0.009066039082755991 0.0013338200552064753 -0.004454442312810656 -0.0023154288965610242 0.00514587861376352 0.002249674653788839 0.0009140000277901442 
0.9243164768483764 0.006855339455640363 0.003747526959542765 -0.0031828902238184714 0.015677457343290242 -0.02745162723088032 -0.01660782676186064 0.00457545686791949 0.0019909578094939907 -0.00860361648218027 0.003730657440071739 0.000641622449302022 -0.008910034855869884 0.0015087913619834642 -0.019200461252632608 -0.017539408015809128 -0.01877766433542372 -0.009877006880929877 0.005087908783165495 0.011843800534700607 -0.011398499479445141 
1.0132429455698013 0.014720074459080957 0.008224689568216065 0.008134340172459455 0.008972461543049138 0.004467053983415888 -0.0026698451987214396 -0.003805869359968066 0.009641733160663404 -0.0021357231372490003 0.010294161552624453 0.005060313298290336 0.014598370136770957 -0.005866776699546368 -0.004710455275399654 0.008606943195277163 -0.01328266776731269 0.004884063504984794 0.0034470650408850163 -0.0017826210929149011 -0.0045919789837669716 
0.9961418576360003 -0.0017637998899102244 0.0015793602468995357 -0.020431182139140684 -0.01708691849757846 0.006641979853682808 0.011521194299951923 0.00284824638355561 -0.011722533641575954 0.011741622077268386 0.013954519245967162 -0.007500132965801812 0.010644586168466733 -0.0050828243141173846 -0.0027249046551685373 0.016382567036717526 0.0043565628452605955 -0.010618538359010424 -0.011306388303642083 0.0011919280144162693 0.00024556584780972964 
0.9745499339181295 0.008347638988847746 0.01504225263942255 0.003515817467308593 0.025197184722383147 -0.018443600434008032 -0.006537851352719198 -0.013111671205591455 -0.0035500695622465296 0.003914141543770303 -0.00446411466206913 0.008600113917219184 -0.01605380702986551 0.00357947182270527 -0.009898266586304145 0.0028890792489570305 0.012487294869396046 0.01217400822921429 -0.0023975446769293972 0.0088623880055674 -0.004800464107350336 
1.0203619949684852 -0.003300107421880318 0.013770072766843548 0.007932666921381644 0.0011836569484655413 0.003213560505797596 -0.005247091771351513 -0.001938482963368779 0.007841130328473802 -0.00867992744168823 0.01673328514165809 0.022102289223200754 -0.028303955700657867 -0.002667164414713926 -0.0008305968413057739 -0.0106710497927976 0.017297323100418514 -0.01455238926329039 0.008620004226644537 0.01484857866728448 0.0016074158886345657 
1.0270234284966107 0.004000173003674574 0.010946919073482228 0.004456247458193392 0.016128813504943874 -0.003133989143570026 -0.005818738523306181 0.012214161777623796 0.002559047013776672 -0.0051781518310877106 -0.006345930786125105 -0.002793111095347104 0.007420787216616687 0.008829318906362937 0.009153024347236825 -0.014077945145274908 0.00790217283414981 0.006095809107016414 -0.001244101446752119 -0.014920867910794243 -0.012558121463795788 
0.9900306160521788 6.11739513433875e-05 0.012359947449973785 0.0017725760338379401 -0.0007320460993634138 -0.004136525923919289 -0.012741519633610029 -0.0019925617339286482 -0.007996373526715657 -0.0008065379176366292 -0.004756838986906281 -0.006734069393885654 0.003636614098431572 -0.0015528538109869153 -0.005112818040738114 0.005256755674420426 -0.007944141930764622 -0.012818046555564587 -0.006218755919428398 -0.005207361094202614 -0.015113573206448405 
1.0009544404702766 0.014234820391848873 -0.006063857978588542 -0.004644802238736609 -0.016145462010289203 -0.0029484214471527147 -0.002901268744325697 -0.0011410084420042685 -0.0014420188561345114 -0.00367913566536935 0.0076267737438180565 0.014384388495210372 0.01674738146634241 -0.004530438985775077 -0.0025546825150567372 0.0021964246645504145 -0.0018782957505569277 0.0019200907613055812 -0.004538279710808707 0.0055531908950700315 0.01253365418427713 
0.99679030053493 -0.005262313891157856 -0.008941832900581618 -0.02085271938688468 0.013594178549577887 0.015452618941110137 0.010522315971225516 -0.004617093388899394 0.011716993374341594 -0.020997977190524014 -0.011608011422535041 0.024932889624587944 -0.004084948876657703 0.015641530944105107 -0.011867104448994657 -0.0180432965783853 -0.01476074308223794 -0.0008478984589696877 0.005199287419423362 0.0030400430934116136 0.010613221709545147 
0.9903942759229506 -0.0042024001243127765 0.01942593153756042 -0.004594127957188435 -0.00179734393657324 -0.015018741516906497 -0.028852005239509294 -0.0033631433101007184 -0.004580510614359434 -0.011058280048660803 0.001866443512494634 -0.0067163419212895184 0.013715213859199661 -0.0014116275036528114 0.014356905802958864 0.016739293707291786 0.0004806794652195031 0.006523479865585868 -0.007697411521428046 0.0025329013618889135 -0.001634065123347325 
0.9884782710547552 0.0022577751190318985 -0.005067320153633405 -8.028656086132011e-05 -0.014252352936453628 0.008195947118764282 0.0015527650048580192 -0.003463524980054081 -0.007704396811374551 0.005470568292037727 -0.0003605173650290874 -0.005072988890096375 -0.0027064957920222114 -0.016921334675117222 -0.0024964511774930144 -0.014994542847838356 -0.008930887475614302 -0.003440255931894612 -0.004440451327078766 -0.008427457566332588 0.005216295663455617 
1.0735449649437243 0.015386678632079088 0.023527956871993983 -0.003483690684124857 -0.006714948688480172 0.01829367095741426 -0.002391050764376014 0.020676879612762485 0.013673713272786539 0.0068361114368746465 0.015651913883493997 -0.008630150104734785 0.0005157311531821135 0.006706834684574079 0.011045051114692582 -0.012068465413996426 -0.01652202865575687 0.023565079128126776 0.006475477056196154 -0.007534152457258864 0.011166201063012084 
0.9948160293549793 -0.018238644740595028 -0.005323270218336463 0.014945212051852712 0.00854694154869905 -0.020219599640794082 0.006557060384811296 0.013161671084171102 0.0028993120534554677 0.00040071655600315895 -0.010802465790304527 0.008954068222396312 -0.0027264771992117523 0.010184884461240813 0.013217403598773951 0.020644211921581862 0.013847244401542625 -0.0019244381908338915 -0.017686901170288642 0.008428291967075684 -0.006518974025148183 
1.0232127616986013 -0.00936884118195062 0.0009030213982019085 0.01737321958497585 -0.001142243351764139 -0.0020490013666789922 0.005049330329378502 -0.017867731059481147 -0.022995050423214477 0.00038286692259972886 0.005334941440779783 -0.003765891441934405 0.008214476669319707 0.011869719639102905 0.015075242967179745 0.007723825986132704 0.006316020396103178 -0.0018692297924691203 -0.016740884458825277 0.0010754104971434904 -0.005098860808267353 
1.0538678340611238 0.018325765474914983 0.0007752667423417152 0.00013946268216691988 0.010325297390129188 0.0028931934539400484 -0.011967507311218045 -0.01945158583164714 0.016701709722788737 -0.009177612023874068 -0.012801018427542665 0.02190538842992291 -0.000594107007799515 0.013479473851867659 0.008019308818437005 0.0015546545352843506 -0.012837091511611505 -0.013109971363230338 0.015041034031629695 0.0054825078882853725 0.00013067798597887092 
0.9679982794036656 0.004943633776607107 -0.010687951955276354 0.007281512002473494 -0.006792892599834606 0.003368168917100055 0.011478818911215436 0.00624750625040617 0.015480575335068542 -0.009274627154573875 0.022263585334131097 0.007544630673313327 -0.0068629365865937285 -0.004652215352256318 0.0004681840663788202 0.00010546448496662093 -0.019231920510316684 0.02405945278048836 -0.0034127677871394935 -0.009903364888586926 -0.010698734952782509 
1.003269844878945 -0.010976841041349224 0.014164969877212694 -0.002013672536168827 -0.020071413616552587 0.010793901789857199 0.0011627328602286857 -0.009552074449482304 -0.007894995801768298 -0.0034798669044163815 0.002073490194793066 -0.008738795950658384 -0.003054238337176747 -0.010759904861187417 0.0023812399924379194 -0.000522742584519222 -0.004457459400007957 0.011307598594249065 0.0020707519037599697 0.01165907315498711 -0.007561569692052615 
0.94751910872346 0.01892709294053863 -0.0038469107170185047 -0.010689220870191042 -0.0017140314234065821 -0.010463385987630034 -0.01286273346167783 0.021274258184715907 0.002537446321423942 0.0069778394849546515 -0.0040029356104170875 -0.014158814197284781 -0.011424687868546127 0.008196827134880623 -0.015342534002881053 -0.004495648815935299 -0.017391171020256117 -0.0014855850129941264 -0.009971862546571382 -0.004197607377047027 0.010125440496839758 
1.0224473025481065 -0.0039577674639612245 0.007112350294784124 -0.007258257986843419 0.009563127082029029 -0.0027701547106253744 0.008375827133477351 0.0008544959685491091 -0.006606692152062986 0.022409664858523186 0.005604329436527982 0.004918048994332054 -0.019587324179660297 0.0102471175273002 -0.007005881503970376 -4.623543849988958e-05 0.02418964408567341 -0.0007038611199474894 0.01321541469083743 0.011832639501782276 -0.003863217884468464 
1.0296700978895488 -0.012555611448389624 0.008907334772245382 0.011198576895591165 0.002606164098793313 -0.010060145762456793 -0.003620978488260054 -0.025768332492178782 0.011928095155032696 0.015756685898335506 -0.006944268510967401 0.010059017470264565 0.00037574290761351514 0.010056424678785326 -0.004025778676749734 0.018165020352407413 -0.01261859941666 0.012990297696933321 -0.010839536873350463 0.01672119858305634 0.007638605809472024 
0.9837099848579293 -0.012339043002375202 0.010794106430604718 0.0011651822706036162 -0.00507399588251097 -0.010830168145163828 0.008721019992244316 0.00750554643758514 0.02124285294558974 -0.004278015746087314 -0.00798285853839254 -0.0031674739786020983 -0.019367695935358715 0.007581827391138245 -0.001471969399193288 0.005128216070932775 4.158279000559728e-05 -0.002865301195220336 -0.0040348841997154584 -0.011269607743502955 0.005047865538966652 
0.9938152645965737 0.0002070452530385267 -0.0006916292269886605 0.00957019474331266 -0.013630906845190416 -0.005314517447521272 -0.003459173298179681 -0.0060155355230465035 0.005592577263108473 -0.008897121063234764 0.00548876255500476 -0.005805131048830827 -0.005690789751569197 -0.003594042119658935 0.005956012407196857 0.003950447767430403 0.009696972349859022 -0.002874603119168729 -0.002300099359591735 -0.008262045300981867 0.017874222700215096 
0.9692507356669305 -0.008048190365288208 0.0019629988705427395 0.00648960004123749 -0.0026035418949888612 -0.019082621625581796 0.0077218351953669655 -0.010615799749633635 -0.0036026407664628717 0.007375368539836887 -0.005973454805129145 -0.006047517403119241 -0.012227007517669627 -0.008909843132055924 0.014188457792819128 0.017878317997641602 0.0026943497760846496 0.015069348582571234 -0.010004637516229917 -0.0015941552522524022 -0.00294085104178682 
0.963690150177305 0.024334373891777457 0.009584000064800714 0.0024900428210210346 0.011882463755320458 -0.011154315743896888 0.006857685186146383 -0.00842565872416034 -0.015340862857579844 -0.00878223221803245 0.0005938414366855286 -0.002034305979619174 -0.01756164756426982 0.0004065680018049607 0.017043967315225953 -0.009430819136223291 -0.00536016688622314 -0.010148316327633656 -0.017462743057375343 0.007356251667159958 -1.7253566549922294e-05 
1.0607090237382075 -0.0024161881873760514 -0.011707479897412717 0.007998269582462282 0.0022669200654417613 0.020948084620329883 0.005237026120921132 -0.017306426940863342 0.005285539960842419 0.02048306355145763 -0.0027561613519339902 -0.0009844166789723407 -0.012756659704829443 0.015529556577135312 -0.00028049682689617163 -0.002030124653162575 -0.004992328345964383 -0.005405745919727316 0.014705231663621523 0.003973643312058561 -0.004874245357173927 
0.951822327376498 -0.009326499056622263 -0.018043055552908884 -0.0012362695138379565 -0.004102019683586225 -0.010178085042402123 -0.000810175490132475 -0.00859555501015486 -0.013307920321608336 -0.009536187677579574 -0.006237148171434677 -0.007293497041683933 0.002396592506851117 0.00011774833711933817 -0.004844065068944988 0.01457794759259492 0.00126488281021623 0.015738491927592364 0.004788588694583262 -0.002676702418263143 -0.005519591373423186 
1.0029881387677717 -0.006710306646418618 0.0062418947230967105 0.012573215773785937 0.0074935713086427816 0.013005553304047212 0.010384195202115263 -0.009279051359192799 -0.02058736755750548 0.0010496352034736337 -0.007202610642474849 -0.01435210164455076 -0.009988954146611695 0.001207322224015832 -0.00042111430267328855 -0.016003972447249968 0.008816018942460525 -0.009998658588143748 0.002858839949363464 -0.009150007847904255 -0.011071090470595743 
1.0478333132644193 -0.010534117603048022 0.014370013308851032 -0.007909588717743674 1.581134444332733e-05 -0.0026762065350355237 -0.0021918409194438128 -0.012960206132408988 0.0045877906294616595 0.007281989147189102 -0.0072782772219154145 -0.005749498026355572 0.016067194732616426 0.00027630636625655073 0.004294732089384853 0.0055384107165389156 0.00012208895121707932 0.006495779504978384 0.0026567103576378877 0.015718657708884642 0.010239910464362663 
1.0272299957943123 0.006792633775335304 0.004706291259747809 -0.012892297728542765 0.030685738079877792 0.014360802517252653 0.0017026415603055873 -0.02013289363297578 0.010398352789005345 0.008174487415242451 -0.0074233432260671015 -0.003274466912736648 -0.008552660605144239 0.02264862756346023 0.0009228720872901655 0.0008805716604341129 0.010296174788437893 -0.004640030636766281 0.008264820266051751 0.010186863815267401 -0.004333244984252028 
1.0378961075464566 0.007736219526000715 0.013892871379938797 0.006915330488754945 -0.007119004016368942 -0.0019520133815394062 0.007717496155456521 0.007825538688481083 0.004784515016990561 -0.0061261337571214885 0.0062216773403904885 -0.0013520960934354476 0.006796885087353701 0.009269035184667998 -0.012269426011702597 -0.008624564802204273 0.0026607882662645407 -0.0016779841647334706 -0.0005859842313849196 0.0061855262758709305 0.013153884611893403 
0.9929212055071662 -0.007220236372342393 -0.0023797011890851695 -0.0009203930414064103 -0.008584273187557626 -0.007146254637521213 0.0035655177344028504 0.0044089311206695365 -0.0075812671252718745 -0.014846120655682896 -0.021944973010837147 0.02137535473001258 0.0029287126807452687 0.011069627968282458 0.007999187355943474 0.007728051903617095 0.01679874515382171 -0.006714357323108872 -0.013308917603254974 -0.014519450051143468 0.0036814416887232687 
0.9893989159381521 -0.007635185756005878 0.0031114510239795977 -0.010406346297962625 -0.011141799799971137 0.005717057841722864 0.003518910044021319 -0.01704070972839634 -0.002686519520706506 0.005990540999114155 0.008218378334077124 0.005193163560776934 -0.006490590081497834 -0.012103059349299347 -0.0017555477693523627 -0.000993283507751923 -0.013561958178458367 0.007937236880862761 -0.008188964888836579 0.011536619424830821 0.0034869271183095712 
1.0391320425356971 0.00785124188619286 0.006577741487935367 0.00231918674224319 0.0006562216368731795 0.0033164418952521123 -0.009683471232962752 -0.010904010742240525 -0.005087179291808942 0.002960936643102926 -0.0010831827729323824 0.0006481802671909501 -0.003561120251341644 0.016379461672497906 0.0008995256582878989 -0.024384682726350814 -0.015410127860744626 -0.0014857527388672045 0.02107390004394971 -0.004010128802242691 -0.021098122718008847 
0.9764062774135838 0.003121555750462349 0.014557334688397362 -0.006791833006794062 -0.009685619095052191 -0.013284165686412353 0.0018631498910154135 0.003977030412904013 -0.012417293452845092 -0.0006252267349524017 0.006468468559580184 0.01385110616608705 -0.009369050331953614 -0.02217955174525493 0.0096169941051436 0.010643578705540202 -0.00019031921277399863 -0.009107057019728032 0.0009194434326645029 0.002421949150943714 -0.004949015336112896 
0.9772555513918095 -0.001078824501011423 -0.015536911639209438 -0.0167438791652659 -0.01100887045578615 0.012272186857722694 0.0030326560732268438 -0.010384065678224695 0.0006589991332915879 0.011371273491435146 0.0057788697761494544 -0.005405338292412369 -0.0007810166416893141 0.005095159437676724 -0.017365892840102818 0.0061070424687102946 0.0030790636559311696 -0.0005993341289096359 0.012267651052155507 0.0022935634238603216 -0.000553854172295614 
1.0295969788909922 -0.004640768510461488 -0.0002553650989060301 -0.00120040448395607 -0.0074662131110792345 0.00030419844311694677 0.004143021818109224 -0.0019929456568125756 0.008385655277186349 -0.011469708006248223 0.006568428649507794 -0.006305792149008006 0.017464632706742613 -0.004119448251304508 -0.014307899507801083 0.008591876833772613 -0.0015044588071305145 -0.0035817456284476237 0.003524667875917327 -0.004378936719344796 0.020014591595033257 
1.0166133182762045 -0.005685944014276614 -0.011208337505041204 -0.003528810720513004 -0.003805241591470362 0.0071695468178069825 -0.00566459368743906 0.012649548332297183 -0.005804116898259762 -0.01135082044052725 -0.0026934155436104733 -0.0007888619822583063 0.005064478587319449 0.01695447785847955 -0.005063952647433897 0.0019936259592445186 0.013185150460400662 0.0035822089135057506 0.010564109294492419 0.024235086247048593 0.01607175505217322 
1.0093906731304232 0.013757002256764144 0.010376310806223685 -0.005963499254452088 -0.0014902534587377904 0.002335047839351591 -0.009824617129511415 -0.005063807360424839 -0.005345210261852289 -0.008047803167963778 -0.002459537440347181 0.007956557224802235 -0.008566012614290349 -0.0031127093515852227 -0.006201481629891315 0.01194870347478213 0.007215852138658496 0.008191987086238913 0.013435348292634928 0.004573212750925476 0.017225901461391725 
0.9827634149483789 0.009658957701493064 0.006826792304412877 -0.005816910219466643 -0.002450309450169463 -0.024480278129179984 0.005500459543398455 -0.001272695893783379 0.0004750641420601739 0.006008663043690496 0.0027682128469131845 -0.009356205823760141 -0.01063257405520752 0.002987970853322241 0.0003546885582323119 0.003432821957670992 -0.002099200902036236 -0.0011136690255801425 0.007279885209518086 -0.004587665316326958 0.0027566098621771536 
0.9819005408696895 0.0005756203839783005 -0.0032431646740921755 -0.0027829479006223437 -0.01769135769608142 -0.00038796688006776574 0.012006536255114539 -0.0022914181202969065 0.0007708109117511266 -0.019976974854154544 0.0041354582628981475 0.007198532007918218 -0.013334241778164039 -0.004532648465846187 0.0049728564758809496 -0.005492946077756716 0.006587538063423965 0.01572827134266207 0.0036164887547302754 0.011372860095569589 0.007910158518720532 
0.9626128950207195 -0.015362084719420377 -0.009083091327234828 -0.013150098127889781 -0.001806001416700828 -0.014594531952144543 -0.006680158774353284 0.0005870583706231134 0.01208120434112747 0.002692776856497742 0.011726087726405607 0.0037938358945687274 -0.005264014874841959 0.006662503972582754 0.012815907241587184 -0.002562056276722178 0.010168209637123211 -0.00318189384989259 -0.01548830343948579 0.010256272435779718 -0.0024499517620262933 
0.9869084408130668 -0.01089957336941038 -0.003192992852848699 0.0010102960213034043 -0.00849027370296759 0.004130482448994577 -0.008722294717242724 -0.007502309820980757 -0.005960295102971339 -0.01393294501710517 -0.008122461915480514 0.01153613488260306 -0.010315395051423995 0.012538625570333575 -0.018889502326811098 0.0030098525781305885 0.010403173753746336 -0.006399562609665315 -0.010894299119198028 0.012567661486543329 -0.00433105111284876 
0.97477389232668 0.02421909261042408 -0.004941266392753431 -0.0053370935988038505 0.00028974771007966247 -0.007120569695397534 0.015855141824390837 -0.0074485545578346565 0.011131673256928045 0.011188020645490291 -0.0029338001110334627 -0.008849964432385527 0.004222833833460037 0.009505969459973436 0.010629113203135261 -0.01317254535731642 -0.001933042370916895 0.013264663998109737 -0.01265999186860033 0.012990893952293737 -0.009663352650518289 
0.9903898571700817 -0.0037515921612060682 0.00254928162649057 0.00016509363771386248 -0.002428840483185497 0.002357836665647191 0.007914866580838708 0.00380783908547121 0.009874256489293744 -0.010028855936481836 -0.0021663669391086787 -0.013688385320384817 0.007269532398658164 0.011630499339040177 0.002802874696121546 -0.010401910686696497 -0.0008417923667412563 -0.003795046309566868 0.009512078201357289 0.00610094785360109 -0.009183195652463606 
0.976707772561697 -0.010760000255672126 0.01134939287086529 0.014591992437060792 -0.0029259017451530645 -0.016715835460597933 -0.01279268125350556 -0.0005491859718168299 0.016484671535552935 -0.014978707714069133 -0.014726734641462395 0.002276556501422958 0.01419863446300861 -0.011370359149083709 -0.002391456965043838 0.009133887416251426 -0.000861991223398116 0.000642658225083687 -0.012569385989276408 0.010562609005522177 -0.007876810586164743 
0.9986107802286486 0.007671549536946912 -0.0015724698450835248 0.0030541894960222273 0.008852139512866085 0.0010946434290104764 0.001368330029695451 0.004809870373067633 0.00043300161823817975 0.016402872898344797 0.0034843482472262854 0.0016840700317392948 -0.010506963697819718 -0.013506091186371801 0.006324092270328166 -0.0043678160152009005 0.005936870677451457 0.014474805481162017 -0.007115530777494653 0.008837481140508821 -0.0022652727100767353 
1.0711039140886378 -0.012163687465834303 0.011982331426614324 0.005781587517882186 0.006972531601502031 0.007989178942283124 6.83988497812139e-05 -0.009328481190467208 0.00021127251345625942 0.019278550359156245 0.013771601227848882 -0.0012265482789266585 0.007468544386451562 0.003865751357343801 0.010488317359679929 0.011923881285581505 0.010361121548797312 0.006297487270086772 0.005254552547437154 0.002325508125048516 0.006668471356991749 
0.922729322358013 0.0004868032346973701 -0.0044831722763684 -0.012430700290876173 0.008701259205584868 0.002642955662222248 -0.01831733785948291 -0.007529820101408018 -0.010288873275499402 -0.01099051206978944 0.018371319164067104 -0.01578876281867539 0.0012156403024904342 -0.010963222514756633 -0.012608395614826982 0.004408499349860616 -0.0013050323140053562 0.0031148173290656013 -0.009662083624593563 0.006733815562366172 0.004014333408406746 
0.9729502846175678 0.002519007691963409 0.010633288704305237 -0.009278335651604679 -0.0035534974323446745 -0.01339764675272051 0.006862733981254578 0.01201950020039651 0.00633765061384178 0.003088532000994421 0.02499996422068914 0.016480345617197016 -0.009025761902126157 -0.006770056998381067 -0.00372006161326441 -0.0020146184156315697 -0.00798961197680711 0.0016939966824423291 0.0036101277810903338 -0.005796187992458378 -0.002864035529433517 
1.0481130048237124 0.00025291463030276595 0.00032416901961933135 0.015469949334233441 -0.005270615638160864 0.0014764480787474515 0.0016601061077895012 0.023081502642655325 -0.009168853636783516 -0.005068902019026822 -0.008294678946780822 0.004277712702608397 -0.005298797772800551 0.008569787623689528 0.004329375532818224 0.0028557857349860846 0.0016476444780312528 -0.01237753113608253 0.0227882743637873 0.0038357667713807843 -0.002072246765955113 
1.0187991831796552 -0.006764381425550719 0.002401033404224442 0.008024700693843522 0.009918943227431034 0.0011580108786211562 -0.008583216486783247 -0.012390133309608808 0.014037245111500925 -0.0010086088611250576 -0.010681874770191698 -0.0022454655641748335 -0.008462873295530988 0.016961770102738305 0.008139289148613966 0.0002703109488955495 -0.003250468244179249 -0.003432473931483637 -0.00410729755218201 0.010221863946352357 0.009547432161651681 
1.0414595557996964 -0.0033433566476801088 -0.011116784034122097 0.01633951095571125 -0.001602156945521906 0.004159331127596054 0.011384503784477697 0.010828157111722471 -0.015196636746668546 0.0036539107102649057 -0.004246558326341044 -0.002607465911272132 0.0044610020159648505 -0.0005990502848728924 0.013029859619242063 -0.00017793251498961153 0.009011801480664076 0.004430538600010982 0.007494315848658807 0.0006955668243050714 0.006260613495713588 
0.9730332221258728 0.0007336804841233147 0.0036101829018321267 -0.010568466425686136 -0.00853618910960453 -0.022283137077852712 0.004356425114066102 -0.0046554819296771785 -0.01910068894591574 -0.01777713475092499 0.0071386335629465645 0.007868778307286783 0.0009851841021078166 0.005459343849629976 -0.006141235290047651 -0.006534502695082192 -0.0061953916786594765 -0.011603318792782655 0.0010989176855619948 0.010265254061877458 0.007327983654606237 
