column1 column2 column3 column4 column5 column6 column7 column8 column9 column10 column11 column12 column13 column14 column15 column16 column17 column18 column19 column20 column21 
0.9930826028357167 0.014985083108792081 0.001688275870452233 0.016006655202503366 0.013170135764378489 0.014164620983380526 -0.009645194537150804 -0.0023549154103564337 0.00472027459653963 -0.007466692381583871 0.009265136797923379 -0.0004473984482248467 0.007235730964901412 -0.0020839393836903893 -0.010229422486135252 0.008523811684614259 -0.003713508988998112 -0.0024330377287469823 0.0029538485496903738 0.00033906511016896677 -0.016754401862802693 
0.9466208203567315 -0.002706497717258184 -0.015554576461305524 0.0059198839401047015 -0.002732283362706591 0.006852196598902827 0.01284406097887631 -0.006900767282544302 0.010254009022594893 0.0015855855057106563 -0.0182990866451779 -0.026340937513571264 -0.007155145929399697 -0.00464725975008721 -0.00610297395892748 0.01660420804430037 -0.01874444262429714 -0.01094972205041926 0.0037916449333178916 0.007668021978710907 -0.008049755326862968 
0.892950915967333 0.003073045749776904 -0.021171803882730596 -0.012663747182765733 -0.019260605244297856 -0.017691306143365917 -0.020461390242906045 -0.006528721389090136 -0.006342902794491242 -0.007845751791245777 -0.01570036695207762 -0.014432198117560085 0.006165926210800234 0.008013773827661826 -0.003915370919760213 -0.015047212091494636 0.004443162434773249 0.018422777363131148 -0.005437482477052573 -0.007098423536092816 -0.010195398351679286 
0.9961687360958084 -0.0005736110018422895 0.028125147202604645 0.00219792037533261 -0.0026807550961375805 0.009158501084294309 -0.006967992461734917 0.0016947403183720886 0.008991039527362974 0.001258775385561521 -0.002372012126641333 -0.011261557139829832 -0.014126148780042355 0.007877175262854154 0.004027184737920854 -0.007607993300802438 -0.0056735642181039315 0.0020150770230951036 -0.014297218876053064 0.0038038682674974827 -0.011418914003310632 
0.9925931260210961 0.0032804508822824154 0.004432688592406662 0.011169236269936775 -0.0005191069619426319 0.00524076603222724 -0.012770682908020577 0.004090053961815255 -0.00562072254312466 0.0003143131030804612 -0.007372533811803286 -0.0024778025376040085 0.00015002952526879624 0.0021456166994650947 -0.007386433031893739 0.0016063347647757068 0.004355641322707589 -0.013399183691883912 -0.008360635649005237 0.0031325332662372448 0.0028364438160942687 
1.0180693456509708 0.013618534443138677 0.021275594669037636 0.004086552079574219 0.00022122552896603674 -0.010712524215376489 0.012740478451834633 -0.012264040552409495 0.009314158867285214 0.01717937941937856 0.0054840693519728955 0.013818027278075146 0.024147512134142072 -0.014642167811617195 -0.013134569799744642 0.007283511846687043 -0.0034307545886149804 -0.0030781130439911306 -0.0002116084541349764 0.007285452094551392 -0.008584157741103732 
0.9803262327035079 0.004737819565993214 0.010068652753497656 -0.0013854330573653086 -0.0034506929184414813 0.0005760430396443333 -0.004996332485206261 0.009662808192754502 0.008924666718028449 -0.00477893817725666 0.0019308242670211795 0.004534718601328946 0.005021514359475192 -0.005178150648867784 -0.004088424815539529 -0.0020280920047430267 -0.0003324319391587894 0.027276862602552215 0.002267810646480423 -0.012606450776839778 -9.116601228225815e-05 
0.9887733832696635 0.01364128968742459 0.0033322697571954957 0.00370598746546203 -0.02021020959136041 -0.024956043616225054 -0.0017114585445194988 0.0030168690799249583 -0.0060106305133964455 0.004204437420652308 -0.0071706097460427914 0.011278960979058209 0.0009600248840141512 -0.009090996729276737 0.015611213629463098 -0.004585658517146117 0.01571101792730057 0.0023304255575735395 -0.004715101518754895 -0.0045534644164785774 0.015057198400486667 
0.9923366584410431 0.008207043202139788 0.004289398538633541 0.009710361572962562 -0.008614294323424984 -0.0018150845378081773 0.011204794838865446 0.007220460371606935 0.0004355617544016352 0.005088939897168723 -0.0026792556173701803 -0.020316679461389594 0.007955273825460591 0.002617073067681614 0.0007435536283241854 0.005165065463769365 -0.006707842154984904 0.008827772324258184 0.007011994949665454 -0.015960514653735398 -0.0006998481780718067 
1.0029995154421953 -0.0005697462630627722 -0.009156315464484227 0.01565193672310596 -0.010846237199431856 -0.011306199918350569 0.008457707083191789 -0.002883126900715008 -0.007510563034092132 -0.013316741780277606 -0.006242399044766248 -0.006892255815054045 0.004055644741466174 0.0015961690573679378 -0.001925934409105221 0.017955424418993397 0.003523484950988291 -0.005848872927427576 0.0022280410855425392 -0.0007109243299670494 0.0126307783742421 
1.028688368360598 -0.0030253486850976845 0.004319408904973774 -0.0007095726326365484 -0.0053512192436771504 0.009501583824430723 0.0017968336936568787 0.007225009024284391 -0.01172133854893783 -0.0035271434870452947 0.007119747984759501 -0.015281035070805348 -0.004876873965169298 -0.005171044691035334 0.0012412718530348413 0.013257779576532425 0.00040990654450701324 -0.007232633411266675 0.007675691391135037 -0.004810749348613221 0.0018346508702683532 
1.0436386419147166 0.005534649297699793 -0.0080832115788384 0.015015414442540976 0.009743067837627514 0.009323650886508253 0.006028669402015666 0.013492229762333304 0.004676811167718118 0.008192755777497568 0.007534632692962237 0.010590094363121869 -0.011897890301105449 0.010648752353138686 -0.011869617640521319 0.017296725935413565 0.0008920020139531815 -0.007312022013459092 -0.012626773578740655 0.013720564934124638 -0.0043381916450937405 
1.0296861881867112 -0.004704183909164712 0.009301632592165635 -0.007429101853855805 0.014075841661515515 -0.009991309191850447 0.009164008150921988 -0.005793622169285715 0.0021981275758732165 0.0020768549069218193 -0.012297793745593566 -0.0029201489016109955 -0.0005914467231709735 0.0019810379387655646 0.0013223316397252083 0.018165321218809087 0.01973477930720517 0.005406966127937296 -0.012906616451936118 0.007312841189071274 -5.9607541719970524e-05 
0.9362000334810215 0.0015619040109868035 -0.012324743817010967 -0.008017019997829375 -0.02400534121591472 -0.016567094407272456 0.0005399730666429491 -0.01534757874573646 0.008576822993831144 -0.0028993223489433818 -0.013747143149856601 -0.012639531106987458 -0.027868231945710115 0.01109475572895628 0.0007188493538266167 -0.008457866152849734 -0.013136715073054236 -0.0056984158490666435 -0.0015394750030556055 0.006821938545305083 0.004637932005315791 
1.005623585540885 -0.0024778544180366654 -0.007782082098044047 0.0033973507349508297 -0.005154464266795769 0.0069317048555819025 -0.01442720170919647 0.012262508008221418 -0.0014694743248757237 0.01775384584891504 -0.011615565086837216 -0.012703572300263704 -0.0023840733618596985 0.0007465581228677128 -0.005024413043402369 0.0060911524338194915 -0.002511385749635794 0.0012193955514584387 0.011617044185056392 -0.0034846914966766684 0.008189339262135586 
1.0328953287359481 -0.01227275465061442 0.003927050176609022 0.01708503411448847 -0.007305028896248226 0.013853699573326078 0.004824642305714247 0.005086411404350467 0.004349937401241451 -0.0055896133841688974 0.0015151864160721468 -0.01269971717874106 0.002732539836501542 -0.006337060130504076 -0.00449203809993162 0.004566627917730932 -0.0017794743356961522 0.004529557615720976 0.0011403450598171205 0.01183223000956231 0.008200047645927914 
0.9666378584207386 0.011879877581354004 0.007961225031390138 0.010455593277627724 -0.0137467606536369 0.00166333422999491 0.0028931311963573203 -0.004147134301637273 -0.0013337979473027675 -0.01535244884190114 0.01341224659876614 0.0005424109494151142 0.0060408823627724085 -0.006178750460212108 0.010819083001280797 0.012178918606215665 -0.00021639933220074438 -0.026477658240369448 0.0069003601082004975 -0.030808771330026553 -0.01651707430859896 
1.050201664784678 -0.001502232226914287 -0.007338975485959262 -0.015417950227690685 -0.00019020463844086373 -0.010687293847448905 0.00524434140253323 0.016099326413439002 0.002200264915588334 -0.011989478019844273 0.023235874289913694 0.005164345226271972 -0.005702993737412273 0.007631908451926387 0.007340326930473482 -0.020014637958682614 -0.0013933554404693214 -0.012816110441215533 0.0041761337948508495 0.003378970987341675 0.01639564630516064 
1.0467708724557194 -0.021732833879552122 0.020857878785233916 -0.014971938793785507 0.011855173379974486 0.0010462396313318557 0.0032389438158847866 0.008410981238181323 0.0100757242539866 -0.01591025466604291 0.013016456668682026 0.01076943992077609 -0.012552050394682228 -0.004737253768600397 0.018214071794803256 0.02759515347318657 -0.009924726574914054 0.005735434902661047 0.0011125892507718627 0.01377116216548432 -0.009883432363993408 
0.9684660310160189 0.0026086436703970824 -0.0025695969726324632 -0.016497558794791936 -0.003507541788165944 -0.002298812369357439 -0.007914685526280609 -0.004835761663712265 0.026264604734200427 -0.0018519469846473683 -0.002465212363556404 -0.005573181120630029 -0.006826417120113719 -0.0017497312160582512 0.002959733078609112 -0.004375258369751208 0.012385370752952568 0.0029947912663174097 0.002715129137524357 -0.005685875559661549 -0.005453676790686728 
0.9448876060981957 -0.003167214253464062 0.007195581063653766 -0.01186650356077722 -0.007913604126654346 0.0017862933296707163 -0.009103269220517941 0.000638001811724407 -0.004892491082204632 -0.0013000172844165466 -0.01830116346691846 0.010499697501963801 -0.022638502350038323 -0.009876779507170115 1.052391347987864e-05 0.0009240985764268067 -0.01720061223723656 0.01265912149125627 -0.014894113029421705 -0.010053186687517528 0.005975477980268967 
0.9355741723976351 0.004980240282800634 -0.016447276453907162 0.005773898225830097 0.006732562582026075 -0.00015055569257692566 -0.0050421484158568565 -0.0003514884016636877 -0.004562998964358823 0.008416644509127618 0.014748332804145533 -0.007212989100518312 -0.007204243924201048 -0.009383370139738735 -0.0021716895626700235 -3.4554902672924406e-05 -0.023495800305754214 0.01121323553256857 -0.027202528258993663 -0.003551213051510143 -0.004172540449043429 
1.0167825016233258 -0.0017708938000209856 -0.006035640327577484 0.006956881518220324 -0.01774048865622686 0.0064249821068677795 -0.0008697477781509425 0.007016514913855186 -0.019714112769203655 0.0016130093198160299 -0.014722302453376029 -0.010531293714441399 -0.0032659054482093563 0.005833851526195195 -0.005644548138008688 -0.004557430751380443 0.004519999431838941 -0.008725246508871402 0.008141871442502823 0.009181779445635143 0.008670901124770243 
1.0311336882976956 -0.005227793745468361 0.006121551024017818 0.003998842128654695 0.0004657603653376828 0.0081059960351419 0.010762543515236193 0.011137883995089722 0.013167595791257052 -0.009681866908937202 -0.00014273875554084777 -0.007633300901630104 -0.0005482382352683504 -0.005799638944618351 -0.016474738647563884 0.009115257564777157 0.0063357175778092694 0.0020278814883077398 -0.00995707162018712 0.011472294951759845 0.010234827352350788 
0.9985488696302444 -0.019753210109703222 -0.011820621670444533 -0.007174198467953077 0.009116448241331697 -0.02807585708866565 0.002955393586926615 0.001661902608419245 -0.004821316495614152 -0.011602691093542844 0.0031721065513610354 -0.014957475774905492 -0.007907546016262345 -0.013243368129600936 -0.002268743591558783 0.010100290047389661 -0.013772397678007227 0.008413821818656918 0.006772588166946293 0.006865829790940087 0.0042779817512385585 
1.0034307778971654 -0.00430349808516435 -0.011929190340705982 0.0010768836180214158 0.015743602736012576 -0.0011425993546008964 0.002469634090343408 0.0018196930468959167 -0.013526625202807856 -0.003533920531271189 0.0039213432413250475 -0.0021286589911073133 -0.008730025711063032 -0.005099906108663537 -0.007727301703089637 -0.013660586118243228 -0.0019232594242333514 0.0010747689261455075 0.007203122747013409 0.001157391811014256 -0.009517073046618058 
0.9845452479765097 0.004906175216404063 0.002622084085879963 0.009354192848576571 -0.001585045667669032 -0.015084154626919293 0.019742345159492504 0.007818623421710375 -0.00770753961472654 0.012556911810217748 0.010693506797504538 -0.007983819338012 0.012208366427231094 -0.019386896994386123 -0.0027761960902436124 0.027033819102385857 -0.013438071336738244 0.016047876270306207 0.003779425717030778 -0.00495818417848839 -0.012514389485637569 
0.998792203016208 -0.009681602490272598 0.007461850066954258 -0.008017137314339475 0.011912658102606602 0.007502812447364518 -0.024766554286696288 0.008310241407741272 0.026644974156831456 0.00022945046515310328 -0.0020117171836745214 0.0016517030961930835 0.0042140993542861774 -0.004679830298373299 -0.003499579364115788 -0.008307725335487 -0.0010893697909748995 -0.002813534274511095 -0.007696770901123039 -0.0018326895483651829 0.008176127437755552 
0.935575952955842 0.002977505098994132 0.004582349600261117 0.004754006801340686 -0.01271482595142271 -0.004286604935268062 -0.0036932235029070743 -0.010128701234890137 -0.009084749998514685 -0.004697535791050792 0.004260068188494163 -0.009967028684198067 0.004662994872349462 -0.001998811106148155 -0.02236473688716608 0.016218698294864508 -0.00711598708498131 0.013118538038053964 -0.00820268177793279 -0.01675720512422243 -0.00924181012461484 
1.0049720995393219 0.007568758187940351 -0.016583764985749275 -0.013218643071438226 0.011359084960690614 0.015331445227622377 -0.00532134159166223 -0.004132950723080924 -0.0033121174073134385 -0.0070277858577242735 0.007262809044857363 0.008559270706988512 0.017179062226691574 0.012512750583177409 0.0017545677116597106 0.012227448966663975 -0.0029572359317848376 -0.02482465927464869 0.026235113997969912 -0.012134679150017511 -0.011018036148716695 
0.9813327204083842 0.020747367777099315 -0.004664575865827732 -0.018901298058579895 -0.00833402387801177 0.0013249217203765212 -0.009563634563184834 -0.02562164269093441 -0.0038036005966355126 0.009050057337514851 0.002709954340970237 0.009899385763401367 0.016853046422235226 0.020132975479998493 -0.010653047120763554 0.009331456272819335 0.0021247350174853604 0.009636631365361685 0.016314785317461774 -0.006453938273343351 -0.009435936818479011 
0.9759172526922514 0.004850481866377778 -0.014191389978221194 0.011221637294670777 0.011067416672998957 0.017047984990189488 -0.01288164144965923 0.0033375079883784247 -0.001488500591948049 0.0017183961546868843 -0.005285879113841635 -0.007810471317437876 -0.0038712732434825537 -0.002249988936858603 0.013997072221037663 -0.008935997230474313 0.002721151944848152 0.0016568496369563813 -0.019081394302017697 0.011665615066292543 0.01102037189843924 
0.949559557668709 -0.004494982981060854 -0.011307498143285988 -0.008278506387392477 -0.0013672634020034985 -0.0013820124287550256 -0.002268385978971053 -0.015664052716315366 -0.016403981754811912 0.002313588440058867 -0.007759081080063973 0.0012766858786862712 0.01561897428059867 0.005256150378152408 -0.00988803055074773 0.0013247046291590026 -0.0066736154974282955 0.005186854198504299 -0.005751724428462772 0.014904647038995912 -0.005386502918100044 
0.9783407940337165 0.0025002550352785564 -0.009687362057759632 -0.014036248607480631 -0.007251669242429014 0.003681048872637583 -0.004218575922545297 -0.007875593660345844 0.01752150729775654 -0.00805668820518389 0.0112026607002723 2.830137795769687e-05 0.0015469185918681753 -0.004577843071667788 -0.01290162574518895 0.0006275983259659867 0.010071473399745162 -0.00589961930408642 -0.005154285593286262 -0.004390739119708577 -0.003961578763003023 
1.0378303252961107 -0.0041899710920716505 -0.012176321239339323 -0.0013860418164677788 0.010144132285857229 -0.012185151111682443 0.009088790207855307 -0.0014892747360705327 0.00891296439808485 0.005783142707387916 0.030545301634134502 -0.007146772705715941 -0.010144866191973053 0.0013581148961734246 -0.015902157445932288 0.004181106966583592 0.0027524887443217383 0.002153153299188314 0.003288659152369993 -0.011914297489349204 -0.001854695594860772 
1.048428143300169 -0.010603527999293505 -0.014978454298001155 -0.019337444345912193 0.0010115601484930604 0.007429521856192072 0.0038767023928588263 0.005204470229120273 0.015106204761238962 0.011352478913434312 0.008685572870799184 -0.015217859015322441 0.0029168264055333157 0.00017244510835685327 0.005125273398699615 0.02095851047855766 -0.0023154513379760283 -0.009289267159372422 0.0029147597012809433 0.02486018203608719 -0.004387154458637192 
1.0081400642338778 -0.018077739357302995 0.0015627856613014937 -0.0040631816460721185 0.012957218636029258 -0.01037519984497039 -0.01716089577151526 0.0006531441354984259 -0.007767493381733572 -0.007264435029471974 0.013357678247500334 -9.39633456457237e-05 0.008087378310257182 0.0005009957091805193 -0.014548343375843183 -0.018190419459578486 -0.014939792659871632 -0.022080027349689973 0.005606026344498934 0.02180566001069557 -0.007583571410079173 
0.941482517494384 0.012227012658602042 -0.009297731932413929 0.01181102973766897 0.0091658819401515 -0.008968522674926278 -0.0059601721136567625 -0.010756130371175404 -0.0001859245493525568 0.00012572360703138558 -0.01575188492960563 0.009665026936319038 -0.011517224850648596 0.017507006153161343 -0.00869466163875361 -0.010499560795366276 -0.0070656638727763146 -0.00819294494760047 -0.01372063754618022 -0.007606139037608974 -0.014334864480511269 
0.9809521227308828 -0.002985994721736843 0.00035402306180747875 0.006240143527314345 0.002559636849607258 -0.000873554542260795 0.00030501723494005015 -0.025347536797784388 0.006462803428111697 0.0011500091609909615 0.012679555760522971 -0.0015369883648806337 0.0027572341445495263 0.0020416247546084947 0.010282468568036445 -0.0009560136844605543 -0.004493886596086312 0.0014118353090675434 -0.010784036743253204 -0.0004529278172784099 0.004463526592952899 
1.056404481760664 -0.01582783672625947 -0.0037519271346101845 -0.013267569084997323 0.004468183622815741 -0.007864702345011597 0.010827288302847436 -0.01741214407007155 -0.00030746988229012474 0.015255410124178644 9.4498101113946e-05 0.004238344673926798 0.0035081665858706663 0.013764423600332086 0.016211744053187344 -0.012813738253373596 0.009565138679181412 0.01021024162667329 0.020204437600873492 0.0023932027641789485 0.015585469206034614 
0.9341152689378984 -0.012006293265586157 -0.01530999436244828 0.011404381274411209 -0.020363701764809262 0.004646901918808448 0.012606440597585549 -0.004526423781810713 0.012765770794023861 0.002593584799011156 -0.006135890932416228 -0.010092569721982872 -0.01468173429046512 -0.0013608701842010365 -0.0179695903899811 -0.0073471515177605615 -0.007701270131494899 0.021907851982645138 -0.012654006954892693 -0.012070374269699797 0.01280122712798764 
0.9853400937041189 -0.011974862896957048 0.01352787910269234 -0.007989562704848798 0.0005043783882800397 0.001327629853141329 -0.0169849946664679 -0.0014113957296732818 -0.01588410503743033 0.009819070123640108 -0.013210947546267851 0.0019540515243157927 -0.004466315959991139 -0.0001329584493606154 0.01304583104616044 0.0013261876155236613 0.010346609243573435 -0.015226476877277606 -0.02158013032974165 0.014195324617170995 -0.0013166746577350924 
1.0412105457521201 0.01147294119123301 0.008815452168514098 0.003466584837906082 0.008888279686445424 -0.007156826927133338 -0.0021590091204013685 0.00012337532081961038 0.006496282385196212 0.010556269796831748 -0.0018759834869806898 -0.004431250150087603 0.009606081865211556 0.0014199543489258593 -0.029174075012027484 0.0007073511379315558 -0.004930016285545751 0.009764548062450027 0.0025062585768803863 -0.0014749542769042553 0.017213370757529867 
1.0212512657262078 0.020643027709554444 0.00914428232079168 -0.001363804211451635 -0.00972723922053377 -0.0150383680815793 -0.010172313081384379 0.011279396484352775 -0.011475205271965718 0.025227573565730133 0.0027443748487198842 0.001005562762358782 0.005655965692680189 0.003109957208650897 0.005279405516494612 -0.00821186364348435 0.013465531802995858 0.005198893443014774 -0.004513512792697695 -0.001263868231432536 -0.0073917851824443275 
0.9880341726915711 -0.00442526129850295 0.007485468475010828 0.0008796045859771913 0.002811097846055587 0.010383589241566255 0.003251106659054242 0.018638072584423262 0.0003625414823804198 0.015821839483320294 0.004327940817441132 -0.015570810678334808 -0.01025122825456932 0.00044920959016125965 -0.006187857638927888 -0.006306367160328328 -0.005652010737551984 0.0018509234591764824 -0.018236472641662838 0.006553553989011982 -0.010213021000340853 
0.9997505630734304 -0.005807864741136646 -0.0077646077921321105 -0.007900429526053618 -0.008129112085368175 0.0024027916080623527 0.009716211064870552 -0.004098650633135459 0.02310426325736228 0.0013752339693692917 0.0030384674249746197 0.009064237512479992 -0.00026056182369223413 -0.0011438453972588956 -0.022875216017714792 0.001633286219019599 -0.0013103983474946907 -0.0044570239049361885 0.0036137562970739064 -0.0005329009026534054 0.012640081578461242 
0.9974237665284641 -0.002072245481742632 -0.0010862095060558707 -0.0023476198772622503 -0.008959795811765285 -0.01167701698221756 -0.0025362933902072266 -0.003440976721683921 -0.002453581279025364 0.008218101184506893 0.0007767770087414306 0.013504578119715395 0.005880336307826738 -0.0033114249612732133 0.009094428094832798 -0.017384842837406277 0.00144478324615093 0.004383197381794941 0.010159215735936825 0.00024475963817547985 -0.011464766112595 
1.0275144401184768 0.000871462223662496 -0.003755989283331377 0.012249705959045318 4.846724222063319e-07 0.01665771023626647 0.010004490059526354 0.026535424707383588 0.0009643542217009172 -0.003947485137531783 -0.010647715350446 -0.027033410638009125 -0.001458829905497626 0.0070104313851796 -0.003271107748156845 -0.012575444127436886 -0.005015570383149544 -0.005827237755179362 0.006325373318081209 -0.013955304171211212 0.005469308151584573 
0.9620326386744672 -0.009252050455157416 -0.007354352518245308 0.007553516026883611 -0.0017108599943738499 -0.013972569144938024 -0.007111651315643397 -0.0018867844027452088 0.002293707270941122 -0.00834832739795088 -0.019673173229721935 0.0027911022250615065 -0.0048869587313474325 0.013521900535877596 0.01181493278148224 0.007370388045503837 -0.0015891709462169399 0.011317604343564635 0.013927195422982546 -0.009326674020244861 -0.014328971119978905 
1.0206489532243814 0.012506043141328423 -0.005051284840124557 -0.012395142407167308 -0.009643167909805253 0.0067526169265787455 0.011157301449177665 0.010202094221422221 -0.010394455556194105 -0.011105279695531935 -0.0012833332049948026 -0.0067556533383785625 0.0004068699652671057 0.011975924986169673 -0.016639017865421664 -0.007699232282024773 0.007049978953099921 0.018118475652465285 0.012286245667375474 -0.007942427263829632 -0.00394295512630364 
0.9743726301670383 -0.002358406132064604 -0.0001711822781699982 -0.019261039236240302 0.012000456719799 1.8660576145510777e-05 -0.010384631441205657 -0.004185490253434863 -0.0014540683010889255 0.009899596559009318 0.0016761320255981832 -0.016488924940767674 0.01778333563212734 -0.005749755142261329 -0.011079294610523358 0.009924876902206291 0.014742730270222465 -0.017811466689248566 -0.01006955752550652 0.010821885101440219 -0.018301113859033057 
1.011492839893006 -0.00021109200436812594 0.0036721131968428713 -0.006024587550689772 -0.0023396644958617588 -0.01656694608327926 0.004635187024062403 0.003937057167709229 -0.00552401566513755 -0.0022761346863897467 0.009242059604190573 0.007341138666389555 -0.013079875665228542 -0.0033867076917973317 0.0036912943211159406 0.019231073893188316 -0.009969710552027021 0.009125046333533516 0.004738661791738116 0.0033299624388433507 0.016401171752685347 
0.9580510159413103 0.012155947844168903 -0.010349384825080958 0.009409721677529938 -0.006574574305581281 -0.012520465796482196 0.003091361835205936 -0.0005855397961264293 -0.010881031580791498 0.0006937288244006277 -0.015058344892635857 -0.020210836401124484 -0.000917650726441034 -0.0065313001896268735 0.011185670147752656 -0.002943414132681883 0.015966297828333934 -0.010459537197052867 -0.004820533098665672 -0.01557840457559999 -0.004027800190237232 
0.9826626180010309 -0.001387737885653212 0.00842213206835887 0.002100275753473753 -0.007864717808974318 -0.010785809500517714 -0.002287042954272427 -0.025644818501138485 -0.01212873471501614 0.00937480107388557 0.0057219113799424634 -0.01569426280818511 -0.001645263868046496 0.0081696050663877 0.006468562358700526 -0.001371550806274908 0.0146991383129849 0.005380023227254634 0.0038384812982101353 -0.005368931972888314 -0.01151331917750348 
0.9664012163819597 -0.007588479019286141 0.00039788707875601406 0.0014943240086780296 -0.009960978163966792 -0.012288014583355617 -0.0030706902957192035 -0.002140866263809851 -0.002715422216129728 0.013305291948226789 -0.012946040343823276 -0.0034677733697727163 -0.0022263221260640435 -0.00706472333811821 0.0031440707819055352 0.0050651400797102645 0.017467801578060743 -0.006043953770872249 -0.01893376941564511 -0.0037448060711015407 0.009501732360151683 
1.0633709979622676 0.0012739949821673597 0.007676731624747855 0.022490609286944838 0.00017971459893957037 -0.010698633286121651 0.016177579017316066 0.009282992566411508 -0.007074891919100033 0.004571821345111965 0.01271429525606127 0.006516077254322543 -0.018632168038496967 -0.011012731309602033 -0.00040477295296743995 0.006023105260184881 -0.01198785074580517 -0.00565678126602693 0.015055352108129099 -0.0016399009022941267 0.003382977464739678 
0.9442322790025841 0.0015185787189167389 -0.007864546023402069 0.001337466945638312 -0.0006127701891122982 -0.005833962255750093 0.002242062020529175 -0.0007037223962940444 0.006170054990788443 -0.005714772242356829 0.013000352200117346 0.00018112437978578803 -0.004382252484983114 -0.004987222377929398 -0.002819087507436697 0.014414565523564488 -0.009976152138740335 0.004765806959143065 -0.0025676781917645638 -0.005680856841061431 -0.008843003305697913 
0.9421433344553088 0.015313522470144936 0.003556040832136124 -0.000455710182278204 -0.0011414181633353966 0.008147752316534852 0.006567298048818741 -0.007459222740906758 -0.021474418486735657 0.012270244060752252 -0.0037198009679760913 -0.004836009101141612 -0.013151884532135396 -0.007511761484247424 0.00700894596712354 0.008624092634790366 -0.009333237440566848 -0.033806804126030515 -0.021442467029389473 -0.00285213656972279 -0.007155080903148024 
1.00351621620656 -0.009718930295417429 -0.00950584513889476 0.01337757837495808 -0.010257423010734977 0.010083068793985102 0.009464838950681165 0.0162420981725479 0.0005415660579194536 -0.005142728970502548 0.006209422038775689 0.01653026042652206 0.0004603975458077283 0.0020198185126637756 -0.007160264346510838 0.0012147952434023686 -0.00922095785798153 -0.00610699659655591 -0.0059167503450451185 0.004061855155089175 -0.010166041449705796 
1.0261237641519532 -0.007966196049304323 0.002044480567950212 -0.024183464986961948 -0.021616097760663363 -0.007390653744375259 0.008717947649591757 -0.011381970293822225 0.010048768167832471 0.009432861475360113 0.0055916102838361615 -0.004184277260332026 -0.006747071803527235 -0.0005228610241951782 0.008661039408402236 -0.01999417327466634 0.015258701852441403 0.015256251749906111 0.005316386697197396 0.004382830044432865 0.003125794568823781 
1.0048201513705572 -6.159795605429892e-05 -0.006826992593812297 0.021140554119558206 0.006189858518893928 -0.010931484901861658 -0.005002313910164819 0.01418849627640736 0.013262518223587066 -0.007599148921310187 0.006838708891897788 0.004532468576600347 0.00491544277366681 0.0032963162397268426 0.004768032254227677 -0.004619183643983134 -0.0176323336252204 0.0016490143961611812 0.009118908756598279 0.016476987828703236 -0.010150535982054096 
1.013942325737755 0.020178853643489453 -0.01630140445091383 -0.01802322698780149 -0.01736505331487647 -0.0009812438238488987 -0.0036196896139134606 0.01834439277358655 -0.014746072249723638 0.002040076124265223 0.021163229958634282 -0.00031330713529482274 -0.009283447353719436 0.0027888225927985033 4.696184017042477e-05 -0.023051786268345382 0.003732558402211423 -0.006596911333949513 0.0007901868623186484 0.011742092768508216 -0.008260494387551859 
1.0047054077470168 -0.0035571072730324746 -0.0027937363060032768 -0.004645658229866298 -0.007379264746283629 0.011890751710131318 -0.01631876814330237 0.000726879859661446 -0.0008843088269188521 -0.00504518152249074 0.012944468637138454 -0.0070491522510880405 -0.0050250788377778285 0.006843340595375576 0.005984328692722467 0.015074243173888158 -0.011789281236450858 -0.011565954967694752 -0.005100325922262572 0.014703854315850012 0.005630823776813937 
0.9867792295893731 0.001869017557900989 0.010185182182272632 -0.01467014912381785 0.009747847817375168 -0.005967561453249898 -0.008503101871399363 -0.011425047011222501 0.00826297716357857 -0.021826370087198427 0.01512929331938789 0.002552064287975152 0.007226740378577522 -0.0008708424269769128 0.013870693416497132 0.005653488869724078 -0.005399399223198497 0.006583567961640211 0.007597794026863283 -0.021291459719153156 -0.008078242599885882 
0.9894846307947995 0.00807687744062101 0.013497817129872622 -0.00890298683542468 0.01406835581486972 -0.0030829550955763564 -0.01045719723333294 0.007549827600812282 0.008570992284730601 0.004751556043838071 -0.0036540509488744684 0.005946149719099505 -0.0015125626360193334 -0.00972274530564098 -0.0006599465771662721 -0.018102283855667717 -0.013612463647393259 0.0038509517217056345 0.001244831898128523 -0.00026895716296548866 -0.00692406722673807 
1.0040787032862328 -0.0041383514064627265 0.013759912204827182 0.011561673086147741 -0.024410894934629068 -0.002171439484637441 -0.005299391358187548 -0.0003417389526013055 0.014884523051010264 -0.005710002016565773 0.007308421603318039 0.014754436583483932 0.008697541073270627 0.011591448879497661 0.00625024758334434 -0.0140126830151902 -0.011801100578528869 0.005389948741424233 0.00012049998166957062 0.006509874406879172 0.0038395755578321845 
0.9911254840249767 -0.019263690175726485 0.009185853380589519 0.010887866043459449 -0.020689259771902217 0.0102159798121539 0.010483556226441221 -0.0018123165328219355 -0.002291351347993641 -0.005622454442528111 -0.0038999356553408027 -0.015501285297854392 0.0047417065962600535 -0.0024371049983122057 0.011467202840054862 -5.7791943466618364e-05 -0.010887532142649715 0.006081467737428344 0.009417840175812165 -0.0019511623371723347 0.00748638033485615 
1.0216208899195889 -0.004960756770443101 0.0010689914558035796 0.015964429992516665 -0.017296307312765182 0.0011125199018362916 0.01675909606571559 0.0018774537714826933 0.01018369101630834 -0.0013165268160816696 0.008864575626317914 0.0010603020837708088 0.001299228981040059 -0.009277712921916276 -0.0075683054906436975 0.02271198731354345 0.01502103319402109 0.0005790975016893705 0.017316214294085763 -0.010516558628994293 -0.00220837323958254 
0.9691186915800393 0.009568805361949814 -0.005585312735645639 -0.005735393986345129 0.005238023599928001 -0.005168610614530665 -0.007354636739467742 0.011304054955733568 -0.011586975795904328 0.015104693974916667 0.007533797281284374 -0.01633545167588462 -0.0056570742002068335 -0.008117552975628163 -0.0028081050450145533 -0.022962889450257543 -0.0037851496663194825 0.013369596537901436 -0.005323094281969722 -0.020038937817580052 0.0009694932411687271 
0.9677953607111826 -0.0007758950819770202 -0.003461443143829924 -0.01681863660282153 -0.010992594069824287 0.009451543449050663 0.00579127757276533 -0.005658409865601505 0.013883792512939619 -0.004373649765858587 -0.009424878552259975 0.0030650888803353867 0.0033259075156613087 -0.008124528027994762 0.006307235773936067 -0.010246799697331546 -0.010882842908753711 0.011557994028553507 0.007537841376000617 0.0036087137838662383 0.0014128531470018533 
1.0641808596231845 -0.0018297662991250186 -0.00015692262267576407 -0.004115345238260864 0.008088447065886574 0.014147353076455626 -0.0007999926023286236 -0.020944391724584236 0.0021850795467585698 0.0037962325020428718 0.01638641556970801 -0.0038604345679111845 -0.001583680957469802 0.013161875596964887 0.014340910210871369 0.012256252128810478 0.0031021969813549645 -0.0029033536547649536 0.027413099495745136 0.010536886764241424 3.8924732667735796e-05 
1.0305769482176896 -0.032426680124209656 -0.009363563441696006 -0.002844240351675256 0.006358984605345709 0.011586420697068786 0.012746910750943603 0.004973350006049803 -0.013440694706685866 -0.011765733041917388 0.0032521905362407184 0.0004109373580009093 -0.0036166834043790163 -0.00033512396262572706 -0.0034361662727759295 0.004274297677461508 0.0012880002824943518 0.0059182670984616395 0.00539148391375005 0.009683867217000892 -0.012178300271096978 
1.0221975180269938 0.020900229434266122 0.0020997746484781223 0.014621947314902366 0.0023939393259234673 0.011680257783583548 0.017136347252389713 0.004344518415101924 -0.007367588381998452 0.0011907220182628573 -0.00019324439462765994 0.013831012453924341 -0.006273619520852124 -0.012111206492804593 -0.022760797132600544 -0.007807566477906194 -0.006072638372430383 -0.011180484709123509 0.007244026342198455 -0.00029311744166729537 -0.0012273874518346245 
1.0538632444562823 0.013849151927115505 0.0054086797942314935 -0.01805717966360038 -0.0028472493235882777 0.002256220465871442 0.02310898784733874 0.0017005649592193321 -0.01599182493953506 -0.009919244175496113 0.011358303966730722 0.019023175247366967 0.017956671153736007 -0.01339398772824212 -0.011885633428954547 0.0034277013960852805 -0.00836218516181491 -0.014938292963357587 0.01824757078713965 0.001244949927904922 0.021597434268842804 
0.9985022940465474 0.0018530125320505852 -0.0023040067505765995 -0.01032215871576784 0.011622845107046191 0.009701028375831448 0.01502155853710785 0.0038520442476301015 0.0026755892855548145 -0.002727347679593572 -0.005867573108703599 0.009442045967579162 0.001819545854136446 -0.016178284057385434 -0.011950983163011658 0.004689875553401385 -0.005037876279510636 0.000313288067148435 0.002747931617332978 0.003496368220462744 -0.01631000764343404 
1.002299787618721 0.0016432630774074813 0.0049354570190873245 0.0008789097033046739 -0.005918075293339126 -0.01267804038378924 -0.009736408261321033 0.008160564598858566 -0.004665565827384624 0.0013893823611859516 0.016949562280612722 0.0018979034141446605 0.014094166801302373 0.007701099942334766 -0.01435289562855779 0.001259113082644534 0.005746231199133554 0.015054187875404789 0.007044238589996299 -0.02081667283407315 0.001141950412864558 
1.0166253005701342 -0.012719819050949011 -0.01467633454707959 -0.006419242226745744 0.01013974124157806 0.0016363292322134602 0.007720642122936847 -0.00971589616656737 -0.014229810168589348 0.010934773070975288 -0.009468445299819203 -0.004517406237243333 0.014333964994685887 -0.0009318180218928908 -0.009568111995101203 -0.013574887695555052 -0.0009593383492949631 0.014481861446247355 0.007121881061092991 0.020827845360686867 0.01164895433344891 
0.957033129894845 -0.0008913646334948255 -0.004370801014290918 0.009840227433203081 0.01282675261172185 -0.01709403448286258 -0.0019373115658791113 -0.005852207647656259 -0.0005590745037453433 -0.010269230336564102 -0.016337325524028216 0.0033653293978356843 -0.016934716194664287 -0.010564051254693297 -0.011735871294225 0.0021764396104572777 -0.010582006940008642 -0.005650863080605111 0.013988396566555525 -0.001377449396195212 -0.005311707786168747 
1.0254074701471438 -0.006861191171478756 -0.00471978855297572 -0.0022184643686002366 -0.004375514065299102 -0.002547401395341272 0.006998026834791223 -0.009594371008737444 -0.010416425558198265 -0.025192627060907757 0.010197679526864194 0.00935523889641908 0.0018836769822992755 0.018775622231667063 -0.0030916863427097657 -5.304874931053396e-05 -0.0055342157170020015 -0.01585022526248389 0.007436323625388701 -0.0027401601733419256 -0.011955901827509672 
1.0322603038617864 -0.00034467620176975995 0.0019437345766742515 0.007797961349323462 0.0034476710086917767 -0.007865774158599945 0.01008054551285113 -0.0021361912002154535 -0.00391765468796481 0.008181354535600644 0.006708879311548479 0.02442626692706272 -0.010232069382521641 -0.0003945355977003724 0.007679351966163757 0.0018322578614048473 0.012106158728594038 -0.0016117895103937108 0.006134887179040849 0.005182585463984003 -0.009944970944370501 
0.9885825238408779 0.010821982420624125 -0.007678461642908409 0.002066210142680716 -0.002003497887323193 6.866155875355801e-05 0.0025390460787729457 0.011054875156916753 -0.009942312656477013 -0.008070395225659043 -0.018043212187498398 -0.002665615527729526 0.0007045428013294268 0.02001820776111761 0.0106406412807628 0.00841149283984546 -0.013180905066253532 -0.0180196698143547 -0.002711312937184348 0.005000042476525441 0.006352270118820007 
1.0000131760359647 -0.007065496048416354 0.015318309163297121 -0.010173638508552279 0.020047197679013157 -0.00026984127544450737 -0.009470524048365925 -0.0057935882969821955 -4.945248317260081e-05 -0.0030213595578439598 0.014169404781901734 0.014337861132682551 -0.0030660081633772747 -0.014192057524319684 -0.0007165478304205059 -0.012662859004981528 -0.012207444485605092 0.007872639185854395 -0.015415025292265492 -0.0035780550286594755 0.0012721767347064475 
1.038225809172302 0.01915221733939749 0.0019418918047983567 -0.0029512919013847377 -0.0009404457787780729 0.010742374436406538 -0.003539683758419638 0.013512299657946323 0.0063759599933966415 -0.0005120594352520706 -0.01213379184593448 0.003760392840211104 0.008441505184464616 0.010581512267598554 0.03075053655504683 -5.9535639505442306e-05 0.029280134148518745 -0.0099565441824281 0.011496434360276706 -0.014493596509395803 0.0002752105676865489 
1.0138032560619208 0.004043164876270593 0.01091768221383045 -0.01793093060448944 0.014267695919761379 0.010473941102283373 -0.00023767275006491252 0.009195363104595606 0.009802376108096677 -0.0037704544126907938 -0.018248155293936103 -0.006274727326289435 -0.005684301415255896 0.008058367589979156 -0.005997751367641158 0.013098182081013144 0.009767364197462857 -0.002934975201885889 -0.02355394546340263 0.0034620126457694344 0.0015523360466467768 
1.0108803149663252 -0.002196033228434346 -0.003542348978316622 -0.028723019850948328 -0.000794479180740392 -0.005522622357212208 0.014593771944602192 0.004248936269757482 0.013020362706734128 0.013388395229874775 0.0005192653153656395 -0.004476089081527539 -0.003606663073148568 0.0027810110829249927 0.014462066484425199 0.000709608831531243 -0.0062831852285023864 0.0032092886943911256 0.012932981012465759 -0.00899122798496269 -0.009469587926475731 
0.9886888550534143 -0.011608874066404014 0.0011205662896869252 -0.004979041485593694 -0.009837020045791584 -0.002420212397992293 -0.0024883759813432525 0.007728584306676841 0.004295302427965425 -0.003861854087172717 -0.007826874014481199 0.007280951782547835 -0.0012497585304160304 0.002612307933728933 0.008651451372444196 -0.005064114518309127 0.0017466530928805235 -0.012986881626863064 -0.004546020435261952 0.009896246966822028 -0.006773755733900653 
0.9922774711495492 0.003432727489758282 0.0054215670285197365 0.013006725856309409 0.005499129612541716 -0.012473181895534442 0.004721818738389541 -0.013090477592241363 0.002621586261699936 -0.012616027630915433 -0.0033433172685739055 -0.00017506824668065869 0.018019401129358844 0.0062947357079603476 -0.005484281470175906 -0.01941376274769637 -0.01630780271071594 -0.006490275240472929 -0.004512147113876256 -0.007501492027292972 0.022724550579936366 
1.0351126774159731 -0.014712746248372944 0.00914502094002622 -0.0027203645687206906 0.014044048497224529 -0.00885993369072897 -0.011561217258142917 -0.008366411862579196 0.01573027864455512 -0.005926080663997409 0.01865149200746564 0.007899936230032517 0.011866542446879883 -0.01150841980124655 -0.01174922648416543 0.001127487955419477 -0.005492952132154358 -0.0038083536078050914 0.025904629985147868 0.009896485432936915 0.009550733908283706 
0.96981025042176 0.004315464620558509 -0.0020118648967405043 0.0004344660648413127 -0.02133510757612144 -0.0050078547849964706 0.005280993812943609 0.012999149975854439 -0.012428962629388748 0.008474698269267965 -0.0013393515637839522 0.0021605655802136607 -0.007747542939551622 0.002893500408930674 0.0056333229893548355 -0.009014494680624813 -0.0009135102343357995 0.0023264951959910004 0.012228095082486193 -0.01809735235413097 -0.014610199303730958 
1.0364653096886396 -0.021178608603765223 -0.01567179015685949 -0.008083701899479347 0.007591651398804612 0.008060539837832677 0.012153423849237083 -0.014921177870152031 0.010828119678837695 -0.013100379411647902 0.007468416108419956 -0.0018487498186773275 -0.009142073362642705 -0.0011992316411967804 0.003432622858246426 0.011053058022400015 0.00754550107608763 -0.008280524188185017 -0.006099135565526221 0.010852120561542427 0.02377743012286309 
0.9843231023039769 -0.01031130275377796 0.001048849405899034 0.011601651679525284 -0.000571141948520028 -0.01505609976361026 -0.018723088132177435 -0.003290347788390165 -0.004191458020331218 0.0039958857799806055 -0.01235358172791698 -0.0016518274628976102 0.0029939616385613083 0.023414872837302293 0.0009351373256723355 0.01181241236544141 -0.0017788803381978422 -0.0037945786828592278 0.015844504995931725 -0.003545052518065296 -0.00822777169108726 
0.9712614266758677 0.002711585273435198 -0.005479208818613978 0.004844719005307601 -0.007003902813437738 0.01559085941510538 0.005138328319696108 -0.00951220376646845 0.01594439058200988 -0.000493435706672997 -0.010773472436327784 0.01152009384861241 0.004924039682466509 -0.006899239110135489 -0.0026692139132307906 0.0038400589323582188 0.0004354648160232809 -0.001013070172479829 0.0012400049940122899 -0.005952958081148686 0.00162471388853274 
1.0031267599409592 0.004662938626769831 -0.009478989313929183 0.007543091912921949 0.00035751748694511006 0.0010037065681042672 -0.015095874302595352 -0.008261957383317597 -0.019986690216383877 -0.009122235761184436 -0.0005599675830057242 -0.01447851233877824 0.0007417507863004631 -0.0028596378877050357 0.005872791390133493 0.0029585779178232866 0.005972647993362088 0.02140981717174936 0.006638480731005948 0.005077439735302953 0.023753327834860092 
1.0070398959881235 0.011851951268093793 0.008712041371521841 0.005483373371780925 -0.0030729415035621517 0.01884675000134077 0.0011619812787137128 0.013350787125253174 -0.02334510220604665 -0.00703579197827558 0.005240039578828843 -0.014132657166817544 0.00043418455271119295 -0.0055420390865892465 0.005632406718732066 -0.008475471775772143 -0.009280650539495573 9.183269358769636e-05 0.0011517055977167295 -0.00531161911180115 0.001660374260776919 
0.9738240996956669 0.017154541912945544 -0.005820778762222993 0.005157589823848705 -0.005196411191898855 0.0011014591888289058 0.005755427914301663 -0.005561769621177592 -0.006364415077121141 0.025939616474022934 -0.0009770492991884475 0.009219149170672018 -0.004890353652010323 -0.0023241365855720055 -0.0027030848489790686 -0.006206716702333943 -0.010486473060180858 -0.009546566001944016 0.017828344917487696 0.002413872712543674 -0.009545566501624993 
1.0007288381138753 -0.012678186179748507 -0.004564647721531034 0.007421918048087818 0.013851781762711903 -0.005197619376294291 0.011744449874021274 0.01707132193997825 -0.011616995332121518 -0.001196717082479388 -0.008595663304849309 -0.004196812824777094 0.006589390869001277 -0.0014118058779441186 0.0032688735384454478 0.012731376533687845 0.0007752923151229632 -0.0025055742525494583 -0.013065980447820476 0.009302208118001006 -0.013003778841007584 
1.016130751842339 0.008542561792614072 0.004999016821706172 -0.002562654898526302 -0.005896125376806049 -0.02043171222776979 0.015078947167593608 0.0017642554519028165 0.012643901490112588 0.002216092358904229 0.0018797345560870608 0.00042410195884578974 0.013405321598154465 -0.006237853318693349 -0.011846276227982531 -0.00017145540750528032 0.001247597826906148 0.011523902889907605 -0.004374706693351365 -0.006905993977534079 -0.0011532781927103115 
0.9693329058523431 -0.0077156224354363815 0.0004936302452228931 0.004673687860075414 -0.010984121369098486 0.0071469063839970474 -0.007506262128493645 1.785242716212598e-05 -0.0069748241567439105 0.007628976556403533 -0.007379088496874794 -0.011267563180753346 -0.010021608234504145 -0.005004417333924539 0.0018192420160453588 -0.005481665277803126 -0.0024486380127013846 0.0005215325022324223 0.013127944779776227 0.007168298569994716 -0.004294877418513434 
0.9818093557663292 0.011504622123706345 -0.00057632414815494 0.0017170045592706173 -0.0008293221234858038 0.007631244375227837 0.004029298836495462 -0.0047371187375689384 -0.0005371007289174718 -0.00774389395016454 -0.008963637642844583 0.005946604308336342 0.004357799181285943 0.008043068240728838 0.0024706092140750996 -0.004905328753302281 -0.004620692827544991 -0.005706642078865225 -0.015970723100408545 -0.002979920814702745 0.010949755352641595 
1.0019138628257234 -0.0040080836994787475 -0.011341663183415077 0.02484866152353361 0.0023198475910891866 0.029555961963193482 0.0003501826257525597 -0.0012642028322665461 0.0008231152390453987 -0.004935363111783196 0.01000908917950726 0.014360196577959535 -0.01605696573457705 0.000132975767925815 -0.0015988386657564949 -0.020362216379217427 -0.014267346910185203 0.0014117542312587748 0.00610312913975112 0.011106698501460541 -0.00328123551049634 
