"V1" "V2" "V3" "V4" "V5" "V6" "V7" "V8" "V9" "V10" "V11"
0.891433465917409 -0.0184544838900671 -0.000347143291013739 -0.00582101284915297 -0.00964843337181816 -0.00234679016876648 0.015110256584913 0.00483523382014221 -0.00210111568383248 -0.00829539578995389 -0.0231489579743869
0.885467541649683 0.00823462602863434 0.00948845958214872 -0.00888446903239703 0.00793484211042947 0.00441564897502844 -0.00339486235932343 -0.00464101879932502 0.00314692991478822 0.00607161999713004 -0.0142984864494432
1.08769806088102 -0.0208681290682906 -0.0116590768360825 0.00104902484605984 0.012036441670718 0.0188654614307957 0.000850222624620646 -0.00638122641807635 0.00722432632584075 -0.00166201872784477 -0.00796080842936184
1.0016387018515 -0.0107859488033006 0.00911557251750653 -0.0329980431875278 -0.0217805900992457 -0.00965646621486979 0.00730853718464901 0.00664783484583022 0.00404082659969996 -0.00143211117529647 0.0261332635289237
0.901149443654442 -0.00338348382237431 -0.00117655603958146 -0.00141477222346132 0.00466380682889303 0.0120968818530506 -0.0140374855172582 0.00278523397962336 -0.0107412786882739 -0.00669837010333018 -0.0166195528824553
1.01755208093746 0.00941830797593659 -0.0184948268669695 -0.0144049918601991 -0.0182227987672663 0.0175359459321403 -0.00887438718139906 0.00207215630924572 -0.00890059071218593 0.00952522958550651 0.00110488815175905
1.13572805825943 -0.00281157822315906 -0.00846199095762843 0.0186110002603835 0.00206101132787652 -0.00893430772497006 0.00331213831267485 -0.00454946782717431 -0.0259675916306433 -0.00410265963959804 0.0145151524864472
0.992817119137495 0.015809983512925 0.00732930069752312 0.00201678002217609 -0.0100490890007671 0.00185293701007438 0.0132946857310542 0.00930319274199924 -0.0156375992287644 0.0204520481221598 0.0123241211244398
0.957976740183172 0.0216134827692643 0.00801689650675949 0.00227144219126505 -0.00623621066324305 -0.00985905282354496 -0.0139432394481934 -0.020033479160304 -0.0123599086462623 0.000632201221974178 -0.00164360197857384
1.03366945120145 0.0123094786416338 -0.0104050254695628 -0.00206416436115614 0.00328177713474878 -0.00325827311623455 -0.015978068610526 -0.0128653450495419 0.00569701526839504 0.00800606232442556 0.00283160078670461
0.975530257615802 -0.00978307901586948 -0.0052594103488003 0.0108091374137782 -0.0131293610700982 -0.0102814637567064 -0.0267909796434177 0.000967501559625126 -0.0105133224841431 -0.038802187852611 -0.00316196171964945
0.910506467087148 0.00425091548018044 -0.0217669712533313 0.00257770032045972 -0.00691874665106338 0.0114987555764954 -0.0103453299763066 -0.0196099239551078 0.00471004812402016 -0.00928210173907425 -0.00707044676777181
0.996159456344232 0.00496023410681966 0.0071410877708159 0.00809756575176909 -0.0204128939136414 -0.00225320567886618 -0.0072767413720461 -0.00757987293624447 -0.00725694530934798 0.00349407096748027 0.0215057891820814
1.08820605486368 -0.0111419468198056 -0.00503903670104629 -0.0120811193371477 0.00427142847989028 -0.0132403461591414 0.0026153315420861 0.00182150117511757 0.00231746549292616 -0.0216156618939678 0.00553049779489828
1.00439580964709 -0.0100377285660832 -0.00642061814576556 -0.00730659012847814 0.000115759904110578 -0.0155089291346611 0.00854169135519599 -0.0072400681827039 -0.0153103159747863 -0.0195525100866599 -0.00235298988732372
0.972687716295796 0.00266635049570569 -0.00414607329842821 0.00686539680151352 0.00300537100901884 0.00563700140599977 -0.00203482557153554 0.0225840522083637 0.00876950510058706 0.0128281110370253 -0.00855097191801528
0.961148580089139 -0.017732872584696 -0.0128328212061514 0.00266118749997236 -0.00849438801404147 0.00643674389789933 -0.0116920728007805 0.000211546035820513 -0.00844745548217245 -0.00447599053198343 0.0137234579652981
0.988991468291245 -0.00408196826743308 -0.0103994901390851 -0.0174016731688844 0.0216776521623113 0.00395904586434983 0.00542276527714059 -0.00871361476595763 0.00248265597848742 0.00805948787620304 0.000227507021396509
0.957770040271994 -0.00624989228936056 0.00450991881177033 -0.00409120783187916 0.00939235839290279 -0.00676828376331496 -0.00561671625122674 -0.00553092865684555 0.000808935706308272 -0.0251714113593987 0.0089113319869542
1.1274368527352 -0.00739209650279048 -0.00225784735950211 0.0257927473558919 0.00820679293488314 0.00240582221726569 -0.00869498145916305 0.00572997758879884 -0.00242086657004967 0.0189300069370478 0.00132585763703117
1.0161728546764 0.00648666802677955 -0.00147051502903052 -0.000167372338975656 -0.00104688842504657 0.00208457367383408 0.00256283855415999 0.0170940815293812 -0.00433883068505415 -0.0150101032008069 -0.020495599744361
0.999198566631972 0.0047587344206264 0.000436814365917175 -0.00943719578829854 -0.0131018797183697 -0.00478632840165985 0.00866621254327977 -0.00855767140995115 0.000419893886106965 -0.00666624979690802 -0.0060452800407329
0.948053276638469 -0.000553079993903533 -0.0163495798454527 -0.00500526682220344 -0.00144177911512923 0.000499425877568102 -0.00423424676202565 0.0013294667958786 0.00573465392470154 -0.0045490857823537 -0.00412962871137419
0.899484239044608 -0.00687128087372582 0.00144013523274696 -0.00250460451780123 0.0124626430632027 0.020334241851513 0.00992058394182925 -0.0119218587011549 -0.00147375579380921 0.0180583837444676 -0.000713660054453924
1.0186774410837 -0.00282464593110938 -0.00540604425727501 0.00268548990186589 -0.00374925834498578 0.00443188920168729 -0.00299596169108098 0.00688778631089395 -0.0163457754273884 -0.0129842347614108 0.00131993498333427
0.996349569927707 0.0201395770819657 0.00725358231405345 0.00261692357838974 0.0120549623849588 0.0115893060861027 -0.000549176441365484 -0.00517043026886696 0.00210078370220825 -0.0139826582072814 -0.00430117331256684
1.04535820085547 -0.00961012140357693 -0.00945591234391876 0.00399070487959418 -0.0149257962712513 -0.00438219256085318 0.00363086291807661 0.00148158020238429 0.0192981578489589 -0.00682627437223232 0.000570126871228331
1.02996269023548 -0.000336791498244336 -0.0172258553395043 0.00399219240696945 0.00790620610767624 -0.00266448201676299 -0.00119591949900191 0.00103592597657847 -0.0132546694329271 -0.0186081511364442 0.00121672480890932
0.983500437365125 0.0207285055989886 0.0164877575578365 0.0165484582153812 -0.0209639528991267 -0.00123155189432817 -0.00256232535271307 -0.000464957668377904 0.00344306309855018 0.00185353435353949 -0.00480132876458856
0.947205824553894 0.0197862316936759 -0.0107933373952792 0.0124232398525945 0.00747131479475079 -0.0077706513905354 0.00143877118065611 -0.00422778217937042 -0.00232629807522767 0.00332656116773926 -0.0100661348547779
0.899963340654566 0.0146301701463684 -0.0117694332648687 0.000499098230939576 0.000384589796333937 -0.0215938703815459 0.00669798615208934 -0.0156245773203812 0.00258118845239677 0.00315169534834042 -0.0166305262730004
1.03109765934995 0.0187538659025786 0.00589667170961156 -0.0132760158420466 -0.00223169709568542 -0.0163491445491035 0.00172594364327358 -0.0327509563686269 0.00998351119922761 0.00838587342412307 0.00959449550982748
1.05078941247956 0.00412718649265582 -0.00922474215777911 0.00691215998472727 -0.0106492159720135 -0.00465597849430385 -0.00929060435723597 -0.0182682671901614 0.00552180863423053 -0.00617577417391515 -0.0016911639334101
0.943735533985559 0.00190858129663244 0.0262600792451553 0.0038679446126417 -0.00612951130433888 0.0100901323806804 -0.00198504871343186 -0.0129327380854416 -0.0124318958390463 0.00405208613686053 -0.00246090388392342
1.07222689679308 0.00919373317850046 0.00758725793018029 0.00838107446070887 -0.0013707200876669 -0.00268628113991572 -0.0144253016000441 0.0132211656567741 0.00479781433706407 0.00495361875197384 -0.0149540978721701
0.984337832867496 -0.0075640164479516 -0.0105867611186105 0.0205739835051809 0.00316336644025766 0.0012977914178604 -0.0179872651170658 0.006549313960584 0.000774793846304695 0.0153427843883799 0.00686716126757407
1.00159765345227 0.00143527083805987 0.0114898547436874 0.0112662520662384 -0.0101673786867903 -0.00361001793783416 -0.0105778588556086 0.0147656033096396 -0.00405846719542387 -0.00556125971736581 0.00592636353619529
1.00076435367532 -0.00528849304945389 0.0192352868101459 -0.00483079993846975 -0.000342668854257911 0.000487037477724351 -0.0169105321929831 0.0100680133168787 -0.00887790607133489 0.00607585300255335 0.0126792397031235
0.982249872952787 -0.0125888344928097 -0.00359268617431587 0.0131619086552807 0.0177851042536503 0.0156493462533494 0.00895573407365292 0.00416512065359328 -0.0131918687293974 0.0135410241208333 0.00261921308070281
1.04014071635287 -0.000734561497191703 0.0241097935162813 0.0050978298616405 0.00125362606729101 0.0064856342456708 -0.00777363423643059 0.00335947499081539 0.0153041776983587 -0.0180930979644536 -0.0167393816032465
0.968323297810267 -0.0185332947843477 0.00526765259027101 0.0115172000796588 0.00475509385253675 0.00719755599809748 -0.00250870994969136 -0.0155108499204996 -0.0131642043340637 0.00286932313740237 -0.00239861127078537
0.974965773980412 0.00702891428849275 -0.00346543290157058 -0.00180270617605317 -0.0155852738083968 -0.00116639042330359 0.00642857077444002 0.00411796893281682 -0.00611594260035854 0.0062194095113042 0.00753499826372161
0.878628150887289 -0.00868515279037673 0.00361982712221516 0.0165762557260487 0.0135412988141122 -0.000242291627893185 0.00184984645335973 0.00613415366620965 0.00839786781210041 -0.00339036342467559 -0.0191705578350885
1.0883849746373 0.0112568923884769 0.0126422456230526 -0.00560280537180092 -0.00341279510989409 -0.000528868693172898 -0.000258371005566693 0.00404586865099833 -0.00429332483669868 0.00255521218601841 0.013748764672473
0.962454586540603 0.00842335246155902 0.00732223374434122 -0.0198045975035998 -0.00710027857038203 0.0123738354543811 0.0232081429553866 0.0185362921999004 -0.0165512014868684 0.0184847436096345 -0.00194354849478812
0.962114205442104 -0.0215109410281827 -0.00479825905358405 -0.0102380948009992 0.00680479490537724 0.00524993441662317 0.015158793299038 0.0125599413045134 -0.00518803615256125 -0.000766644992226033 -0.00557655236944786
0.981244914234079 -0.00292602530922561 -0.00437558004902784 -0.00887143336023375 0.00424787320966008 -0.00690948623546927 0.00345376510264097 0.0015727886787137 0.00145819522478997 0.00179461382808642 0.00450578132849271
1.01941418615861 -0.000304427639203564 -0.00235386169922783 0.00784581501523453 0.00817791600164555 -0.00317792747865211 0.00571294829439371 -0.00709139686344849 0.00229586537214889 0.00729854551284453 -0.00263328082060531
1.01881674366025 0.000530110674834135 0.00348662309142868 -0.0100806238371172 0.012245258508134 0.00892977135043006 -0.0118000917285867 0.00392908688534443 0.0120680040258871 -0.00672632464942734 0.01392713031725
1.09078685783183 -0.00570557104289654 0.00755988497930142 0.00578913896125737 -0.00482920717824125 0.00981314001838004 -0.00129071567895246 0.0101787020420523 -0.00278825046796156 -0.00758989057316448 0.00625871625747839
