"V1" "V2" "V3" "V4" "V5" "V6" "V7" "V8" "V9" "V10" "V11"
1.00543096799638 0.00889077910116617 -0.0161640455780651 0.00592690994105782 0.0147654561196091 -0.00426831144844245 -0.00792822239121055 0.0163708154949234 -0.000268045638593715 -0.0125656715551634 -0.0019850053862694
0.997743948264702 0.00973143686158352 0.0254225136451452 -0.00325134079267063 0.00353177677836962 0.00531908501915826 -0.00633314304260928 0.0037575422227228 -0.00344127787625436 0.0122754360366577 -0.00444410034924447
1.01201932201681 0.00140079681378389 0.00147610646577815 0.00572706118410108 0.000901707372235118 0.00167886190714711 -0.00134125914548701 -0.000830336969019079 0.00383547191298022 -0.00996181109167103 -0.000119368049661488
0.980209316831141 -0.00704105284609446 -0.014570713302055 -0.00645916934373066 0.000705250516819762 -0.000848832312231501 0.00328741577111399 0.0156979164298273 -0.016142702366832 -0.00750649592063518 0.0084414970098297
0.937614500932227 0.0177994453925421 -0.0182971926569754 -0.00144245100486268 0.00941802964985063 -0.00537837953389701 -0.0157735234631857 -0.00937383247487363 -0.0196797759450354 -0.0110962497275674 0.00927415008903703
0.967423852709486 -0.00425911616762684 -0.0197713726704349 0.00876784999740813 -0.0137886195213046 0.00675491505368462 -0.00968658711020508 0.00501569354318052 -0.00670416307111413 0.00163051089933997 0.00224095680780768
1.03016475865334 0.00413178501227732 0.0081871916399553 0.00124226360560463 0.00535454205426562 -0.00113576949600616 -0.0043706075222488 0.0159308764985911 0.0204548967408759 -0.00531239724440379 -0.0019853612712883
1.02815591317843 -0.00773902914182611 -0.000333226872458404 -0.0127287713925152 0.00924810748864663 0.0104126672445203 -0.0120754460235046 0.012278614249971 0.00950489484971836 -0.0031271239523893 -0.00484336264533327
0.987618248107977 -0.00609481183634924 0.00206538097726728 -0.00902799314930235 0.00822263223143851 0.0101421908392287 -0.000775227257276313 0.000854541188133089 -0.0174469147987213 0.00562687158926132 0.00731589073340573
1.01953502358667 -0.00646657624096971 -0.00202003135164167 -0.00329365120244842 -0.00663875261428119 -0.00135766465845688 0.0116661370012154 -0.0035570207410201 0.00124789516032189 -0.00673010427441102 -0.0141153426701637
0.984280249969822 -0.00654117239797674 -0.0146293535824479 0.0139653431541112 -0.00682771037766116 0.00856399667206745 0.0075263175909689 -0.00823800577989006 -0.0129196145588263 -0.00540774782416261 0.00445256369411547
1.00278261952694 -0.00780224316704892 -0.00294460600097886 0.00207441456334126 -0.0128375454548412 -0.0130111011366205 0.0063690540675827 -0.00577236847084167 0.0102937351458957 0.0104960776688979 0.00418780634947281
1.00144104855547 -0.0109773546598707 0.0124177311062764 -0.0114527326499718 0.00252364745278182 -0.0105445220244091 0.0163435584736973 -0.00312833370961803 -0.00564300706004073 0.00201151873213979 -0.00573040693287453
1.03903061881521 0.00413531834443413 0.0150674921554093 -0.0033535719572824 -0.00314348538781333 0.00767113476927195 0.00747811063487425 -0.000132757992041307 0.00129704592717352 0.00773822651177019 0.00484317899926466
0.965065947869738 -0.00143588921760542 0.00938385943189528 0.00584016142822603 0.00357687026541159 -0.0151952138342441 0.00318315657156486 -0.0154690658438327 -0.0106198140730823 -0.00907108423967796 0.000816565090598995
1.0075670116513 0.00553403186730702 0.0108396188303475 0.0135736443038996 -0.0150859590047804 0.00305048213033753 0.00622664617824386 -0.0058246370082591 -0.00271534365966581 0.00223664961804806 0.00529505039681193
1.00755494857226 -0.00522593422047499 0.00245512127681375 -0.00495885850476903 0.0203582058586397 -0.0156176197918871 -0.0043470863143308 0.0178199703339042 -0.00059946807453324 -0.00431778279750979 0.00573297835495976
1.02582717736573 -0.0023078185954068 0.010212170509704 -0.00741322148819351 -0.0029521534515373 -0.0036896793972894 -0.00458126008541337 0.00178139239876737 0.0200659477200322 0.00559423043528207 0.0119820342475223
0.989489980553317 -0.0192512541711316 -0.00825448273061722 -0.000500437944293784 -0.00157739243014892 -0.00217537985081633 0.01093131353333 -0.00428836015666814 0.00648429826414635 -0.00864921950473805 6.73488207805826e-05
1.00126328285004 0.0175085828184215 0.0132647034536215 -0.00100487144128415 0.000535795929591585 -0.0159682958584098 -0.0076089655132396 0.00414640921859703 0.0122977735323223 -0.0119096250856375 0.00167838176234651
0.999377227092575 0.0131576347366746 -0.00597048426017683 -0.0125932225951413 0.0114087042322719 0.00609665171294776 0.00136896559983 -0.0129832339517039 0.00192258163343182 0.00616154730098481 -0.00238394661117773
1.03861876206344 0.0220949885915666 0.00353204785114048 -0.00635862660196123 -0.00941362421649381 0.00773274002986462 0.00421642327059193 0.00836819376904909 0.0102116510688777 0.0251221689990256 -0.0134736422395817
0.968425094840145 0.0126006639477468 -0.0117936144952402 -0.0111620715656416 0.0125246319255977 -0.000511672909074571 0.000858623884384286 -0.00744724144364126 -0.000321317832799969 0.00824537528538265 0.005976868458012
0.984496631882218 0.0020114668590495 -0.0104438738504918 -0.000540493850117539 -0.0135251083480312 -0.00741718658566255 -0.0197458402725156 -0.00139726625640842 -0.000243962868959038 -0.00819546289054282 -0.00584063003844176
1.01739897763766 -0.00469798304017421 -0.000205979087417418 -0.0208048465478231 -0.00268243164008637 0.0110593638736963 0.00274288599386573 0.0150036139919237 -0.0101496152827404 0.00104058314642847 -0.0126840531763085
1.00942036052963 0.0175839578364112 -0.00316493570805927 0.00105528593385368 0.0134729689136022 -0.00990567681645242 0.00105330903971264 0.0211030859413997 0.00255739472648658 -0.00783553115712474 -0.0109293045323119
1.02201101101964 -0.000464643823401896 0.00537454775976448 -0.00608815811069466 0.00496659570314148 0.00235668579460397 0.00741914215695853 0.0171165906312981 -0.00629652462411466 0.00731719541739386 -0.00806470090649581
1.02883870944658 0.00503625343947837 -0.00265377190360937 -0.00884646863453198 -0.00795026655936883 0.010874113840608 -0.0109249065838361 0.0109937535023419 0.0254069673226613 0.000641845843235845 0.00101813010903574
1.01160206154727 0.0238883248836544 0.000691698307858204 0.0133795337551562 -0.00593419948877297 0.0297732183765324 -0.00747773249990338 0.00140147786247562 -0.0174141786475499 -0.0132423815407799 0.00229133831891936
0.962571270880937 0.00695877921075981 -0.00620190046605656 0.00254138238319777 0.00782788661944748 0.00321010254440541 -0.0114693521966191 -0.00945716449691265 -0.0109106550140364 -0.0133745410688685 0.00427504510180781
0.957400106528265 -0.00254642383731359 -0.0192538935506933 -0.00461385012633568 -0.00126934321399502 -0.0121930177280621 -0.00781119788543364 -0.0177567762499648 -0.00206164730092209 -0.00473845798234532 0.00612875555489914
0.980959069704771 0.00941632841711876 -0.00888647519684858 0.00129489571804924 -0.00273123706661425 -0.00177335198550721 4.64584460726007e-06 -0.00172641063983403 -0.0119620852160888 0.015523927855275 0.00386600084043237
0.969869614465532 -0.0127955286696325 2.04348836061616e-05 -0.00872423969610256 0.005914776081855 -0.011238712757748 -0.00335297938502703 -0.000982186490376285 -0.00829055243280323 0.00157643335118594 -0.003679555509124
0.991239300719035 -0.00437096218886292 0.00015199370760515 -0.010090643817747 -0.0226271788150778 -0.0156281454780162 -0.0108973641400004 -0.00164066451202318 0.00685036341269749 -0.00893922510510466 0.00828625585369524
1.01926401191854 0.00198457468090399 0.0056536768500632 -0.00119403601190758 -0.00663870286416531 -0.00532394831688884 0.0126204916618808 -0.00919161261157155 0.00244066554578435 0.00470392973291329 0.0110524052176346
1.01500888121909 -0.0182457663035833 0.0212704183352899 -0.00637237098709864 0.0104186496730549 0.00317863196234569 -0.00443808162848176 0.0111921922500027 -0.00838054748219218 0.00354545883260667 -0.0109662048341838
1.00038762229075 0.00346666378039863 0.0031785776284198 -0.00650576960155289 -0.00023713671335368 0.00943611259478792 0.00331792664367294 -0.0081248905225378 -0.0121538168668895 0.00217735354495412 -0.013332817112461
0.966490068588996 -0.00466087445855381 0.0032877850432148 0.016136304643561 -0.00209623217246457 -0.0129715893471355 0.00258864607274267 0.000202331181354738 -0.0132091008124089 0.000854200619684487 -0.00148188150708503
0.986886225806878 -0.0166699584973452 0.00616989580554857 0.00452692953262482 0.00943865499488165 -0.0118030066291978 -0.00262671900448191 -0.00241490461407178 -0.0150839906702905 -0.00789446636527086 0.010758698988443
1.01100773976204 -0.00588319501904021 0.000637473577077968 0.0107935456520804 0.000855387065565622 0.00430432532071068 -0.00340553382790081 0.0193149105340441 -0.0104650589341141 0.0056577693325055 0.0062097491033848
1.04348831706236 0.00460296872185347 -0.000328414098134188 -0.00514112377786934 -0.00173330052258904 0.00456712970929359 0.00645503992387934 0.0102945095472439 0.0178428834871859 -0.00724888073063796 0.00801768842482815
0.992985903406585 0.00875746130356075 -0.00431357872073882 0.0134166630373426 -0.00906094864363126 0.00419308710203041 -0.00413100752915711 0.0194777028981697 -0.00124468121752039 -0.00281888649724207 0.0106692868501626
0.988725366752033 0.00300769389003501 -0.00218390701027317 0.0113335019274255 0.00646012963427226 -0.00910049436062771 0.012299605660536 0.0073743746368719 -0.0190957281298808 -0.00494931810742522 0.00743441773620388
1.03401519050345 -0.0133628236205718 0.0139532258628677 -0.0104085416025272 0.013827214549055 0.0105358324515083 -0.00347939674119862 0.00432747847859415 -0.00181575010993525 0.0133264132640014 -0.0064559655718503
1.00984081457379 0.00984527804228207 0.0133689278863019 -0.00591351114425135 -0.00333915185916817 0.00741854458049376 -0.00571493553580651 -0.0100802136955777 0.000538752956102226 -0.00126970547110989 0.00161126505003528
1.00791970100228 0.0124778656497485 0.0197861268574346 -0.00276050269936681 0.00560844565544974 -0.0110774550191411 0.00229544073858087 -0.00598118664015914 0.00486493774372588 -0.00824327513304744 -0.0135478832770973
1.01809549492433 -0.00697085082515241 -0.00255767602209279 0.00998817350215338 0.00778253447075529 0.000494216575342633 0.0078481082713874 0.00796335819634055 0.0153482770544224 0.00289840459700851 -0.00370447151671747
1.00211552901039 0.00672501478104575 -0.0081289177391333 0.000774830990181084 0.0151866177399513 0.000184267708415681 0.000216053012008939 -0.0139726229550904 0.00733840209296285 -0.00208410878488054 0.0131777804687295
0.968410298897536 -0.00770822406082975 -0.0109222438974428 -0.00164695688625766 0.0059459158327041 -0.00323717557052387 -0.0112187135995777 -0.00960216084115739 -0.00549923012859397 0.00382727042827406 -0.00341134699241705
1.0358654119562 0.00615040610429743 0.0149132045334177 -0.00924643071478777 0.0171699904381024 0.00136313889957683 -0.00151128346065269 0.021026147018984 0.00253261140367731 -0.0124500490567933 0.00201782394849207
0.981290833089656 -0.0101432662865435 0.0036114308429595 -0.00879553464835352 0.00355204011507739 -0.00926784289626269 -0.00689489878261087 0.0053221372839404 -0.0203628243224007 -0.00246115415583173 -0.00666405478360352
1.00473458971999 -0.00993823304730245 0.00417502449970023 -0.00487279119865271 0.0121786248876113 0.0110940447513622 0.00027816496497291 0.00490099870275067 -0.00472556416335523 -0.00113867835650094 0.000485699228848341
1.06569392857625 -0.00715537464181703 0.0248712412129579 -0.00447498248037764 -0.00230048205887254 0.00612332766866797 0.00433286486259005 0.0056347594079223 0.00748813782939101 -0.0161388745369396 0.000358111046801309
1.03331193430242 -0.0164215517331112 0.00409007954037441 0.00392110686547924 0.00849688569390496 0.00417293991442523 0.00704078405853162 0.00501754459055197 0.00660742845990132 0.00428010621396825 0.0109048101213277
1.01029959003841 -0.00229830873549824 -0.00362182160780491 0.000451073155411806 0.00109743594476613 0.0109480191935531 0.0110059026017298 -0.0134140290930245 -0.00487738345611258 0.00488338495795745 -0.00178378523288835
0.984496434390267 0.0034926713813961 -0.0173690935725735 -0.000495167891642074 0.00996609129873601 -0.0205511837015177 0.00832733880467345 -0.000448070455068543 0.0181792968999696 0.00125163312151255 -0.0163701854408692
1.01276592471708 -0.014698980297634 0.00355145422708429 -0.0109986068181698 -0.00568714170540566 0.00450829772277317 0.015446131422906 -0.0141839950513911 -0.00185922182912476 -0.000168884784736933 0.00433483680957029
0.999446131716668 0.0120429562832503 0.000191389140570433 0.0209923286895493 -0.0128043960160945 -0.00845835742119921 -0.00307937207712234 0.00261713626990772 0.00554226210657423 -0.00975206910284064 -0.0193322308501109
0.989281054973022 0.0157891420939294 -0.00220153794251423 0.013556460958409 0.00965571144249039 -0.012755242690871 -0.00176484482142628 -0.00587465095964305 0.00510405455666965 0.0014309230435928 0.00379263304055197
0.997803537727058 -0.0130395970683458 0.000336316381167244 0.00262479111005818 0.00729689053575515 0.00693474172581085 -0.00474710410166037 -0.0135837835833595 -0.003713308941753 -0.0048750325731312 -0.00501382597767271
1.04516434626679 0.0061761541451617 0.00969973077474934 -0.0048365281485134 -0.023543326545905 0.0112424002595321 0.00322868804739356 0.00549063138585877 0.00725449769752515 -0.0178500389659927 0.011353955285364
0.977210962781396 2.51309511058424e-05 -0.00223258982347236 -0.000151909396564511 -0.0156561917187577 0.01086780523869 -0.00675715564588839 0.00108908399659585 -0.0195396071932215 0.00632386427298349 0.00164434251713094
1.05219351679063 -0.00519795144474102 0.0108594522781328 -0.00320760344562184 -0.0116472214052558 0.0157459279346495 0.0156530149142563 0.00109617333661295 0.0101906429331343 0.00724830196960771 0.000644338676959483
1.00844589823909 0.00768780253515977 0.00550056006445877 0.00033728677968837 -0.00469753299528807 0.0229974336978829 0.00306701167984989 -0.0076650775121073 -0.00663884294183859 0.0183288283620417 0.00776052976205586
1.01024220157743 0.0126613232802583 0.00753060853259523 -0.00349017599815339 0.00463402477585374 -0.00160654442103614 0.00518165454402026 -0.0164153181658212 0.000729323803653576 -0.00734155636092261 -0.00902936790588764
1.03603544200518 -0.023234897587887 0.00652574039728251 0.00945255040055181 0.0147225734936286 0.0187857888048833 -0.004723607839473 0.0112831853640472 -0.000940063533753908 0.00997373804898258 0.0215369963982967
1.00355672810719 -0.00368091721291878 0.00610933190571726 -0.0115635307308684 -0.0012982005632818 -0.0165601126431814 0.00428751659344832 0.000228085644240888 -0.000815970489254984 -0.00249562439280333 -0.0111116070146846
1.00142499003866 0.00462499820630751 0.0035936114663664 -0.00561162034775346 -0.0222327813300404 0.00124720967748816 -0.00650974296522268 0.0055109010797113 -0.0122109208571051 0.0154128808609313 0.00806570419459787
0.959978754235411 0.0172435164051836 -0.0138208173585866 -0.000815392506511384 -0.00026733521999367 0.00437024189902553 -0.0101263698445814 -0.00641529637216608 -0.0108794149568865 -0.0115005640292689 -0.011994850120213
0.980692135715237 0.00684238142029244 0.00747378467357938 0.00690914429056051 -0.0143067350130329 0.00211269790248828 -0.00405089352854234 -0.00901291018451461 0.00668784304165895 -0.00750283554224554 -0.0235608377779702
0.979278179185025 0.0116873210052784 -0.0102314172633222 -0.013033161860178 -0.0065704744479163 -0.00170578402709219 0.00266498016042828 -0.00139269835535592 -0.0137748613843024 0.0135908686079598 -0.00187696702739208
1.00598237067051 -0.00048936940008875 -0.00932241921948738 0.0112024757617714 0.00209959159221254 0.00565619182987758 -0.012473288142944 0.00604991639150442 0.01393896843791 -0.0207882627762922 -0.00438199978837773
1.02322222272899 -0.0119932170171757 0.0221764981262763 -0.0102224116735056 -0.00237173828858447 0.0125934324622569 0.00562593008938042 -0.0115250102634512 -0.00202337565865608 -0.00321661930389636 -0.0114515562007899
1.01808076487133 -0.00446229233055968 0.0164219282953068 0.0250894287232724 0.0111228602580377 -0.0143117446181833 0.00768292025770512 8.72609031220206e-06 -0.00388273395250765 0.00830655166793834 -0.00483670384480738
1.0149048488275 0.00318060360696222 0.013287886553025 0.00821602127515722 0.00881605235162874 -0.00595891988200383 0.0138510635939374 -0.00584029240598047 -0.00770188657315967 0.0151396162849658 0.0101979166173859
0.998774866893027 -0.000812221133325456 -0.000293231543196101 -0.000973568348915268 0.0174913717312839 0.00795827384266234 -0.0120140900351906 0.00439656214581436 -0.0101261468923951 0.00594245346250832 0.00160190172094953
1.02913063030448 0.000355195733211209 0.011919032657799 -0.00935606240271677 -0.00140579421836025 0.00339634731459983 0.00533817180441949 0.0118666244343956 -0.0021132082214104 -0.0117398585528838 0.0134134031838714
1.00322133114217 0.00673317793343645 -0.00464799957571872 -0.00688001774936472 -0.00351937115221778 0.00153457641438867 0.00951145819809729 0.00512325159925353 0.012141800440278 -0.00807439154014831 0.0215764108222338
1.02399768694985 -0.000674537550679148 -0.0145944830354153 -0.00656214966747284 -0.0058804783711361 0.00495647585462473 0.00164216985750787 0.00782711471797785 0.0072540692553942 0.00306612862120783 -0.00544226381670477
1.01637018200271 -0.00858451591477429 -0.00909351264038581 0.00564317185690275 -0.0202586149481615 -0.00325876201001591 0.0207930746379733 0.0108110875774432 0.00321535640208839 -0.00686609418258536 -0.0109940900055503
0.999550862943841 0.0133005314162095 -0.0197340857304084 -0.00115907267148236 -3.19669130034505e-05 0.00924495076212196 -0.00275137551551165 -0.00388116676005665 0.012334791951973 -0.0055016016041622 0.00547506424065475
0.996781661857579 -0.016728874241578 -0.000548258173974939 0.00174784599570897 -0.00554672991186075 0.00270457520897289 0.00964491462675982 0.000787367383841084 -0.00580293950984886 0.000303643062157069 -0.00545969681980744
1.02212431190836 -0.00390189498752954 0.0106106574943098 -0.00201503906960686 -0.00223512143434211 0.00924896193947751 0.000425592562812377 -0.00208174772109069 -0.00264307328144453 -0.013301365964688 0.00218711493225765
0.986755355177807 0.00758136776892201 -0.00330964926848853 0.0105560236735262 0.00978777773581802 -0.000858994190772277 -0.00518372500795641 0.0140650826701601 -0.00715874623965993 0.004811447339272 0.00661953244696598
0.97520892144645 -0.00132678039379929 -0.0110674459474436 -0.00374382243335057 0.00224053852579246 -0.0158123571318675 -0.00335155564985466 0.00863546253041267 0.00434389321772722 0.00140835163693337 -0.00935328316005701
0.999660103098759 0.0210452313160122 -0.00950585454657321 -0.00686058130250195 -0.00662761059289031 0.00185414701473861 -0.00427115183734399 0.00880912205474133 -0.00562128818080539 0.0036688219853737 -0.00406238412434646
0.986043155623485 -0.0197866968266421 -0.00661281535785378 -0.00349094385315671 -0.00645302472619901 0.00263914202084747 0.0162570895546533 -0.00093832317186775 -0.0062934522219287 0.00358823861877586 0.00437485142930598
1.02020315823162 -0.0169121560752634 -0.00350461445062232 -0.00313239992358439 0.0076454605183368 0.0135578923910609 -0.00915489160130028 0.0136002954228916 0.00157479242476011 -0.0124584986815021 -0.000482069331923858
1.04387786661616 -0.00760962524356095 0.0110458827725342 0.00369372042368912 0.00130516492879541 0.0139342892069787 -0.00740666045926878 0.00705178086361283 0.00111419841194571 0.0021988255758592 0.00100098950848542
1.01351696069432 0.00198307833845622 0.00223750288553087 -0.00114194355760455 0.00460444655789745 -0.000874691649298698 0.0063359158383483 0.00572930787115076 -0.00790571326919533 0.000900020654495191 0.0227865937812099
0.994471922939449 0.00329470373581879 -0.0139566277069083 0.00799066168375973 0.000161688052243646 -0.00301929071231265 -0.00430516351067581 0.0128477956559279 0.0180957194708431 0.00130376761995534 0.00435682422510665
0.974577955887759 -0.00551370764385972 -0.00713548963975491 0.0143899978168706 0.00357707211828148 0.00118003545287796 -0.00879921530409541 -0.0080294920242933 -0.00376486245943583 -0.00844089500639732 -6.15371140678693e-05
1.01985995416405 -0.00789982360950092 0.010092139556923 -0.00128947632053241 -0.00341380279671233 0.0110590919886854 0.00341498959125674 -0.0113503544241783 -0.0129956851722011 -0.00101592041765124 -0.0112859168881545
0.961465397984618 0.00894332308864697 -0.0216555826982764 -0.00370734736015331 -0.00493295598700745 -0.0038094846327641 -0.00784060173407442 2.87504479606808e-05 -0.00449651506923337 0.00800073626250482 0.0171746393935814
1.01261882132987 -0.00170987115683248 -0.00938023121496769 0.0205179181963762 -0.0133709525920883 -8.70396715996495e-05 0.020598601403532 0.000861538239352981 0.00283040445325983 0.00257054127901809 0.00479436869194771
1.07997219763591 0.00371259136215339 0.0268986346621146 0.00481697662997615 0.000951001016670962 0.0109023216308464 0.00828197781424089 0.00574645111865631 -0.000652862969763023 0.000150302521192888 0.000932131392317937
0.943658386944514 -0.00730344684232895 -0.0164788867137207 0.0227304896925661 0.000164131174238772 -0.0183467625818202 -0.0111413521274404 -0.00667740507158618 0.00512673729436261 -0.0126857232510931 0.00116575561700538
1.03757664031603 -0.00194733057550515 0.0150607463056605 -0.00405336905475302 -0.011458006691913 0.00701242400197887 0.00578297834553881 0.00338711357967104 -0.00099966057718584 0.00534821224023127 0.0187575269169089
1.02895471300421 0.00666482953224292 0.00697143343265313 0.00668445280497101 0.00468635411364284 0.0157139480121133 0.00385690743111468 -0.00198698069048704 -0.00481411740862475 -0.00380903102504193 -0.0166551617732484
0.977778814483971 0.00307583007261248 -0.0220392384182627 -0.0112442066725033 -0.00492123556825211 -0.00250114177698546 0.00624817812250898 0.00744316188004809 0.00201453034196522 -0.00145887670457822 -0.00175574535569256
