"V1" "V2" "V3" "V4" "V5" "V6" "V7" "V8" "V9" "V10" "V11"
1.12394122408959 -0.0147847070244244 0.00374290176427194 0.00891591482583081 0.0141754258768361 -0.0110295018230228 0.0196266620894553 0.000591525849228441 -0.0167368296465602 0.00562427223162633 0.00924170444058108
1.01409243794558 -0.00223594683160628 0.0113844948545424 -0.0140137240248156 0.0113458112797739 0.0196483758361275 0.00808574180478216 0.0106673095612378 0.00829078365451272 0.0120664608282452 -0.0173486897658068
0.960447052794923 0.0131091710659638 0.0167912509028594 -0.0121888912040665 0.000978652934267979 0.0119322711184031 -0.00275874884095946 0.0149334816197165 -0.00243531809794961 0.0130458532643479 -0.0252133323170077
1.07618540395111 -0.00619227922856889 -0.00567838198970705 0.00675871965924554 -0.00949706469226783 -0.00536063104410603 -0.0146997906832623 -0.00383285101061231 -0.00867491482641582 0.00840653718485788 0.0171899631433216
1.05435149150267 0.0111888423005999 -0.0105866475031796 -0.00834565062270053 -0.0176963701893028 0.00582954394716662 -0.0201033168154249 0.00971093937693785 -0.00238397365381194 0.0201092424681655 -0.00239998645958895
1.01214040103703 -0.0031743197899639 0.00810816674434958 -0.0144641070011442 0.00255611000168971 -0.011965960192655 -0.012888732606349 -0.0160826560003808 0.00330946163518436 0.0142319736297765 0.00545953498250146
1.03113348778853 0.0138830862816161 0.0198447916759011 0.00895924591856007 0.00392850817688122 -0.000580063409843628 0.00132564300950048 -0.00375163466951941 0.00117971869508279 0.0182532462064097 -0.0119119247559511
1.04537793190289 0.00955955179578349 -0.00591192316159851 0.0144285651753985 0.00075931457216519 0.0117784436714497 -0.00435631853527158 0.0111929084933084 -0.00106980211205937 -0.0108358609025215 -0.00420194402383777
0.963578234037735 0.00622512770191749 0.00999519633896481 -0.00806758292339626 0.0151590445801387 -0.0244463559365637 0.00895088146180806 0.011172971800482 -0.000298674562795176 -0.00725913735014754 0.00313682427211179
0.902188488597377 -0.00835968387772029 0.0152879633412029 -0.00595247527969159 -0.00307952677333745 -0.00595230690910231 0.00117853917090534 0.00291278080427942 -0.0160258301962571 -0.00576975772450613 -0.00794871370096695
1.08016610550794 -0.00428098838615172 0.00317411844908512 0.00894004637374098 -0.0101360769995755 0.00951783620027971 0.0209273115896042 0.00887534788533337 -0.0190375552410355 0.00425782301638835 -0.00982607092832177
0.937505566864551 -0.0149618246154647 0.017893004434251 0.00330074704293575 -0.0159098826089213 0.00988705635039206 0.00143676237598614 -0.000411549960188944 -0.000684060463834517 0.002580149332894 0.0112000079848478
1.07294107275343 -0.0105206052529262 -0.0134544815044045 0.00842742859221362 0.000798528073817074 -0.0270502950004481 0.0101761595000441 0.00796709446749393 0.00653670690072722 -0.0171607318440529 0.017976501918614
0.929108790111211 -0.000967519293244441 0.0138799489642081 -0.00344257148264634 0.00414532477483543 0.0172825095452892 -0.00813132379397617 0.00255799159070645 0.00447179315007693 -0.00451170847113707 0.00205948137735389
1.03765489833367 0.00354334668552779 -0.0174163481311492 -0.017187186123224 0.00938756187249275 -0.0113230225082749 -0.00992628046446923 -0.0184771668749641 0.00654808731619217 0.0369321578304307 0.00742642959847713
0.955646726726339 -0.00480873277009585 0.013146394318381 -0.00427233610761078 0.00669579086086651 0.00045238064505225 0.0014244109897433 -0.011108714062196 -0.00612283174154561 0.00753306649251499 -0.0227427918924612
0.840133476175588 0.00635398773463062 -0.0140369583748866 -0.00224689344152046 -0.00298171428088861 0.0244123302424941 -0.00419608392650457 -0.0160426441371898 0.011162236178283 -0.00413856440215554 -0.0101061148263313
1.08389320824186 -0.0062357569849187 0.00675901780585719 0.0166960042701779 0.0029457007749283 0.0178626553450255 -0.0139073643787568 0.00385388865936129 0.00813492953412696 0.0108484657686281 0.0172545987873634
0.97661659312379 -0.00245646893517585 0.00635263828994879 -0.00648150426250468 -0.00314259306243226 -0.00687227517737191 -0.00364015275045971 0.0150609236452303 0.00523620614131715 0.013814643171476 -0.0125827164830795
0.975929786949469 0.0105416526140777 -0.0016940716295271 0.00109446020616286 -0.0134541489028853 -0.0125373569390711 -0.0133615601757755 0.000292908208584762 -0.0119853939140014 -0.00785799551596823 0.00347457113801213
0.979100945490332 0.0117947438332661 0.0109868031411805 -0.023500336663318 0.0121934910483019 0.0202568674522309 -0.0123119120723548 -0.0140902955975867 0.00153320908198115 0.00952412088834814 -0.00158389923710526
0.975544181936775 -0.00444798383592545 -0.0128297524548602 0.00387456587989183 -0.00171392954106221 0.0079019442527877 0.00072671200934193 -0.00302903409477522 0.00539823510326531 0.0123116520781532 0.00195526853421574
0.989993237763594 -0.0258675171437639 0.00276728431648052 -0.00636924352080554 -0.00244065942954841 -0.00188810222676263 0.00315586518196854 0.00795389627977003 0.00332405121805415 0.0079093930975764 -0.0107553712896424
1.07929055196485 0.000823151507681527 0.0103284757212118 8.63878942096987e-05 -0.0149700578454029 0.00315940728153371 0.00976799034083416 0.00542016200411703 -0.0101074412216038 -0.00183365486601591 0.0112025881724571
1.01614995516298 -0.000846702641600978 -0.00695419866443956 -0.00926979840388304 -0.00647204719754753 -0.00674823088467909 -0.0103008008572317 -0.00476894924246344 -1.65156282081471e-05 0.00222352799389587 0.00207638675245026
1.05809984851078 0.00626273695630892 -0.00321626535860417 -0.000847366757359376 0.00470875781150919 -0.00882266145064032 0.00577190252855977 -0.00573414379102337 -0.00314316731423397 0.0065207239827928 -0.0196362639860769
0.981704104170251 0.0041336310789264 0.000675450546318909 -0.00796071313486214 -0.00352489361384586 0.0129793030218871 0.00122544609325255 -0.00385456664455325 -0.0105046253433643 -0.0158911741280879 0.00317342129463946
0.974531377186948 -0.015901486248437 0.0214791186417933 0.0119325681682857 0.0187085471418178 -0.00389858108181773 0.00297872508947468 -0.00089620236519812 0.0060476679954571 -0.00169594269215424 0.00939786111053736
1.06017987006554 0.00795900176224479 0.00143331502908282 0.00840960752013316 0.0191803535711754 0.00748345195381464 0.00356362584215111 -0.00243793769759605 -0.00387898507088166 0.01575549373674 -0.00588595912144354
0.951645818735382 -0.0115425148964289 0.00483783486713007 0.00588886459163361 -0.00729400492135575 -0.00189574993600727 -0.00619149249819904 -0.00625214676143862 0.00154002891882967 -0.00873863349493902 0.00852192858957528
0.952723029575169 0.00195499882613219 0.00369418102335662 -0.00415329351431502 -0.0157718846375922 0.00328355423565873 -0.00669279749435533 -0.00391136956277615 0.0206087486688086 -0.00343488737942085 0.00120721696493046
1.0102554499025 0.00552055906941874 0.0101280482131512 0.00741648335130596 0.0160258145092908 -0.00410305960804072 -0.0116178365333369 0.0131254690468466 0.0114037066653279 -0.00143009778008077 0.00650992047961726
0.964688105475964 -0.011829268022156 -0.0125384622347768 0.00203143403914302 0.00663599097515196 -0.0182368601810199 -0.00257950345798297 -0.0139338965218386 0.00773804373004858 0.00562238142991339 -0.00190380491713889
1.0000373882591 -0.00489124785568247 -0.0131817788449144 -0.00511485436325615 -0.000931888685740115 0.00218936285053836 -0.00579295733499456 -0.00367220845201834 -0.00365549159357055 0.00126578265883597 -0.000959960068997322
1.09297759902902 -0.00325545016876763 0.0213739913634447 -0.0158427415040993 0.0139671362479056 -0.000694658593304093 -0.00518510286577197 -0.00493499932483494 -0.00429032008816063 0.0117197195194905 -0.0103011805946299
0.998334158450667 0.00565284050008615 -0.00413953799984045 0.0170362079578698 -0.00322017269698566 0.00685238617381866 -0.0143802664314648 -0.00037880498128534 0.00283737266346634 -0.0145697738225829 -0.00282464919309221
0.927162740433097 -0.00921428113291771 -0.0210952696675525 -0.00691337095989899 -0.01046659451474 0.00181828105095889 -0.00226998797918004 -0.0140897646932347 0.000302152604092917 -0.00109495959643013 0.00326707976746284
1.07048656413462 0.00985701275502684 -0.0036090973501173 0.0066373143354824 0.0117759702111386 7.98901830231792e-05 -0.00671280975020596 0.019425257433673 -0.000142721122165823 -0.0049862169645515 0.00688482219770747
1.02125698473962 0.00936378735411638 -0.00887491804546515 0.00143648636428053 -0.000906971895607074 0.00492311163593494 0.00738636405268417 0.00677238186882931 -0.00841671850273158 0.00188900867495134 0.00860059163903841
1.01552125007921 -0.000147904119468201 0.000543412799342749 -2.76672749931792e-05 0.00456790836066269 -0.0133235630124933 0.00287169955817941 -0.00720614417476984 -0.0093999230011262 0.000392741388625772 0.00951523987589803
0.972795321133703 0.0201273248216948 0.00233677229622812 0.00607870521590853 -0.0035108662912291 -0.0056195337393727 -0.0048585237443952 -0.0037128947842814 0.0129146814288231 -3.84810246779942e-05 -0.00526200247715167
0.994889897464748 -0.00215439946514107 -0.00341939704279797 -0.0118998557014307 0.00634121932760275 0.0034698884986858 -0.0155208556969599 -0.00938598388342129 0.0027609511297282 -0.00252061023513939 0.0161004840468795
0.998205584803141 0.00445081646298528 -0.0113328160563733 0.0183183726380191 -0.00210895519871845 -0.00385491834666062 0.00278449289123216 0.00803114468906127 0.00106629456484653 0.00909573028857212 -0.00406714046655913
0.998559066336924 0.0377695195215119 -0.0128176878979504 -0.00192844504516668 0.00175592934592856 -0.0204591572516565 0.00062046190975011 -0.00695034203022683 0.00295537220310115 -0.0208697036989525 -0.0170629316798483
1.02707214835848 -0.0103940956208878 -0.0012354653707897 -0.0012551653348446 0.00664136880756366 -0.00543521358754366 0.00769775821587391 -0.00331207232236374 -0.00204936186830143 -0.0112539479634333 -0.00884215206868664
0.928107376699566 0.00336792026651193 0.0011045316546476 -0.0197921448893041 -0.0147233860091571 0.00165755370348107 -0.0155959908829045 0.0112784494683242 -0.00258780759121437 0.00120111256139801 -0.0138971433409481
1.03041523449899 0.000310167857777204 0.00763105281996198 0.0139787037075744 -0.00514335105558907 -0.00593984065889206 0.00198243618463377 0.0118023877255424 -0.00674983423336366 0.0130149864322515 -0.011838942617904
1.00589667702355 -0.0102459310643055 -0.00806940625055239 0.0265566359692335 7.75409230355784e-05 -0.0166730238722336 -0.0126047123208024 -0.0148741354881275 -0.0186165787285128 0.00157637727120774 0.00785785845715785
0.938016765132532 -0.00561497638321716 -0.00288815365014038 -0.0117296529314192 -0.00170832698192395 -0.00520683156698895 0.0149418850431363 0.00799831775539892 0.00387755594743476 0.00410440607591316 0.00978623109245016
0.969334589197657 -0.00146800945656599 -0.00219521478113375 -0.00421897507069814 0.0166282836985919 -0.00489711878002078 -0.0176728961773549 0.0112034616098073 -0.00475163471306289 -0.0177683792880137 0.00290759278554289
