"V1" "V2" "V3" "V4" "V5" "V6" "V7" "V8" "V9" "V10" "V11"
0.964905460728087 0.00624875238718282 -0.00371621423254355 -0.0115471101572907 -0.0102135517323934 0.000894551038455263 0.000913694311232728 -0.00371754640346892 -0.00802112158277245 -0.00238254471203496 0.000697799846620981
0.958199524916879 0.0242808479345654 -0.0182766516725634 -0.00684563511607382 -0.00116603484928256 -0.00468614874873944 -0.00287563304395297 0.0125702004396234 -0.00872267169618743 0.000506950237059653 3.02497406376593e-05
0.866111605298661 -0.0121574318808249 0.0172682639896267 -0.0048901354304467 -0.0104367498531126 -0.003726880343464 0.00846636221660344 -0.012060332503208 -0.0195364495277945 -0.00674706254353727 0.000132233472947834
1.0516120913022 -0.000918515554827676 -0.00268997373474861 0.00740825502970759 0.00496916287057505 -0.00670399146018586 -0.00249169300121552 0.0111967567650807 0.0161483992140397 -0.0119736335915436 0.00673592890098658
1.0426304817627 -0.00282406669169548 0.000165202710812541 -0.00282436971744115 -0.0116256146917154 0.00346265564151577 0.000690982113248085 0.00870418245202699 0.0121404305196168 0.00578424861302842 -0.00780314160639488
1.06936063689886 0.00824392620563207 0.00152984455363153 -0.000633982776435214 0.00962010240426683 -6.32754238235718e-05 0.00620259886471198 0.00714810974019359 0.00601315922959012 -0.00920889355974222 0.00298940046755456
1.00349177427629 0.00248679068732488 0.00830050996866961 0.0113074381356373 -0.0105679986984588 0.0107495150078858 0.00425646722610039 -0.0189054448788245 0.0199491425509736 -0.0146896612823695 -0.00882264380276017
0.971137640057985 0.00648547537733742 0.00747043811838488 0.00756190793929814 0.00485575946514887 -0.00137668890285223 -0.00332643904639481 -0.0120569045527389 0.00689154318280575 -0.00108561948674921 -0.00339918285630136
0.99271327419833 0.00501713866148068 -0.00985031732498338 -0.0150736203586037 -0.00120758375812514 0.00704375451751998 0.00868596877698275 -0.010564010653674 -0.00340333120016432 -0.000600508146535639 0.0118293139968872
1.21006983384281 0.0101586989855675 0.0181688939615902 0.00532695577476641 0.00805950308510607 -0.012240153097891 -0.0160130772485633 0.0159545227819729 0.00984744943244438 0.0116819191088471 0.0173021152767221
0.926571372505318 0.00146770292743652 -0.00440234644871825 -0.0071779573353516 -0.00755270683452883 0.000703909812941875 0.00594727047135301 -0.0221411095203826 0.00924824636543068 -0.0272842684831593 0.00791313825171803
0.970326172440088 0.0108031178781169 -0.000837006990559611 0.0100706547040072 -0.00436755586650548 -0.0128741970537655 -0.0326998294600116 -0.00293417717556672 -0.00932963007004209 -0.00352458412479452 -0.0116898077773052
0.976142597536535 0.009091268068752 0.0183336141178265 0.00891590969688827 -0.0169268685798745 -0.00458542767555068 -0.0181438661064264 0.00879778675616252 -0.00314312752116931 -0.000682488332484409 -0.0145035292179784
0.926525865225546 0.000619507557008139 -0.00297567683801525 0.00488812759289345 0.0069978776649216 -0.00459871456908932 0.0215301497769433 0.00920606185167216 -0.0183815323116276 -0.00474409205261288 -0.00843968285532161
1.07261359489556 0.0132855241021251 -0.0130762032602793 0.0104311910950794 0.00542012136183169 -0.0161210497893144 0.00694025707324469 -0.00779038662875727 -0.00189242456255587 -0.0154164982595403 -0.0011412139546245
0.976620064490039 0.0085948482050738 0.0038836630161247 -0.00227326668947742 -0.0215923885698436 -0.00305735959355281 0.00139118996903649 0.00096631019354432 0.00133206013333125 -0.0127162062200982 0.0141772120811294
1.01256952613017 0.000588730261343355 0.001466734712221 -0.00879873866603546 0.00437396929864847 0.00756999586537323 0.00383323612172401 -0.0171904861537781 -0.00543867604697991 0.0074791477370574 -0.00889960551331367
1.05127621261746 -0.00522599022651478 -0.0101069167335644 0.00802464725726944 -0.0037663979431682 -0.00637642871262791 0.000951726158497686 -0.00814728280094584 -0.00818606512434621 -0.00909380613523429 0.00567749918709596
0.934329303564127 -0.00723372204328057 -0.0219259312522539 0.00942623096112675 -0.004689733487824 0.0150067065256375 -0.0105027332764381 0.0226637989359858 -0.0111915825206701 -0.0097627070278582 0.00891276575534605
0.972518046227013 -0.00155706987608921 -0.00864035519967398 0.000855564222964039 -0.00245221333121752 0.00360061980919032 -0.00792608086162899 0.00612208105253606 -0.00790222816879505 0.00915044223367045 -0.0146414257602577
1.10466347857666 0.00863174584124498 0.00187330061995765 -0.0074179206980939 0.00207075036136334 -0.00241377069893936 -0.01658735528976 -0.00744825303194645 0.00975961939181164 0.015123328436592 0.00547916220784
0.976922194149307 0.0216363488753916 -0.00599851026320121 0.00318600245177609 -0.025526224405583 -0.000446900679568204 5.76431244115198e-05 -0.00919404610208825 -0.0194666182136102 0.00387823208920291 -0.00310976634645274
1.03354466765215 -0.0126094430154857 0.00782270377180006 -0.0106381834547796 -0.00314776160321541 -7.81388276056291e-05 -0.00159406979822968 0.0086134238080975 0.013211666116308 0.00211541100877556 -0.0102339674555034
0.928225606096381 -0.00330255059672915 0.00167851661830273 0.00846696889675975 -0.00989638953801956 0.0115363596622009 -0.000560100337258463 0.00574611346033354 -0.00183924909886193 0.0102697681318931 0.00270950541870969
0.970031108403469 -0.00437644247179432 -0.0112052768923423 0.0200697694377539 0.0161288174497709 -0.0028048918001039 -0.00541857135501698 0.00157686952990198 -0.0227136972487175 -0.024486834459257 0.0185624015239004
0.896574269255249 -0.00629602174871627 -1.59236278281144e-05 -3.96545437351175e-05 0.0160496950041033 0.0128546758613689 0.00427452061140136 -0.00347111193170878 -0.00915333330374478 0.0255105773738141 0.00966349500902304
0.926434097973868 -0.00951789369393835 0.0149772287863505 0.0127918590415174 -0.000222511714526175 -0.00124405883128186 0.012766716816617 0.0110988233424617 -0.00922842522998482 -0.00396672538811014 -0.0156174280126962
1.10505767744621 -0.0124366821404919 -0.00365457203273307 -0.0188333866733494 0.0090559937602014 -0.0193590582218605 -0.000659107821641052 0.013224574305748 0.0120983842339282 0.000864952475923195 0.00171366011584628
0.942751070762325 -0.00962180247903526 0.00931611683562486 0.00365619644797728 0.00125697865727623 -0.00798066877276313 -0.016536235527959 0.00109824427887113 0.00981882708461192 -0.000831921113127371 0.00963847190121051
0.957350226463233 0.011825901995167 -0.0130874075372427 0.00330179335058381 0.0109995309522846 -0.00299623080449304 -0.00341946285566928 0.00139750952300841 0.00795060346343414 -0.00986991788991957 -0.00884638381064943
0.951958096084168 -0.00660243533758442 -0.0171569321398266 -0.0106758507081921 0.0147586596139428 0.0172671594654789 -0.00622869707911617 0.0109667760036995 -0.00485950638953028 0.0109945463076635 0.0029402353445622
0.936380138567188 0.00823694718501731 0.0241951072639527 0.00275388029480548 -0.00635682387498139 -0.0137424217590888 0.0117237078199936 0.00213599864983369 0.0157136910559102 -0.0076256853021133 -0.00784912916913833
0.941233982342726 -0.00241894298394296 0.000955086076726914 0.0100623812050309 0.00946148411984578 -0.00573626971868303 0.0068416787328496 -0.00318760330467142 -0.0111884446968531 0.00705596877649069 0.0124979679953468
1.04231282733898 0.00142803147242595 0.00419866724832435 -0.00643152327989787 -0.00202861553353901 0.0116923661652145 0.0107997059966506 -0.0135798284099813 0.00107224540005837 -0.00166438533677415 0.0152986689306176
1.08018142087815 0.0139884362813744 0.00565232604995058 -0.0238523254163241 -0.00759792385924287 0.00859024972037478 0.00259863083633791 -0.01279577305885 -0.0108902568685599 0.0103795749788279 -0.00868077575495253
1.05196114145427 0.00490296225758468 0.00118515069040776 0.00193321446924846 -0.00507129476679849 -0.00879697066694381 0.00550873378630354 0.00220173545345449 0.0163811598281242 0.00711266606892849 -0.00053369201243182
0.982917068051283 -0.0017234636260591 -0.00389377915869283 -0.00119689999982024 -0.00100234859244214 -0.00211599615526718 -0.0010580416727558 -0.00492940149960241 -0.000894321397800588 0.00904000873484815 -0.0117418828724756
0.973677382896672 0.0154461125871248 -0.00386458942380579 0.0189091733000987 0.00150638887375644 0.0103783111931063 0.0042496727037705 -0.00151398980939534 -0.0129792024370023 -0.000926123678468305 -0.00748120566801686
0.981455919303611 -0.00312543422919885 -0.00211750751872536 -0.00399860081049326 0.00898111361747158 -0.00319466442168604 0.00603830315335511 0.0232046090315016 0.00244384122014571 -0.0182788726781864 0.0053912231290506
0.896762446114011 0.000238464198640062 -0.00429838409487602 -0.0044516105119007 0.000358619448764394 0.000717081627427526 0.00332136596517124 -0.00748599033028825 -0.00587611149989848 -0.0017162500936994 -0.00138796353372238
1.09327726952119 -0.00231679012935172 -0.00341672637918039 0.0058296543266389 0.00754792180537071 0.000279596090822929 0.00915513726182934 0.00606288401369877 0.00734653063440713 0.0212940225313232 -0.0113149172146452
1.0791343365418 0.0237344116433204 -0.00607451069003831 -0.0241187260814861 -0.0256357965338613 0.0105890551765461 0.00250715471176189 0.0144682400341039 -0.00834756583908264 0.0150352931199093 0.00577593834883139
0.913417120909557 -0.00562008377802833 -0.00379437596512548 0.0137778576073456 -0.013137588288221 -0.00194936576918419 0.00905704404024939 -0.0158189684613135 -0.0145048838520106 0.0053913843177828 0.0239574500438113
1.02805894125743 0.0110604802151372 0.00249055597885098 -0.00313373111004395 0.0184215087541307 -0.00935133964419108 0.000549453681408097 -0.00439189219025984 -0.00514642867644647 -0.00598523200074547 0.0254052578589721
0.973214574844142 -0.00863532363789645 -0.00416899912459903 -0.010402462163952 -0.00818941783597128 -0.0139090658932371 -0.0147317369851627 -0.0140075438378794 0.00589756073235167 0.00809936786528831 -0.0102354554522954
1.02407156506612 0.00293744438797125 0.00328604242837724 0.0182536176983293 0.0110213310819977 0.00379990123725822 -0.00419730972597209 0.00705846516770134 -0.00584569268420779 -0.00702663733951689 0.0165687225421947
0.916019067335708 -0.00628108298009554 -0.0089169362409778 -0.00831823771932031 -0.00338322669207365 0.0131201117103761 0.00710367662851697 -0.00747781639728482 0.00846346352130008 -0.000350880552950274 -0.0270794990384639
1.09772674697311 0.0201613952950429 -0.00163080481135797 0.00101416108713555 -0.0104172762384464 0.00351867130187333 -0.013821579805077 -0.0024664540097506 0.0175506991491544 0.00870865040325475 -0.0144505877955878
1.07784962349653 -0.0128155285502047 0.00105240049748481 0.00114423193426569 0.00339948499231628 -0.0114987053283369 0.00529692127299773 0.0109434484868238 0.0155642442292808 0.00125831939907994 -0.00618252912109332
0.971036588054948 0.00534808862256506 0.0120555273555355 0.00306239699669423 0.000736334638679651 0.00404300169487922 -0.0120123445500108 -0.0106583743822553 -0.00384469844646825 -0.00471963859619776 -0.00198664142885865
