column1 column2 column3 column4 column5 column6 column7 column8 column9 column10 column11 column12 column13 column14 column15 column16 column17 column18 column19 column20 column21 
1.0351248170079295 -0.004370241255224311 -0.012718052853330811 0.009465493421191837 0.0064334197998961494 0.013175540697357982 -0.0019977676556647904 -0.008899535031787151 -0.009416307120692111 0.011951427391600915 0.00918860059205316 0.015045634865346083 -0.010525997439077386 -0.01053754726460315 -0.0022021551591429288 -0.00423415652882954 0.02332534064963005 0.005771083531989736 0.0058524093113948355 -0.005583981868574576 -0.0004844542009447829 
0.9752111547580132 -0.0070092322754473834 -0.018494980915361604 -0.003248791458548331 -0.0024125659011265213 0.009083082890603346 -0.0040915306755773 0.0011396834496650006 0.014079596035541724 -0.007099866211993452 0.01589000883434541 -0.00988986598704772 -0.01767620115121055 -0.007718775830261022 0.009820350998251659 0.011135081641844869 0.008416850932016759 0.0070027571008228155 0.016265445122538923 -0.017213457092772208 -0.012330841673531304 
0.9800837552221621 0.0006523436545522816 0.01446449236618077 0.014827680832356622 0.011857503021241096 -0.015331587545757646 0.012035518485914241 -0.0075047014689741546 0.003521385287682149 -0.01529470123225452 -0.0030653701242373474 0.013225223134659807 0.0029615127493088636 -0.011251191793946791 -0.02167864928146601 -0.00868437255143326 -0.00183778956334268 -0.009548530104611713 0.0028480655448525545 -8.401408023157999e-05 0.01547301021488621 
0.9801000089372003 -0.012501987761764255 -0.008551843185522559 0.0017398942177529058 -0.005662851198320804 -0.006020636416626838 -0.006291716164360277 -0.000571115739784493 -0.000184010433179159 -0.00117003503962892 0.010828079131456255 -0.0017907309734435948 0.007588222988363143 0.003535889403954531 0.003026263080446323 -0.002806653782603306 -0.007229793932585579 0.005462866356802505 -0.019066134476503658 0.01961694554250802 -0.011986071071849028 
1.0197301062367785 -0.00841904900419231 0.01755864472042814 0.0026951029412506868 0.003259625732450095 -0.01275351086132665 0.014271186922663158 0.009444426207563542 -0.0002030963034055698 0.003527294375291217 -0.0077013655336948955 -0.014458911700564155 0.005175541446193961 0.00023332735510379405 -0.013200716736630322 -0.013898182908537962 0.007744258839235663 0.001281381992066922 0.0028322013862568545 -0.00792784521064709 0.004070900631944779 
0.9867320274957138 -0.00788485092953016 -0.0029688935226685116 0.005229523947004968 0.005456914798396882 0.005142728954885267 -0.009871214544470371 0.0015662998981193596 0.001809409026291469 0.010911303180487298 0.018433667302369627 0.0024140202012621023 -0.016406993288009854 0.003791717217698283 0.012515524473637749 0.006114033051852481 -0.013768290304436917 -0.0007977918389788087 -0.02027594611350161 -0.005224714288323964 -0.0032458157170396234 
1.001500846044235 -0.0007390063193695422 0.012040641521832665 -0.007609735038254822 -0.008629169128176397 0.010732846060194064 -0.006776546093765445 -0.0016898888685387425 0.005598873338685987 -0.007500991976511463 0.004480355929951037 0.01269353635339631 0.0024467022364832694 0.0011840217604486003 -0.004359491577508857 -2.62602613088819e-05 0.007724177161375379 -4.279374339130702e-05 -0.001219136934653671 0.0016424229218416234 -0.0017396940191189976 
1.0139992884801887 -0.003529094851123688 0.004079290949299669 -0.002804221504447021 -0.011835721929849791 0.007326762633729451 0.0028576800078804455 0.005853335733429131 -0.005809459959150284 -0.003492859223964338 0.008900519491213538 -0.007667173380644862 0.003669154294879074 0.007565832781957087 -0.0013957750157651 0.014285385685579579 -0.0039045426158656645 0.0014180831081139203 -0.00023840516869512175 -0.010385924564732252 0.02089683021354969 
1.042296322005035 0.015218728768705463 0.0019952076152086494 -0.009422425396205332 -0.0008181005772484363 -0.0047141335548743874 -0.012044329794610904 -0.012845804121732321 0.002067599833722423 0.001017188097659154 -0.0037348204838570554 0.006496694006123764 0.019868267240095022 -0.008081670334263468 -0.0013172834399358796 0.0012503945013272097 0.00886347925928787 -0.00495588490819945 -0.0056228159231286766 -0.005580451468926023 -0.015347832221386222 
0.9517207265703866 -0.019743178760357933 -0.01176436538506082 -0.021837283907648813 -0.013227117402666896 0.021572555787745657 0.012486221342352822 -0.00035626501829880136 -0.005600196838013335 0.0054843913142267635 -0.004710049461901244 -0.0060943112181717956 -0.007178961363879989 -0.01701527343321311 0.0005496834035017882 -0.010191287109151655 0.00256836789186255 0.015458402193219157 0.00699830770137239 -0.0012189379152514705 -0.014509800934777889 
1.0050568823259343 -0.026206532398051877 -0.012324024240065803 0.005226049015086657 -0.019801139888285416 -0.008553563391854561 -0.00983971653158863 0.01765722739267788 -0.0051649432980196905 0.019817564421023042 0.02159141662069902 0.002217700557262571 0.003029317483303323 0.0023185096621324997 -0.0051184756889209124 -0.0021964324687231526 -0.004952843710086064 0.004713025882258669 -0.007404197888316318 -0.0018403505342982143 0.0038020376545024786 
1.003275033262365 -0.01803188586592269 -0.005458519128184982 0.008687301982153546 0.002748580315732347 -0.014839783495490422 0.013179076532487607 0.007720850603099063 -0.006292854986965778 0.01875286230592278 -0.009919397238922167 -0.024702669691148007 -0.002818342246342182 -0.0058980416247834 5.7673933886623586e-05 0.0025170879733391873 0.010437911041415613 -0.004020398661390635 -0.0015655045479607908 0.008701857293508981 0.006060027558389831 
0.9232313358286351 0.012568379462365338 -0.006278994455678556 0.0147674355053855 -0.005767839801412547 -0.004502041744372998 -0.0013907149436266414 -0.012695097378359188 -0.005323869924693346 0.0011780797522430734 0.00268721452279648 -0.028652111331408818 -0.026173636001697052 -0.014051136826921773 0.011478409040592108 0.009983400696029382 -0.011662921397166903 -0.012021308223396397 -0.0014291678173900088 -0.00933363373722189 0.012088686758439807 
1.0262111258208786 -0.0034882256727773652 0.005058284618844254 0.00588890707190369 0.0017903474349955414 0.004431722622580251 -0.012816437648716032 0.017073930101048587 0.004743073965806749 0.00645137389693945 0.0033026163011527325 -0.0029723071258370053 0.008823698269106875 -0.010002013306624265 -0.0003028866538442141 0.013867465509086055 0.00591801649298662 -0.014728058422768862 0.0001650972452645972 -0.0008336266707255496 -0.01602266168785861 
0.9858202547784491 0.00975985120068733 0.007333668037647245 0.010996586190211852 0.0022980983200717384 -0.002761980483154732 -0.0129344755056587 -0.014158190385581209 0.00648182705282933 0.014916708681791981 -0.009144591835643968 -0.009658622893379005 -0.008650689164702923 0.007522964124862753 -0.0018466286305267227 -0.003433534253336057 -0.007971424565948952 -0.01279691044162306 0.021201214562233783 0.015089084342021887 1.3880996512440041e-05 
1.0458924015900142 0.016798665817884157 -0.0016287739849494727 -0.002551738412272095 0.0032589693716229265 0.013132145956591368 0.016043651661149884 0.016840183243062083 0.01409048079776866 -0.009278162837302073 -0.02410513653535226 0.0061634591089995226 0.007498020576063615 0.012323680411677102 -0.009125960408186175 -0.001148922310378693 0.006419963261214781 0.009150130663589849 -0.001120444754774928 -0.005877301567225684 -0.010310849601737419 
0.9979855833788006 0.011275981642592922 -0.001335101572996665 -0.004813952430863472 0.0031069093834681528 -0.0018197106108147818 -0.01082358361316982 -0.0025811594696373576 0.006374415250288335 -0.006962626015359042 -0.00889956850379923 0.010807691823255295 -0.011013581346701653 0.017437315537526955 0.017203122975736982 0.00902179599282025 0.0020780869571389656 -0.010076423842596872 -0.0017822664078094481 -0.005418597852139999 -0.004010280964566799 
1.0304622016383684 0.008833010652845658 -0.004566011379489522 -0.003740929468636281 0.014171280677664978 -0.008823486759330824 -0.012328048100344016 0.0032944118472990535 0.006927325752851975 0.008502993919396929 0.0026640769800282006 0.01322051263940395 -0.000569501116182817 0.012818201150132396 -0.009761590169538857 0.005048220603976455 -0.004823932396798293 0.014527468232434813 -0.0011415001716084743 -0.006828777994777347 -0.0003092461949223241 
1.0046606125364674 0.006172762796358955 0.012714927692925333 0.010378549839043627 0.0015208742175779131 -0.00019010090968242654 -0.0056362031777847 0.016547671125718384 0.018907531808627084 -0.004283188964791469 0.007741901025342843 0.00686962546348877 -0.005022121339923302 0.0033826445879502876 0.0009771100149886284 0.017332662662947973 -0.01807088793648526 -0.010332853246850215 -0.011577267513955413 0.006795643873851583 0.006295447154218195 
0.9933973802229336 -0.01078421526923742 -0.002741883674134857 -0.015554646382899788 -0.004103389316253194 0.015316322420678376 -0.007906977244307053 0.006078177424864589 -0.003870613354365716 -0.010786503643930887 -0.0016075131329953954 -0.0012461060889146255 0.006447551249787301 0.006425020734455809 -0.0044301941769371725 0.011838202526127346 0.011889403465071138 0.013775121605661626 -0.0051487882591164606 0.0016098566214903434 0.010978918149170593 
1.0279284693776942 -0.010179644167920754 -0.016359568533783335 -0.0022075783712536476 0.0066477922537605885 -0.0010047183937753428 0.00881423919734941 0.0023219135225952905 0.0022204593773371218 -0.0053033671097965215 0.008567985491793965 -0.005385182567504479 0.004609998180985105 0.011285106198747705 0.020997412107307042 -0.006567272011612353 0.008017105749245418 0.003813731288296935 -0.0008618265171197334 -0.007832787987819811 0.00358084299854824 
0.9994403146144442 0.010105865288834425 0.0005058881097202755 0.01889474006214103 -0.002245352972372996 -0.026392175109348465 -0.008151440945935251 -0.00020560889766088646 0.00030768380138408296 0.015144434693814872 -0.006882789210168771 0.002265644889972739 -0.013610112965228271 0.00011092428622451963 0.00015320087506679378 -0.027879715859054823 -0.004664568379720661 0.0027022748842564824 -0.01577789629190113 -0.0015304028235319299 -0.022500023557190784 
0.968135781095873 -0.008281696430663768 -0.0012513936120531397 -0.006597617039139724 -0.007666829235536525 0.005958863903993602 -0.0017951953068600943 0.017703782382696032 -0.0014290172348505581 0.00020970825252352498 7.88054642986104e-05 -0.030567631820220598 -0.0034765169441055704 -0.00045668453204357446 0.0104982421852416 -0.0032080084721749463 0.003376599437263223 0.011957479378711213 0.008427154899555232 0.005296283960367297 -0.012796205645440135 
0.994531075789834 0.004999882687487518 -0.00508668132923894 -0.003950855266385226 -0.011254230545487172 -0.01616983178392009 0.009376141747453673 0.0043619586113417125 0.010728260173408291 0.014285496998564715 -0.01520260972156554 -0.003870774576987957 0.00629403967220302 -0.010335030531245551 -0.014889709440351489 -0.01094728380681605 -0.005575300701640893 0.004436922449182452 -0.01435660684790381 0.010295631082338347 -0.0008477250401569171 
1.0295386368702126 -0.0017154368795287737 -0.007329787738701298 0.01282265971235571 -0.008717791705753345 -0.002010826710728149 -0.007150219490060873 0.02502753854875083 0.008443472377850538 0.0021282607198514795 0.0012024947506836389 -0.01012561252888575 0.024666720470334736 0.016428895534803117 -0.01594040207951763 -0.009081028903026657 -0.00903585629372258 0.003997080051699437 -0.012626633936198632 -0.001986579475701993 8.633875971910213e-05 
0.9967529188794545 0.02215353681550271 -0.009047591930009306 -0.015397104822316432 0.005042577821789601 0.0031287528256962838 -0.007655323578382623 0.0025123968921817444 -0.0016078137101092189 -0.002716069139814466 0.0061701575098908005 0.0005777146614894449 -0.0037105183816624836 0.0011272120013373543 0.018967356831728486 -0.013264429333176229 -0.015873357455403213 0.014348295456289135 -0.0002964901452699704 -0.005898785219299187 -0.0008656476987144349 
0.9835084109110231 0.011554938464634746 -0.011780246642684634 -0.0006852503563401581 0.01917885861169932 0.002588455893218714 -0.01780336988242158 -0.016772888503467785 0.0005052361657763265 0.0016382145318910774 -0.018933848273779398 0.010202355736085368 -0.005206404468115905 -0.00036071952115557596 0.0018467113596205066 -0.008827788596389361 -0.006197118163944237 0.002932191852355348 -0.0007850043085004186 -0.002876214677957123 0.009109637664953225 
0.9845274935723308 -0.008574883461589447 -0.012199830930932156 -0.00642046444166557 0.0017622416495378726 -0.0026474020918655695 0.015776696163661914 0.002050228467776168 0.005854004359225764 0.006417520248497567 -0.006478860866615547 -0.009205779764194238 0.012608272445077534 0.005495894516345424 -0.019132763288107618 0.01698356615139619 -0.019617918365615265 -0.005032755278858524 0.008821821595559411 -0.0031199500646846767 -0.023914286667284228 
0.9771418911386068 0.01931377987398222 0.008521463421826364 -0.0004794358219648189 -0.018085683090047436 0.004603040984739569 -0.014274210558558842 -0.007367451484421156 0.0015486350751678655 -0.011061905052428418 0.010500545722164276 -0.01433273709980138 0.002627326364936731 -0.0013726861976614217 0.0027040279309756073 -0.018164594617144134 0.00225977057911846 -5.3458437578494213e-05 0.028892927533685324 -0.004716779209227797 -0.010155999070012583 
0.994107238039849 -0.007218730519548173 -0.0057737500543239085 -0.015934694681860245 0.0005805374185557841 0.00468177966459501 0.008105450072250468 0.010953975053900373 -0.0023813704708924837 0.013378653633457986 -0.026898518938186733 0.009930358967265669 -0.017958754140642658 -0.00048217473570702046 0.01816634956658222 -0.001988611891852671 0.0038936790805606724 -0.017796075390265904 -0.003081550842060402 0.0055592804504024105 -0.0085806487173055 
0.9751779990537175 -0.010315159846238217 0.005532388354676377 0.0009422553668291202 -0.0031852197147604223 -0.008687676259919537 0.004221593784967649 -0.018331518717956637 -0.010994893484899569 -0.011376445286062355 -0.009280893954287356 0.005936259067153652 0.01109257426760425 0.014258626970703943 0.0011481954159587669 -0.007530686447645281 -0.0016312239423569247 -0.0060559315800559075 0.00636052242990329 0.017341281939186447 0.0008632718860425862 
0.9799407794518926 -0.000834234888193012 0.010187640551160266 0.001327014493030579 0.0036031561725541244 -0.014933121013214845 -0.012450140917856685 -0.0033464579483395117 0.0023973185904653705 0.002994931681073223 -0.00605663302219656 -0.0050771395564886196 -0.001701784967268606 -0.0018700771730656607 -0.00038781820715616235 0.0027128436289384785 0.0089352301585906 -0.004086165861854163 -0.008090783506301808 -0.004918254590785766 -0.0091842269389037 
0.9732769625534138 -0.006217721337263195 -0.0019398420494920589 -0.0020969575351106424 -0.014654170881920227 0.010942791532945537 -0.0035015433560182238 0.003287263192253295 -9.578818358030188e-05 -0.0016278699104100372 0.0005029034951503907 -0.0020423530366986743 -0.0010004846490539014 -0.0027697299120832703 0.0058116991156641545 0.01520572291866375 0.0023584496602119275 0.004720690891380113 0.016576575776465822 0.00942946562091188 0.0007921536893265728 
1.0290569613103233 -0.004595901841685148 0.02057545460897364 -0.0034481635497688283 0.027374025381587477 0.005865110546815502 -0.005221687141213568 0.007821303806961048 0.00790022620165011 0.004597853652535879 0.006301513268394623 0.009330054098269739 -0.0028129641396389933 -0.005171083062666678 -0.01034167893452681 -0.0009175815963828639 -0.010660673346322778 -0.008188803982258026 -0.008873055840544587 -0.014276889682212348 0.01596223190632677 
0.9925447415647533 -0.003108617032001377 -0.007457451526536191 -0.003113718750339396 -0.014826558031312116 -0.014890047024668283 -0.00568880867268073 0.01673706721609266 0.021731389423052222 0.010352687759547587 0.01519020198529881 -0.009908143516226365 0.007023924221162011 -0.004333317379797314 0.003343130643045613 -0.0023556786838928 -0.013208256326494477 -0.006193642389133042 -0.0025672692456922617 -0.009048020590050096 -3.149877950917208e-05 
0.9482433531299915 -0.006641900192978901 -0.0034878430877689232 0.013558408519757663 0.008000510224639126 -0.0036142681675088105 -0.012355531585843012 -0.012787858997165755 0.009074330953568297 0.005632812424354248 -0.00557213569202749 -0.0013224852535428991 -0.003996245030394646 -0.008512161480283793 0.007603593968047947 0.0028591406091642113 -0.01698689998105339 -0.005740331797236774 -0.0014179453587061363 -0.003414345511795931 0.01719220380132705 
0.9728951819838407 -0.010592386649579693 0.00969741299736858 0.007601274221500938 -0.0038879920440469157 0.008583438407294218 0.005554135872367654 0.0006752482999455117 -0.01323379337551462 -0.002047269228122686 -0.0010821872878546271 -0.0037291600227433237 -0.010394036029045896 0.0011270190820614927 -0.0020931634720104146 -0.0022452165665600814 -0.007701556244458746 -0.007874075211610841 -0.011779990419620552 -0.0079058500456733 0.0056830149024412815 
0.9835616449529513 0.0015615937014223425 -0.009091268996056723 -0.018861666277428836 0.001277312037296466 -0.001058566225697474 -0.02314960637897548 -0.018603639556192385 0.005646008466039474 0.004949771969145096 -0.009027878623325682 0.00752322534364208 0.011432935360765341 0.016994882088502007 0.0032478886396488994 0.0014661183895120229 -0.009730678717508665 -0.0064279555383943325 -0.011825718997677977 0.010844615575731588 0.0013532273562113085 
0.9927648501604412 -0.0015701386623758402 0.014727076637169483 0.0023255571881929953 0.0063408077968163095 -0.01249182651790376 0.016303733280149932 0.0013630515483669563 0.0025499803958828646 0.002637773157961726 0.0021755859284114973 -0.016829320207136324 -0.009290909307553122 0.002912092848744104 -0.00518318819589118 0.00857757381864002 0.00681024026760499 0.005859296695441564 -0.004325681532152122 -0.0017696414981283426 -0.006820757614968658 
0.9225234248823927 -0.01436468298539736 0.006030170878472017 0.003618028625449389 0.018175551757421218 0.0037228354214855824 -0.013699237045641237 -0.020908340682032556 -0.0014372681514754734 -0.014225050952359816 0.0032686541880498523 -0.01408528730220457 -0.018787194493978438 -0.000105645002649882 -0.005025790697130827 -0.023712548492154668 0.00698607487925003 -0.015356573506280249 -0.006296112218253331 0.0006430142017658852 -0.023687454611698827 
1.040596898264756 0.011003788934313797 -0.014870053331681999 -0.002271377539778153 0.01443241408460176 0.010136410397015603 -0.0032229577945314673 0.012985931835634956 0.0008145605896483294 0.007801440541269569 -0.0033577175510275986 0.004357315824910577 0.010485968159739003 -0.01687978953688451 0.0006069892356162661 0.01465745659619371 0.011274732456751717 -0.0060263864721130924 0.0029177328647015644 0.01691260547280266 -0.02000375993347349 
1.0843191261419682 0.01650490140261699 -0.010149597615895298 0.002410011570730122 0.02303312752096016 0.009583097583889357 0.015756468271634717 -0.004248274535772948 0.014002869795437332 -0.006882421258800467 -0.0025552353587446094 0.024244435805184723 0.004480606040785532 0.021701680435812516 -0.004771060442396338 -0.004935785885222505 -0.00966224966030754 -0.003133454275281585 -0.01844320652903378 -0.012621997490983061 0.008411855972169237 
1.0131474272937082 0.0029929135878474116 0.007769627425214929 0.0005654584377187716 0.0020906139245288804 0.005835119148439698 -0.016235343858296496 0.017449322555634042 -0.009118150093996377 -0.0006237867805388513 0.006274424988346217 0.02653844564256055 -0.007488417353009659 0.0010548877488385528 0.007756973397310604 0.013561212878320746 -0.0067989057434344625 0.005752952622248861 -0.0017651749479607967 -0.0070750291452417995 -0.010128255933501574 
0.9744216284981585 -0.013057641208100141 -0.004913256610380283 -0.008830781885871304 0.005620675824647556 0.010127871603594052 0.0010821700254531154 0.003028232216034028 0.003902232257566689 0.00014196949223937945 -0.008315682794139545 -0.001922357597077588 -0.017840164340871063 0.001237177420260766 -0.014125346399978317 -0.001855703538830775 0.00675652402636196 -0.020984724951400614 -0.003408774846360077 0.016254141098584765 0.0156631635256728 
0.9793906696789901 -0.010086418272306039 -0.022151343931659438 -0.0018739915332028321 -0.004510303104776609 -0.006500149777237888 -0.00038750090565412004 -0.0022316773893349467 -0.0035567966484799166 0.0031197627527679173 0.0016171299083624247 -0.0014539870199817035 0.01249192193223077 -0.006448893251989959 -0.003379087864920438 -0.008877698726422785 -0.024767338707408573 0.002857266532651548 -0.009849070485741733 0.005452828006129712 -0.001458235615809924 
0.9817860171573743 -0.010205984510742547 -0.009251187190302795 -0.015606676785421294 0.012215270756942455 0.003955739296564629 -0.004102799289652815 -0.0006531399974677642 -0.012171678922800225 -4.162861967556389e-05 -0.008499393273120843 0.006681561521819087 -0.00339173288351858 -0.00519870802997666 -0.0007512732246586729 -0.008083711922490768 0.008149791968043937 -0.007055981844686754 -0.009709800763445783 -0.009511507983001469 0.006134939878669607 
1.043965425062186 -0.011574139635985099 -0.008641060153266069 0.013587589496612549 -0.007644024951645379 0.0005691303008455834 0.011982379257911062 0.02183317705971437 -0.0258169129831086 -0.0044430489015773586 0.016347439600580795 0.0033626344193895237 -0.00801543588120394 0.019938176047441806 -0.006780404064116336 0.018132523290492194 0.010012014729254075 -0.009968909631020881 0.002221395045496311 -0.008240612047396142 0.004729839024366444 
0.967206955130195 -0.008758962271096899 0.002344624442463923 -0.001000963190850134 -0.0046747564569671555 -0.013527512633460224 0.004648575411648818 -0.011161706334743749 -0.015551091409153155 0.025900409471205515 -0.018236588342653154 -0.017410131893055843 0.0011537629329975508 0.009805438378319011 -0.010538340643483397 0.0017075038316827027 -0.0025155246205426206 -0.015289709395461584 0.0029310589573629253 -0.003200521289311816 0.0009139282710362137 
1.0168140828396324 0.006546506212858132 -0.01235438781385361 0.000344251249780454 0.011682011317016858 0.007609689261872522 0.0113566012050131 0.011507754117090938 0.008827123845150787 -0.008572817106785036 -0.013467207047893432 0.001998456180301216 -0.003243074639558415 0.02051472654447496 0.011163965470490603 -0.006594884515810032 -0.007865531845047607 -0.002605327264975893 0.014531163709506174 -0.007394919189664098 -0.014149338951492226 
1.01219929988177 0.007221969436673643 -0.008451203094135913 -0.005085013349676703 -0.010652775235403686 -0.00039721905123389043 0.0029460530063832834 -0.004391912356707103 0.0016412973870605313 0.015283625288140265 0.004655040562778948 -0.0006023623149103737 -0.0043253110966962926 -0.00010493702348749513 -0.014922916270489901 -0.032660653261279385 -0.015078298912676156 -0.01240499093108373 0.007639212837617546 0.0017492290847564236 0.00964489438409267 
0.9757893694931556 0.004579684193594068 -0.0053758777780340515 -0.01389131249689131 0.0009192252574281202 -0.006226895881165712 -0.024177230031517675 -0.00045741736725506816 0.009735757920276616 0.0013069040217757442 0.020639311587736457 -0.00809147008108155 -0.01697299804355642 0.011499587534270068 -0.00023331978833323542 -0.006945937382350815 -0.0018621225954737605 -0.000632817048967429 0.010869214282956523 -0.001223396851503841 0.002285165593993027 
0.9333876972781912 -0.0033354800615443526 0.002178079119594752 0.021435688346289564 -0.010666811727583525 -0.002853139908512953 -0.004814018924843672 -0.0018718596971846102 -0.01027698933844026 -0.0017659109928275152 -0.0010741017492739387 0.010398553763473413 -0.017052255639163027 -0.0069955700240666744 0.009665332732171121 -0.001353367315643872 -0.017930913428637278 0.009103319348979906 0.004379034259807296 -0.0054536456619767824 -0.008173222752139185 
0.9960583219846011 -0.004305897426690778 0.0041939258060509 -0.00798548141782001 -0.0020527813324928406 0.008902518992594796 -0.016161296191092505 -0.010639393445394826 0.02490162757277051 -0.010579706794396208 0.00010750185914261556 0.0027808505648454647 0.007056124695504907 0.019951870915199923 0.0020750207949904423 -0.011097763343138549 0.002284659225628411 -0.0007800686830792555 -0.010860028865914749 -0.00027158147509355734 0.012091724697070531 
1.0074380120800466 -0.0043946650924771985 -0.011438427111975171 -0.012273271583650663 -0.008273696121250515 -0.009439533878490733 0.012569721737266669 -0.008712654984939377 -0.001026522842710416 0.0008412366536662636 -0.00021158137568421797 0.010302931623981172 0.011670465767656084 -0.0107547730863574 -0.0051712013704167704 -0.0014241676634910863 0.008942996247435638 -0.0034287330950710506 -0.011813646167563321 0.010611722266789548 -0.014056953725972059 
1.0169078416239128 0.0189007374322303 -0.020457398303870073 0.006198853043542904 -0.0008688743995682735 -0.004319864340101282 -0.009123408001536205 0.003957423435225933 -0.006691251767832128 0.002769357705314387 -0.006887243198087848 0.015145761138151458 -0.013699993648926812 -0.00383515836162 0.010501412244622846 0.0038893440028612814 0.003434003340812347 0.0026712612351568847 0.003409270539425645 0.01212223881715546 -0.007919490340496434 
0.9508663053099784 -0.005337029972654268 -0.006459834620410828 -0.01164175315491234 0.0019425344021640643 -0.006617734414688589 6.51653963419761e-05 -0.008043901708208536 -0.0014142268964431625 -0.009354011108373311 -0.006565607251654975 0.005003919026690787 -0.0071318982606396394 -0.008341328151557638 -0.005643292037929095 0.010051414369830229 0.006866890819122096 -0.004617028714656874 -0.0003127084422567192 -0.006737062917908006 0.013066731390642522 
0.9872483163702845 -0.005767127612048613 0.010594713072612364 0.014349185039970763 0.0057676499139743586 0.005760946717729466 -0.006590518417329615 0.0006620828120653036 -0.00580202509307839 -0.014626186839492057 -0.012873498968952499 0.013567285294053858 -0.0055605634225668835 0.013786315308741824 0.0008226865755307987 0.003625010961392336 -0.011504444279487215 0.004842574136815089 0.0006264513946884284 0.009514155816810012 -0.0005210384709557654 
0.9752531865353361 0.016340360623722898 -0.0035572066124600343 -0.002163588782117109 -0.0025516428774520795 -0.002578227593509409 0.004738324422025637 -0.017172634747807638 -0.01914580920217889 -0.010022219337370759 -0.015903556431174606 0.0013385258000388875 -0.007410298738129384 0.0011539739967124298 0.005231161873145951 0.0049711236221882515 0.0011079593375458783 0.0030504923291297544 0.0022528438092477405 -0.0075321302586485485 0.008019943553395198 
0.9907685419117905 -0.0027732438914038456 -0.004559071026051653 -0.004595276211005967 -0.0013574801575442187 -0.017909144321495013 -0.020234045349540684 -0.006821825404491316 -0.010267812877880334 0.006565910890976274 0.00429105493245945 -0.011649629064409256 0.01680092113100903 0.017127621183455538 -0.0037910495860981074 0.00040919304340248985 -0.0033908964651252417 -0.012061084796844548 0.015407443539337496 -0.004443458983991001 -0.003143794099807774 
0.9816716104615417 -0.0007951490065182921 0.004566827855528378 0.006068810179027086 -0.007653288558105332 0.0047937309959879115 -0.013377576858188071 0.004284364484879541 0.007291305455718477 0.0022709567503846452 0.0009911594244096267 0.010789996983981457 0.0068086932392805565 -0.012649781965515514 -0.0013911498075697536 -0.014760986340838951 -0.0103295209271502 0.0001933258055819877 0.010954776733820431 -0.021147418577012838 -3.744453936667803e-05 
1.0109119891074885 -0.014724175660569027 -0.01009182960956419 -0.0017452456735875125 -0.005023591097083973 0.013443530426038368 0.005786546100223536 0.015491562146417262 0.006472627935808495 -0.0157214947491563 0.002042376036169301 0.009326261043664037 -0.0059989154427819635 0.01047882479231666 -0.0012867226761565044 0.0005486333790944702 0.014098774133794251 0.0034029145256857774 -0.0008797967710774599 0.009206393699883296 -0.0003583871152105075 
0.9903568054632291 -0.0032452711734016356 -0.0033816633716773846 -0.019305954628207157 0.005186236050140898 0.0074514683390385925 -0.013810878438853376 -0.0007711540153189006 -0.005884299943330069 0.00872677941861307 0.0038646438741967277 -0.001811517704221523 0.003319679406680899 -0.008366334736930102 0.01451301788629147 0.009382890986054352 -0.004935709953252574 -0.011141069573491756 0.0018691454688740316 0.005075878140722419 -0.00987310647128373 
0.9687672424573998 0.009867036325065777 0.008662615251022923 -0.0020959015146715023 -0.003931063988152399 -0.027249852901165314 0.0032216584408041407 -0.003131791614378815 -0.00892624244329496 0.0012973870749865043 -0.01058800782069348 0.0010395580208994067 0.008022121532822571 0.009470605522950459 -0.008125026444347596 0.003116000281125823 -0.016335862632996717 -0.004942906297180521 -0.017711037038267832 0.025053890995236774 0.01412174009697446 
1.0159678602492452 0.01058886670141597 0.014491496637132933 -0.013081554613243925 -0.017091282547410495 0.012878024367816631 0.008234605890264876 0.005821082686352666 0.0048695680717049565 -0.0036116000602175063 -0.007717764418816159 0.00028304075432921967 0.004596099015900474 -0.008647074118905754 -0.004063687862517243 -0.0010532136489823562 0.01165435472018867 -0.0024140877993473896 -0.005913293941448199 0.02042301396796063 -0.004076293301522555 
1.0208537381748166 -0.015933329906265968 0.0027756491273089713 -0.01598086248785106 -0.0005460726714272323 -0.0003658852539700289 -0.018803829275265964 -0.0001470967949978348 -0.001225795543431405 0.020283000645626076 -0.00024193265294985473 0.010368139412750868 -0.011569533948267421 0.024122760789465545 0.014769392906364079 0.006381692341079689 0.0034065459730015187 -0.014888179180125064 -0.012627620271012783 -0.0013144091999276178 0.002228185682047443 
1.0257000619182834 -0.004348720820657488 -0.0002813549894041779 0.007292103221645606 0.006354956011081109 -0.010988767131799674 0.014677611856701583 -0.02249053389150651 -0.0058558588971281845 0.00811682816145065 -0.006333799243329422 0.019014972659556713 -0.004013695051943784 0.01799741020846127 1.6631276799380306e-05 -0.0013488359435678036 -0.002045395254667848 -0.0029782347262672544 -0.005388546928670236 0.003002180669736897 0.020055726437577606 
0.9706550176553952 0.01617172998600885 0.00538765041439035 -0.024699064936178208 -0.0054083978667553755 0.00798493036546231 0.005898399371303941 -0.005120974487273844 0.00896129477151912 -0.006994804893473101 -0.0009462735020019186 0.005778799918829806 -0.0120882723018972 0.002028566184095905 0.0035263859223824377 0.0017473118290019362 -0.015765680079475097 -0.008386927417609425 -0.006589210150680758 0.005965662574364677 -0.00803438997961313 
1.0334691488628571 0.0009308852646926204 0.003813653692184659 0.015484282978099515 -0.014965676118332574 -0.007151193479208621 0.0028420190269080594 0.019082221791013185 0.0017825682135791541 0.0017886098103707432 0.010470293755217764 0.0024143941073068425 0.009207483280273127 -0.0012647163825370443 0.006203291806267787 0.0033596108205457805 0.0005062992815443545 0.008354984090301958 0.012096634839956053 0.009150531551970388 0.0016108964168420426 
0.9779439667848288 0.0047288682578558935 -0.020624620782407226 0.011834619480151319 -0.015014475773656229 0.014387796200840797 0.010604825422399633 0.006138914719912015 0.00964272911586791 -0.020385357295884192 -0.007010738466691755 0.018996109969296068 -0.0016511046625372109 -0.00917196655237421 0.014128158529210415 -0.014567248252141072 0.010253959452316923 0.014292156398209306 -0.008623283358925413 -0.008385777291501624 0.0034234591876990024 
1.0128679944730283 -0.00635977141316941 -0.0033398995496136947 -0.01300536875426348 -0.006310303180046835 -0.01089124542436033 0.017741164238144966 -0.009713671534685542 -0.0068609158707980036 0.011213826127194928 0.0018638957688734837 0.010814340786010726 0.010988492260110118 -0.0046050278842708495 -0.007293209726793896 0.003728468422837172 0.003037435096231181 -0.007541675322585272 0.005418068223801844 -0.001184476869181007 -0.001320407877666205 
0.981918338599295 0.007276139141231131 -0.007879430788760822 -0.00455289655959551 0.009503101189294746 0.006343425143376317 -0.0007591230202838653 -0.0027975416027534086 0.006019669233006933 -0.005334756130349501 -0.004425503694200397 -0.010531106748850229 -0.008476598926109321 -0.00026986061243737595 -0.00785196657236879 0.0142133107785091 0.007138605021946956 0.004182483583360182 -0.008991474654861836 0.008357851296203771 -0.004012566338417879 
0.9859165563964603 -0.014302547960948857 -0.007454987225499732 0.016571793729640807 -0.015325763591227481 0.0006243025895341143 0.003519070469282921 0.0017752599084132662 -0.010511714703251024 -0.00958927244226642 0.018979763585181633 0.003290265722917787 0.0008554843379638666 -0.005411208838601898 -0.015561216191621641 0.005711945712689969 0.006347806769362175 0.01475898717356417 -0.005850046497351205 -0.016222298598595628 -0.010889396913271914 
1.0619116586695212 -0.00419446711365098 -0.01084501992686376 -0.005896349836154168 0.017626554073079143 -0.0016900187555123902 0.00785579423489466 -0.0024142749929867823 0.010498812792506007 0.028925288380458082 -0.00027313103347742707 0.0033744236245443837 0.005972533639910611 -0.00161155540093296 0.008939206233544114 0.010080033180255557 0.011681897712532032 -0.015901276540226224 -0.004760730726944152 -0.010028068424130199 0.0012115408840637737 
1.0280058728123842 0.007081135278825681 0.000697322348370087 0.012822772228862146 0.011787672382625134 -0.009603109740882307 0.00491339987006438 -0.005439101944069973 0.007428748271607738 -0.008421754233736011 0.01660683227470679 -0.009771733170838908 -0.01151657909223059 0.0022426435214365145 0.0031132692435493574 0.011961783316686878 0.014650358665592776 -0.005064575123389459 0.01767612440323761 0.0020650316979998595 -0.011164676019192637 
1.0151450932464943 0.0005191675748392403 -0.01197800400622188 -0.0033656324670174355 -0.0031041876204375247 -0.0397670283441429 -0.010759217379153911 0.009753122461765757 -0.008692363776391319 0.0012199372811915372 -0.007000141101855122 0.00074719351091668 -0.00641561248358985 0.012883843358500052 0.0016970721875119023 0.0010128762856188688 0.0035246467908686095 0.017273232010307893 -0.024091999598580098 -0.015854630949290627 -0.002014539583312112 
1.0888732597005548 0.005017392944207544 -0.023486553975040143 -0.013912651645794 0.010106561107254271 0.011084997787311642 -0.0021170893365212314 -0.005690098684374802 -0.02171672673879588 0.008482048834052775 0.004880487621886071 -0.00390117550708352 0.015038732686357241 0.020375645581527043 -0.004729685688572321 0.011687468361157373 0.014121107477581286 3.377710274537201e-05 -0.004308626310183611 0.028634939626469787 -0.0015814957994733229 
0.9531751473844259 -0.0026521889926569885 -0.0022673286982734958 0.013530106438236409 -0.027795366471801326 -0.00991735899344326 -0.00816199189181988 0.004538218737573022 -0.006915497883597064 0.001680695900236754 0.011562313135930605 0.0014685640134372091 -0.003980403765279146 -0.024994491712638053 -0.009865820731656877 -0.004463315073099213 0.015334072737086835 0.004693076858076173 0.014043325842369161 -0.0002362186765790933 0.005723823607062734 
0.9985917328294618 -0.006605028866380167 -0.007691244097810738 0.0012886500797976148 0.01364039558199413 -0.001480444145922343 0.0014239851430599723 -0.010218815761721272 -0.007932500154580507 -0.009561437758149762 -0.0037169919256692207 0.013598892087902867 0.004981307275912346 0.008673976482482654 0.00224057715947108 -0.014907099216537916 -0.002681060244692595 0.004006634413470204 0.019437018586704272 0.0031117514333788053 -0.0035248358538071184 
0.969354338003583 0.0111398078645305 0.0007972523606047586 -0.013683578849216409 -0.010143414122459818 -0.008400133195842525 0.012107125059332254 5.1582686448090334e-05 0.00926720539150729 0.009601298967801632 -0.01235147583492803 -0.015257264836480417 -0.013808061432232047 -0.0039094780897389195 0.02084283476541354 0.016566202277345798 0.0022185562474051055 0.006715407475892272 0.007587542693857492 -0.012639329922420773 -0.0024158577945056305 
0.9894093676700836 0.010782809794331232 -0.012302751972659856 -0.005403404615999197 0.011233489087529107 -0.00014117526548788605 -0.014963668008463181 -0.002274720573542636 -0.007491705117227204 -0.01565179957946983 -0.002049956118295339 -0.0016311473823255446 0.004439757994219025 0.0035082608237858555 -0.005879405045578767 0.0022105131794945077 0.00033442473354087046 -0.008060172760569459 0.009050807486206852 -0.01041338082887088 -0.02548727374053434 
0.9434378504653218 -0.016424340583319534 0.001555821667441772 0.011360778365173489 0.006041998717003631 -0.003947984740351435 -0.0036234452477202513 -0.0032923242532443575 0.0019594959361699284 0.0050492527435209945 -0.0008826772991396122 -0.014217029918617553 -0.014261362550608975 0.0002072483536319714 -0.007588290865009919 0.01821719517362093 -0.014850043244506563 0.0067317855900174955 -0.008950748103079465 0.002415523584055338 0.006563796600194951 
1.016036626604963 0.013545181369525412 0.010735964753466873 0.01699932914296779 -0.028966798993220657 -0.00016764389182360607 0.012970649241337397 0.004949236308106466 -0.00649788145770375 0.013968191375357968 0.0001968733363941141 -0.001104355501947736 0.00625129858679932 -0.01453658432354428 0.02297591708100023 0.004495566466319515 0.013358805663426601 -0.016402545228104505 -0.012827277697921177 -0.0214953060160717 -0.002235832628961487 
1.007108802438199 -0.02504980446831343 0.006102088240509264 0.002166231457727357 -0.00599163046173837 0.004103327702492426 0.027289360093784226 -0.0018794197797900255 0.00741681154738176 -0.008570372824126753 0.021791147752284457 -0.0030279832715743326 -0.002620479125612648 0.0019425217416239144 -0.004361135369091353 0.0011814531882727898 0.0007490711502304644 -0.011415463546687758 0.010425241848496214 0.015135924264808616 -0.0008988916998247237 
0.9750374968111493 0.0021232932390933606 0.006094683400936229 0.00652853383513919 0.008953551119770054 0.007899011873348679 -0.010587640295475813 -0.010265706853834966 0.004918889038583897 0.0015288015067568973 0.00014711793894508203 2.6039470022487798e-05 -0.0059671290654017585 0.00828305774168356 0.0026571623770215392 0.0069365666569209256 -0.009248545560535755 0.007207255684477146 0.011229050100687907 0.005234049617953159 -0.010793029916731835 
0.9918877176512375 -0.0003553713945024849 0.0004808554197047819 0.008819192277554512 -0.0199237589052564 -0.011832088386830345 0.003530779003471177 -3.390899509858878e-05 -0.021284677128300095 -0.003932899406878942 -0.013118628668705182 0.010774946710570298 0.018638518096109193 -0.002643076869330956 0.0026757054268109954 0.01802231901475764 -0.010024309034489497 -0.0028750290567645886 0.00705968296584173 -0.015051332914807421 -0.011328406116941763 
1.000570889574802 -0.007939083932343194 0.0006031683219744116 -0.0011712897863867 0.011258599272205681 -0.017922774477687833 -0.010775832628843867 0.00495355524076376 0.004690524993336733 -0.011385191564587683 0.004049722835576067 -0.0005044523115863105 0.009671326752105967 0.010542738604875384 -0.00434773190996225 -0.001839232201355026 -0.005572425269534439 0.010008935150188351 -0.007230442094557254 0.009495549528908912 0.002950993563293221 
0.989754189608473 0.0013494660598550473 0.018619249902607875 0.004185884815769155 -0.0033119457296052397 -0.013809801296758756 0.0003112750647052153 -0.005914630043769753 0.008919974949833742 -0.0064894304042484655 -0.0033915292717525813 -0.007396814955303442 0.0029698047505498197 0.007276059983152033 0.007854797710079877 -0.0028236870868822784 -0.006455116975989133 0.02174998966946076 -0.009450000174476773 0.0039360409506232884 -0.004522198661530906 
0.9865825372154121 -0.006579254924094926 -0.0026559225384901043 0.009024676243755832 -8.946610718159467e-05 -0.011726926044945627 -0.009615518904755831 0.011211832548282997 5.513444462359756e-05 0.002396866197556956 0.00017378718897349127 0.013135497201549476 -0.0039665539207480805 -0.01251789074927145 0.009256182900585545 0.0013841186567899913 -0.01198116227526318 -0.008729784595413452 0.010250311240683423 -0.015745662625942652 -0.004483251860560179 
1.0046864205481296 0.009868003226903862 0.01768643104370345 0.0004042245014703747 0.0017475571977372817 -0.0015075064276962567 -0.010909525529250596 -0.021797423086590346 0.0015805869203413317 -0.0012357872820875056 0.018887035002702567 -0.0037249786694000006 0.013676039699432735 0.013782851150697837 -0.011194894987145973 -0.002114256875669305 -2.1446067614347394e-05 -0.016133420097813364 -0.006575017868745661 -0.004222059728572572 -0.00043401309144848086 
0.9571101030504684 -0.0026060724728989067 0.0038819385387184237 -0.002025181603745949 -0.00877697769489604 -0.000764109341196458 0.012631699187152913 -0.00407419547435393 -0.002016288867740264 0.007008940088041017 -0.0012559781233026225 -0.008316615082605151 -0.011335125392382033 -0.017199152518915604 0.012591636042527455 -0.005165238898513507 -0.005805142500676684 0.003353851968480372 -0.00852595293126981 -0.022991005393789777 0.016160019133764914 
1.0094909378091534 -0.010767991540384393 0.01606992791906244 -0.005775796083262867 0.01684471795781675 -0.010641089679350443 0.013787632462716094 -0.003982154225776818 -0.0033449277281826567 -0.01177204660500787 0.008301779773223796 -0.005149339061702397 -0.005806903019199952 0.009223194490654547 -0.0012265349874508499 -0.008671636172900184 -0.0062892942801006015 0.007216596158932395 -0.007959809044288488 -0.010686526183842636 -0.004188886742297937 
1.0049505058847779 0.00960114152040158 0.01845308444933405 0.00450122861211933 -0.004702460079061262 0.013455526472913423 -0.0057071298633223355 0.0022140172127264116 0.006263966648624787 -0.001797975393068246 0.003819947799662053 -0.006841138278713752 0.008894597521962479 -0.011759602889708998 -0.009199375787574944 0.007614405088238514 0.010327177296284058 0.020443761048669067 0.004546993201163469 0.002539531338872219 -0.0011266640524178109 
1.0025756408786377 -0.007697580535568816 -0.021025117973617242 -0.013741487544168523 0.01240471201461199 -0.0071997111162399935 0.0033667826156254365 -0.017738574793356558 0.018037804505848375 -0.02491232835558228 0.01077843360976687 -0.00315510360269957 0.014402499205091448 -0.005938618379963306 0.019621552523590838 -0.005923482868741343 0.015909805505293893 0.008233299778681036 0.013798621648488758 0.0124569101760899 -0.012373982988062875 
1.0658222443989822 0.013831469374925581 -0.0030774716763973912 -0.011683838133849139 0.01377425550953342 0.003909543336856699 0.0012609310666789944 0.004959402675421772 0.006063784447604009 0.00601868141534628 -0.0019065195428677826 0.012427044752500081 0.008393817768472759 -0.004112410438342567 -0.009726255758813898 -0.014199224256565479 0.0037889966619659185 0.001344092439654218 0.00024091274844126304 0.0008194746950687741 0.019473956123536796 
0.9859792953660302 0.008167928925501913 0.0018792535233781152 -0.002325451942752212 0.0016811971690640672 0.004454926934995148 0.003565414023389939 -0.005679033727794226 0.0014033167091261328 -0.003937609413727613 0.0018736546995555081 -0.016657556184091503 -0.03143894351704494 -0.0011551089394020715 4.502857916577327e-05 -0.015089149103737924 0.03689676402766369 0.00904780249814008 0.0007591424648272708 0.007938575366752387 0.00841087465017425 
1.0384884401811123 0.0016813346156793207 -0.0034281215864117006 -0.005399589621049753 0.011993168085921744 -0.01064874461556345 -0.013662869942143899 0.015262278587504325 0.018631621129702274 0.016402304420446663 0.009906245589916133 -0.0024925718583195815 -0.026220390443982913 0.003861851973411605 -0.010249244104951774 0.007153278810060227 0.00016003086300098003 -0.002548251666687839 -0.010766901750845544 -0.015179045084804143 0.004199277578856169 
0.9837169737732653 -0.00349109099478007 0.0071185913238550795 -0.009426308853124002 -2.5468100787455934e-05 0.014812811663793309 -0.00982372553938527 -0.006898630838211817 -0.002280809476158104 0.004928457410626362 0.012745760658544747 -0.008571995342216782 -0.01285144470662092 0.0007588616341214512 0.0059283385910739 -0.005431492531449932 -0.006841676414132698 0.005043413952892163 0.001242291781945441 0.010417513674036944 0.00586841389820773 
1.044314940709033 0.0070941910685783675 0.0019937889131484143 0.0018388429353188638 -0.0021763306706388983 -0.01696749711969457 0.0020090606012662985 0.0005879333667195906 0.006137643375055521 -0.0044537364464856425 -0.01789723849080721 0.015685778987410696 0.022829530721465843 0.010049868120985022 -0.019189431064259625 0.011098206262936209 -0.006370097856331167 -0.0036630735269429903 -0.0004109976480667672 7.880636128429692e-05 0.009368960959655637 
1.0030890287880196 0.0031191255149611904 -0.009641667340970477 0.006899641573052848 -0.007787636989870781 -0.012857022873354997 0.012151386637106455 -0.00670786678162611 -0.009818702418758917 -0.02370447990021369 -0.009724318723240899 0.014626311565794985 0.007391503939614118 0.007544098129071304 0.00840704918482876 0.0038887970968947768 -0.0015173181474338296 -0.0010889565710639816 -0.00021531413146514092 0.011697185246161602 0.00084083005534886 
0.9865425648064433 -0.008429649417521449 0.005492120934271661 0.006454194659761855 0.017363438448846844 0.005541338870609935 -0.0009601036624859943 0.013800311922820397 0.005871850560022495 0.003057479619654954 0.002059491756984227 -0.003391856453543557 -0.012627954473586724 -0.015794193680977363 0.005248517297990169 -0.01371432699296861 0.005563432565562503 0.014039777091492168 0.02239639382683186 0.015855410273538553 -0.012649007750487369 
