column1 column2 column3 column4 column5 column6 column7 column8 column9 column10 column11 column12 column13 column14 column15 column16 column17 column18 column19 column20 column21 
0.994142024006834 0.0005101213757138281 0.004407229842104375 -0.012532050931877982 -0.0061945330852116775 -0.017758800499008714 -0.010076327338648772 0.006527779374533603 -0.004149392831022675 -0.004178412846247304 0.006751347339393953 0.011546821783314046 -0.013731808297873876 -0.006728676197817298 -0.002409870556895028 0.00430146504291192 0.01879252548076435 0.00299371360775195 0.0063756389057453965 0.006231914252171953 0.008690003037555115 
0.9768363497311374 0.016847278685983093 -0.011600203008258687 -0.014471308941146023 -0.002410611341311014 0.011609653005917398 -0.010921718661631224 0.005893303484740764 0.0034868815400567665 -0.011040901185416856 -0.001352753502934329 0.01770584445818 -0.009592265004367532 0.005190136696332408 -0.009918600353535702 0.00725813767682969 0.006219136940095724 -0.005945163694539916 -0.009660893046040763 0.007267354450097212 1.1505872065318334e-05 
1.0096348232319838 0.0024292319187522947 0.002165061282043917 0.008180291622682155 0.004329041079863678 -0.0011744145727517114 0.001026888052852368 -0.016041424535767946 -0.002186385371987436 0.009221914147862458 0.009313774960577028 -0.007513163368333945 0.001767547933002177 0.00300275869870463 -0.005809531570744082 0.007115053923505841 0.000592808929912101 0.02165103261513382 -0.017053569300619006 -0.009733165571573485 0.0013982407978690803 
0.9964516019595743 0.002280592123822748 0.0030257750052348083 0.00300165959783535 -0.01736832293612299 0.015386167290022994 -0.003894478993958071 0.029124180523893903 -0.004736851479951606 -0.007163794122764503 -0.004069143727203288 -0.00794249175815326 0.0007125808905700937 -0.001753573158241767 0.00741277652673369 -0.006053281621137103 -0.004313517427347246 0.005850123566681562 0.01350224485548407 0.00510612879412728 4.834494667128527e-05 
0.968157530140013 0.013172700916165228 0.00980481386357545 -0.027677753111563393 0.0012868238651871028 -0.009277299181439701 0.012866126033969518 0.00430604798932307 0.00019215365399403644 -0.012943094167543778 -0.0007617514403640631 0.005826917903910002 -0.006045759659903083 0.0006877873303927615 0.011339638169010062 0.00012557811442961872 -0.005203776384940089 -0.001519177423266421 -0.0016958530794972868 -0.010442171822171333 0.005828834043069934 
0.9941279359625909 0.007291737258763367 -0.01912546131044573 0.003907693054607824 -0.0015222289050360516 -0.006556283330942515 0.0043107671832488485 -0.015101155449538382 0.007171959811787164 -0.005837872779748142 0.0026189747690931716 0.017162227459715004 -0.001792164867093351 -0.009711943646270647 -0.01805769829919052 -0.0010822409959370762 -0.0030880996263746613 -0.0038589461605213976 0.0010720137193831773 0.009475391848343758 0.010144347597699546 
1.008842788890122 0.009173275862715685 0.013385903443596895 0.00018607218609959606 -0.005948259823995059 -0.005780603471420222 -0.005549895302547788 -0.008715014525315963 0.004906399595992502 -0.018984963599090774 0.014870579025491484 -0.008000280610818063 0.011830017484454612 0.0010043269394283375 -0.007319538623099315 0.008248294055503006 -0.004091876537251828 -0.012924269695763992 0.012477235541752967 0.0010164813162196556 -0.0008345072300121123 
0.9295471593761776 0.0046831340620397625 0.005883628213123746 0.010620871058077321 -0.01281461064084566 -0.015745811483352322 -0.010152646262170667 -0.008246386176035235 0.008718479177341283 -0.011915107833932556 0.00668789913098338 -0.01071218607069506 -0.01359950531195036 0.0049317530436245325 0.01236343824944151 -0.009018393400406001 0.011736465491648083 0.003223829483391693 -0.012655834822204762 -0.017098235926051114 -0.012921665416379464 
1.025349658028978 -0.0005923893265829404 -0.0077337124396970785 0.006763498388832488 -0.012224546289817015 0.002201527662461563 -0.0002549017650242485 0.00447712386015781 -0.0013896492093418923 -0.020713157189252002 0.00513228868611318 0.010961935637113063 0.007756198277806279 0.004044006816623778 -0.022589767993808154 -0.0033507803670338697 0.0046790522688392846 0.007789474204654906 0.011074391231876687 0.0003809310486265817 -0.0029095066504258664 
0.9671174354213254 0.0017196256122141288 0.0031686818092076558 0.0005511546823646122 -0.010760938277856787 0.002746153633608143 0.009639849252378705 -0.010800720027929303 -0.01464459377928154 -0.007186715054394575 0.0035333346894042147 0.006523470969293326 -0.008443681415865597 0.011621659896861978 0.0032134089055840653 0.003059263532660172 0.0031580479841432116 -0.014573053480392378 0.0009862699438242415 -0.011969710683741926 0.015459285805538384 
0.9783552288609243 -0.0003854847503243381 -0.00928030993691769 -0.0037791394587690513 -0.01599470160492545 -0.009835059468071455 0.02207740240789027 -0.006790503082279019 -0.006039022096758204 0.0036604812868526603 -0.00802098714780495 0.003111085837199559 0.007946847573773425 -0.011908958872745604 0.00903739119391304 0.009659884859147089 0.005366883810946243 -0.008970773791909407 -0.014530972146265286 0.0030159337514922852 0.003455568605637582 
1.039438705664414 -0.004948057927019378 0.0104714398317173 0.011295846011278936 0.00046501550884487064 0.006691440086095798 0.014959757807649273 -0.0069348849880925025 0.003467913141466761 0.0024107894320831084 -0.0004742468398430002 -0.002029580012984791 0.01577303989649241 -0.012754947994400728 0.003973628936364457 -0.00847548290045157 0.00651449022633761 -0.011836568772401319 0.001211022300144697 0.01576575257239499 0.002950377252450003 
0.9773287457648479 0.0026700891659945433 -0.0036484794698094874 0.006261697365170532 -0.002525543714104637 -0.023420856203755763 0.010015190756352611 0.004184713109858826 -0.0024719823294696024 -0.009580559629996311 -0.004065741971638786 -0.003238300571350815 0.0005577506483874397 -0.008125675423105357 -0.009517951385891177 -0.0018055044008512653 0.0013515384106651384 -0.006686954496897665 -0.01768993337431983 0.005594363316770542 0.014813146313189274 
0.990107129579021 -0.011701848744299337 -0.007258713700019749 -0.022145080878672445 -0.009172205628700948 -0.011610083202093922 0.0019086900673668979 -0.009306203806559358 -0.008354065445604571 0.006418268717136604 0.012783208690595184 0.007080091921336867 -0.015207030892979787 0.0010502498881526984 0.004044974315940823 0.00543549350219395 0.011176142918889976 0.012797687216197895 -0.004017586651738925 0.002657452107034302 -0.0037694619819648814 
0.9231412080686252 -0.008096326665896894 -0.00027788410639024795 0.004253496500543788 -0.016091141365788163 0.00965143353041689 -0.008578443155765296 -0.0010377512497909901 -0.013094884125630231 -0.02045948720599988 0.011865215684905622 0.00013686567055452297 -0.008173401621246575 -0.0006501622447067402 -0.022542955270519974 -0.006281128097526304 0.01707451037382041 -0.01765876298737024 -0.017008141787154384 -0.01709248652792368 -0.0027058950048867614 
1.050916640436691 -0.003543112556908512 -0.002276170956394668 0.011114145110497395 0.01634840705873001 -0.00282705438065987 0.002297834206556092 0.004535855510753891 -0.009826344919105133 -0.002376291626528338 0.009909144078041514 0.0018969262298286552 0.006346809269850445 -0.013029452307741093 0.012530103386407213 0.003271399203280624 0.008390028819561248 -0.004255625908550518 0.017065580364962637 0.0030496927486147792 -0.0011320945982424098 
0.9983742280822338 0.006545981646016035 -0.007471905707382172 0.007860561015544066 -0.006997777674762799 -0.021539585912826606 0.0039023694405520394 0.010321661185519169 0.0082047110751626 -0.013559195941375802 0.004053095448225847 0.016198404694207153 0.006026759649364298 0.00575169627359214 0.0014119190263233317 0.003583310159039788 0.012537734491291617 -0.003210112988616907 -0.01056289073668069 0.010067819874900717 -0.019444060271417925 
1.085769297595049 0.005748092609543811 0.002288824738140844 -0.01008332112447371 0.02429465180783999 -0.0005781927334208048 0.017006388515280458 0.005601907369302335 0.015564666418679705 0.00841310209046315 -0.012197883026228372 -0.007423340800589439 -0.008232744953800582 -0.010030872215815213 0.0021452126295855556 -0.003254205893158921 0.009205421451666963 0.0031213059095475952 0.016173425185640695 0.012011076297612545 0.008912246885076454 
0.9758958851913305 -0.010446860733832613 -0.004490614510208963 -0.008918421701767312 -0.004284701571598323 0.005443620931706157 0.002778583972891284 0.009065625554473496 -0.004817284955007412 0.0038120062365169347 0.010837747695943024 0.01471499193376268 0.016340986625409643 -0.0007808534005882209 0.012302671584134567 -0.001086704116536521 -0.004350305171077091 -0.02000343660315176 -0.008652367957778824 -0.0043703222186890385 0.009737792444032032 
0.9603424297023675 -0.00842678564967855 0.00397065640601762 -0.007480360000640616 -0.00539791029343102 0.009385013896321792 -0.003020789894930008 -0.012252862574818406 0.006606928048498382 -0.0019168790905074442 -0.006404096878287921 0.00022359647190173357 -0.004662018234287876 -0.00673903069769364 0.004458785176325626 -0.0033667745726635636 -0.011000109136287649 0.009710680266357772 -0.01601929693468577 -0.019623430222261914 -0.006842857355189396 
0.9506265169683191 -0.01025350301759578 0.01757776045582463 -0.013170452983468259 -0.019532722423451932 -0.01812436043991734 0.009802809514087404 -0.023223962961466386 -0.0015731738747662366 -0.002323202829435494 -0.0021063506600016327 0.007759203909524153 0.004083321148945713 0.006349772433330419 -0.006971904338961454 0.0025865649334517195 -0.013883559140515768 -0.00973531793796294 -0.005890174408932557 -0.00268501284159119 -0.006009299453657635 
0.9980099794410937 0.02132287038929618 0.005933080936711735 -0.00046164727916139656 0.012850897641627302 -0.008355104440272033 0.001556044615854999 0.0027971600202050294 0.003591085800020944 -0.01284877612735771 -0.015398305484796178 0.006089253720631769 0.01259397577706343 0.011294970664458271 -0.013472667097726605 0.002216099004104112 0.001615491359382679 -0.0032741158240105184 -0.025397921024402064 -0.006085556932976382 -0.02754383742093796 
0.9671120469977612 0.0015402262177457429 0.0214119429681879 0.014295363365293742 0.00671266566601928 -8.78278483639442e-05 -0.002764089085928226 0.0026004215025411826 -0.01256298753500693 -0.011897780294934903 -0.013261062233061139 -0.00909393331084157 -0.0015503252087414358 0.0023583987643437184 -0.010780848788725718 -0.020391825931807293 0.0007824470076860304 -0.013190485360013248 -0.007729135709871915 0.02100047461358404 0.005650099975660749 
1.0361680825713213 -0.00028116991465842274 -0.0019371289044096624 0.007457545114719641 0.0019224898247540909 0.002328112210047504 -0.008455075158822505 0.007058586278073652 0.015707805308568887 -0.010894003124218747 -0.00430277187697336 -0.0025474084841087792 0.009516553105548357 0.007891108363116182 0.0025861824003281233 -0.008165373675600288 0.014617765701100849 0.0015484943902919796 0.013009026421001523 -0.0064938004041464195 0.008386251001350022 
1.016781039636164 -0.00955371331677522 0.006071365226546861 0.015451904049758798 -0.015222893397328628 -0.018781738396184123 0.00017809544358391563 -0.010342700431020502 0.01314196905848348 -0.02231660656413859 -0.0037514374767364856 -0.014872167816799347 0.005800471409195295 -0.0009884938123137245 0.003812435658226529 0.008000968543841393 0.0023018026624180414 -0.0008124343527917775 -0.0050317047135528805 0.008542366729320888 -0.001163118060857787 
0.9724627123189118 -0.017591951884850052 0.015502800389125769 -0.0034907486909752793 0.004451061440449927 -0.00494569810304164 -0.0051377338091920825 0.0019885220644112254 -0.0011543307752728425 0.0016018808933882652 0.0018427449325189257 0.0010236346354845728 -0.003602130471583494 0.0013328533143837581 -0.01770797339161505 -0.0002971447033209118 0.004638636490515112 -0.009719493435084494 -0.0011074124646652272 -0.004866156756145357 -0.01918395587572281 
0.9777653967163029 -0.012871276376532419 0.0011365988372271266 0.002577760160276773 0.016851307903472584 -0.005773428438715821 -0.007775881642910202 -0.010798448619484938 0.00339984077865932 0.008299001877880137 0.013050701463669384 -0.005218348481666136 -0.0117902425381441 0.015528883172501813 0.0012329917825638765 0.019993910649649015 -0.004214212191807921 -0.006028861101917224 -0.00500431525514297 -0.010874938341649227 0.0022902725195432724 
0.9376283184330496 0.003176509482873981 -0.019882935445475126 0.0021413031772118426 -0.010397543453812608 -0.007732076614992885 -0.002867374337319845 0.00478144241671177 -0.002900045436198159 0.00951375225130881 -0.0121404564449413 -0.00046192021709707577 -0.013896935163411023 0.0038773469318531158 0.0015789440308947328 0.01053386840500698 -0.013216665081000589 -0.007985453421395844 0.004478680542877254 -0.014144679624239065 0.005709289386175846 
1.0170929122294923 -0.0024207227018026075 0.015919694718720977 0.003937272117620826 0.005231106136342245 0.00038529942706820884 0.005614877786469535 0.008077859947730921 0.00021757874356712086 -0.01094296233427314 0.0003659781654969714 -0.01674174758756043 0.005306103838471777 -0.001380122984570755 -0.004106529520251039 -0.019025372271352543 0.02005080225148405 0.004689141571362957 0.007955421927589117 -0.006696747462474304 0.00027561974533606165 
1.0165485971576698 0.010413647407613138 0.0036552881745892667 -0.0029461303338533863 -0.0023877299058000048 0.0036945818802939477 -0.010295851559696591 0.001519270563928416 0.015285222202843856 0.005337380234889516 -0.021606549184569664 0.013461696928525538 0.007329157813835976 0.01247908464419426 0.008673939281191275 0.007512787952513962 0.004666836144178307 -0.024183042694656445 0.00778124879251424 0.014230784502555466 0.006400485541469161 
1.0223452081340776 0.011419211297789698 -0.011368855492644806 0.009880714282738482 0.008406824442618466 -0.0008253922865412327 -0.0005138938755290783 0.012981282061201591 0.005077672341617361 0.002291894045044566 -0.01085170608981992 -0.002166823529712585 -0.004701352081663371 0.003045625484303928 -0.0020980797556419606 0.005735433326463835 0.0029893484191476846 -0.005767377047979896 0.0018879557414583886 0.015026145331722834 0.0048790561572924825 
0.9963154964902721 -0.007888320332885982 0.008094311503746213 -0.0037993300862909267 -0.0017956131565973485 -0.008077373781295128 0.017417522553185207 0.005454599454881983 -0.0019629512260875203 -0.013379013048186204 0.0022847582640247387 0.016339438987297675 0.008568638487769684 -0.014204178898256759 -0.006023850751319809 -0.002146228654043628 -0.011837828433142239 0.021777762863194515 -0.0024272600700473304 -0.008066981170559444 0.006213401906069539 
0.9895767728787571 0.000933722581832908 0.005107492254704904 0.0074425373481162085 0.0037017689571102615 -0.010822137446342065 0.005251559508379965 -0.0045010832450346795 0.007300668642928245 -0.0014808582479524982 -7.205069001885541e-05 0.0006372987735625625 -0.00849901288939539 -0.01218992480931718 -0.002289931756181239 0.009066080065301893 -0.024015318982363244 0.0114804267934102 0.008496291151874554 0.0016954491755658083 -0.01388136518936614 
1.0015329342330577 -0.0019151030725708057 0.01675130024847008 0.003587891860639838 0.023465290040097054 -0.010802277357551546 -0.010473568347680783 0.006437651257979488 -0.0025125544400163282 -0.020362490692462844 -0.020205895835473994 -0.012760029197197207 -0.007672765507343383 0.022540029562221377 -0.007881416529903831 0.015496290876945531 -0.009301418160733814 0.006925365021594358 0.006915347416231101 0.0008653569832440159 -0.0038991256431572864 
1.0132572609439292 -0.002705621366490861 0.0066763220097042835 0.0077983095994892055 -0.0009656729027067587 0.0020799420488401207 0.005639965651974337 -0.010817639183157176 0.004201074120894176 0.009504871396052992 0.0028059704631807165 -0.001309363093594749 -0.006392459194354438 -0.00032443368279378647 -0.009807097801768609 -0.010045012234067485 0.01015343420425513 0.007185238922177131 0.00567671378440001 -0.009399895270289772 0.010644055688402335 
1.023165940743915 0.011377992494648192 0.007515939558339618 -0.0026610771911250975 0.007278031029494976 -0.0019537159366735256 -0.003834372391835941 -0.008755744151978419 -0.0013593880132226899 -0.02201996271952644 -0.028376997213550834 -0.003851794612975382 0.007140901070042477 0.006126073626724379 -0.010074037799230183 -0.0028744439603092396 0.012781049489346039 0.01054853293035296 0.021139172229805495 -0.02476309282824286 -0.005319148279644175 
1.042820831467564 0.004444586190703877 -0.0037882888218516626 0.0056624443155686545 0.010052962840335038 0.007633045526579051 0.020470447317830313 0.02905284461456457 -0.01445690283423982 -0.0015657923296633523 -0.013000752387135802 -0.002738487654846974 0.009707259091338306 0.018893261608774033 0.01138191117766993 -0.005536062473782307 -0.002325269921750652 0.006039109654346917 -0.0077313961882059115 0.007124284783198208 -0.00983457097792131 
0.9962705115194522 0.00787032777955777 0.012925342357906043 0.011560694237411328 -0.0004714446657482743 0.01884692741481983 0.0018776995715348464 -0.0005263377232420055 -0.009868237377248169 0.0085738274754937 0.01800196793816523 0.007104504986865284 -0.005810585430545658 0.008862797456455955 0.011873032553084724 -0.006167119407696326 0.013712720009539157 0.012967063145935369 -0.008747626300656163 -0.006444369863748638 0.0055969911522919 
1.0184889308924259 -0.007031883659062435 -0.014043184645549689 -0.01230336843156335 0.009572502833622971 -0.005106588777075324 0.012507620582508554 0.0017000733485243822 -0.012531918056088602 0.017823239780466307 0.010552674464971417 -0.021050755346935117 0.005309303351128033 -0.004836564070011611 -0.013705728606872603 -0.005759312881794611 0.002379718646995389 0.0140506885625026 0.008884134943025694 0.0034702431264377917 0.00549974203821494 
1.0541757097122286 -0.0014195625573355996 -0.0043486188860428964 -0.010447350833438004 -0.003925740467136224 0.0015359900701374812 -0.010572054091247639 -0.023918126459497997 0.023064242575255255 -0.0126102134069469 -0.0010193214299702876 -0.00036820324212039914 0.006421155890140492 0.0028836272988303773 0.0016633099047651738 0.024511755270937425 0.00014912592586560847 0.008181501525979002 -0.006376811033154386 0.01015932769426255 -0.01436341573832393 
0.9765419911456855 0.0021741364524371495 -0.008698827193311701 -0.003979385607248122 0.006165396724201823 -0.006172606305836379 -0.005125179001192872 -0.0014741628917356122 -0.004700438999503142 -0.008065033788364607 0.004842386075695278 -0.011717645670965683 -0.003265223883491256 -0.012790635152880973 0.0012863395770514943 0.014946256278515573 0.004288846293760005 -0.01208085273646002 -0.009008101389846142 0.002474365418906609 0.001537358236476715 
1.029514680845188 -0.002181646702296686 -0.01004516619994572 -0.005728032491978897 0.005991707469919024 2.245913084546366e-05 0.006898577745847943 -0.002083376748814797 -0.004079788323492269 -0.002608161160809062 0.0019773549592075317 0.019606912505656854 0.009988566877037867 -0.0020945657280653954 0.0068901561339786465 -0.008839682136733175 0.01424403134796573 0.011276252176163595 -3.9690771242310746e-05 -0.006509484609552037 0.008234671722514589 
0.9899957388262458 -0.013340116329917495 -0.009559055215694164 0.008081519926622647 -0.01681158692531308 -0.0012564543938491626 0.0005301823050738338 -0.003199774975108331 -0.012047437617547762 -0.008113939667971437 -0.001438756769117775 -0.007037464541443076 0.007524218195732673 0.003645289669821912 -0.012372819514839005 -0.013841672603649092 0.008612840568284904 0.0004724635803104516 -0.0025256477343738705 0.011273432010655204 -0.006155913506736631 
1.019479224120097 0.0003761652491149789 -0.007708624709948954 0.0011182141924492726 -0.002341833959468179 -0.0012258955280609418 0.007194951053030444 -0.018389839672075598 0.012170869245058915 -0.009119187908580904 0.00015609846962289252 -0.0047014709093455495 0.0029894671870706745 -0.00810707216889962 -0.00024100584627892015 -0.007208526421144971 0.003780395714746702 -0.0012382756580956184 0.0018810839164635164 -0.0021647991403284388 0.006200294324133877 
1.0033527911967586 0.0047830580864718945 -0.0076663247670078925 -0.0017935680948875056 -0.014704672589280024 -0.0010603179536752482 0.012229399140970643 0.015719829104575735 0.007186934674746195 -0.005635586733094294 -0.01074959053271626 0.013480188458785876 -0.0020519026535034328 0.012057542901943104 0.004980653284874504 -0.005097564883818687 -0.0039029339792684232 0.013693786188854916 -0.002359788756527368 -0.005058309016491458 -0.013520319160602631 
0.9700712102158054 -0.013804936119694789 -0.002023080680852033 -0.005447441832030438 0.0019087269252385471 -0.0072126567507299335 -0.015530666092518642 0.021596022441720757 0.011832832430849396 0.0005381881836573179 -0.013351398432733835 -0.01816581598635014 -0.016859353142470262 -0.0042372741137114605 -0.009002248758272923 -0.0016491061030393687 0.008359236473523705 0.0017320819836828883 -0.005021133694845189 -0.008076702928201465 0.0010989745857894102 
1.035714349643499 0.012689807574093182 -0.004467329136588848 -0.009577667120827714 0.007140818477355191 0.002375769063431195 0.004396052377023152 0.0022621644448032343 -0.003503569803171384 -0.0020438107499890575 0.0018632283696068533 0.012839686193591954 -0.006488327823187811 0.00013041950127807008 -0.003535202798529561 0.0022148268955643822 0.013209897658088344 0.0015162915618890283 -0.00772661487646809 0.017077002824891486 -0.016064151070017837 
0.995934808739812 -0.01247907278049821 -0.02303823087146351 -0.001498677603484438 0.003527735411263264 -0.017396032123810447 0.0038899849247300625 -0.004378865588709036 0.021636525547019083 0.016516603194135414 -0.013795177964280668 0.005526865010322953 0.004994116518014923 0.008301507933719096 0.008067826588935543 0.010252240458416145 -0.010298928037777114 -0.017061631487371946 -0.006658400268049227 -0.00022496789496670268 -0.00920570838289088 
0.9179390892390507 0.0001341776630346305 0.020204370169438213 0.0025759972885015044 0.003526856501366152 -0.010613452598530939 -0.010819742324305145 -0.006222064460809259 0.001379343916112349 -0.007183674491162321 0.008957654220891198 -0.014059427035203569 -0.01073422510322036 0.014366139609050357 -0.008137674497254868 0.012231697914282889 -0.013929705492714864 -0.00772614517859911 -0.012218792968811515 -0.012898906996790985 -0.001144116146188337 
1.0034168075421592 0.005000240251155133 0.0182695287106952 0.020101243463108917 -0.005561690749382299 0.007718432043302985 0.00529759587174462 -0.016908366216776806 0.014568100243962257 0.01008966255739943 -0.0009760923316636461 -0.018734424304010514 0.001393177720895215 -0.014607888104589318 -0.020724903199212573 -0.004160184334815722 -0.004011537239192229 -0.016712554708336946 0.0064833307513523395 -0.0016770502538818446 0.01663108831520412 
0.9837412675628383 -0.005210987170769189 -0.006538664053242456 0.015352382913710914 0.006879105785856495 -0.0028871040815380868 -0.009202271722775214 0.00247955787994581 0.007605163741427983 -0.004049800396733974 -0.008525659311195748 -0.015652643111583524 0.006072338687863062 -0.01005464790206674 -0.003813973851739151 -0.009960965985271212 -0.0013517717901449888 0.010726797024249335 -0.006538971518560301 -0.014738395612815003 -0.012243170123988335 
1.040271385117637 0.015441444951118353 0.015168822515667245 -0.0035810520926317837 0.007992119566786887 -0.004810560023384249 0.0010394786997583064 0.0007761892075566813 -0.0031310374666475515 -0.00042631820638794045 0.019900431431756193 -0.010844607374790823 0.0034500059798789205 0.00550376736977837 -0.0017431976931183977 0.004438467569071135 0.009592439480555883 0.0051345307527531645 0.006162989808515654 0.009087886831610947 0.0017291749363085448 
1.0045568333770187 -0.016861938089134478 -0.013795017616391321 -0.0011233250489351366 -0.014263476727836575 0.03606316064652865 -0.0030302162011177016 0.0005013446816797847 -0.027639727796525234 0.005354697388240488 -0.0020485576013764255 0.007367455468771747 -0.007274014959819696 0.004236758373046761 0.012454535178499338 0.014090157051102595 -0.0030561926125547384 -0.0025846838315214233 0.003574197211784732 0.006987402708548723 0.0008137048540046864 
0.961898620367193 -0.0070273970572269084 -0.00016602226230370782 0.000948994950730228 -0.010037649979911823 -0.0015120295754711445 -0.01572854438034898 -0.002792990931180164 -0.011819635865714662 0.018168316545026528 -0.013356200688023847 -7.558006916262385e-05 -0.004551033436044833 -0.006014535399832246 -0.003873294391208231 -0.004819545499200257 0.007716701834281481 -5.862501242864962e-05 0.004598121250214696 -0.003408742925280022 0.0060502671271411524 
0.9979901034102624 0.006071412971406293 0.0022653850430242152 -0.0047868822598766455 0.008213051105145822 0.0005209708755695453 -0.006541571018415085 -0.02021830736868314 -0.011682577320288372 -0.0020626713320096683 -0.014868943091998366 0.013425651059799868 -0.007566181063507363 0.003302731322949582 -0.006925577071196548 -0.009116771702665019 0.015452770190075227 0.001323540078903208 0.005429697512912528 -0.008034790477687044 0.004329814398815961 
0.9138002459206955 -0.013774751034426158 -0.008180230807463893 -0.006759239348437389 0.013367843597383975 1.4618991460540559e-05 -0.005159565731205568 -0.0027659320945724562 0.008849370499845063 0.007184618383733088 -0.04379188579443714 0.007278079499358024 -0.03007929872601618 0.0056476010582681415 0.007594217487344033 -0.01029838694519194 -0.00465851161662671 -0.020977305434265774 -0.0018183382526398336 -0.024500261430843218 -0.0027745650039957665 
1.0351226575779586 -0.0043140389865978 -0.004791155628963592 -0.0053377871194559045 0.011423223271155285 0.003944422485760411 0.01313722919292894 -0.00518337290416871 -0.003887285761551542 -0.0010177160210424559 0.0030680655595460844 0.006772559778898228 0.01212125146665253 0.004120329597780451 -0.0025144739170425705 0.012737147038812891 0.005968585620781148 -0.00019502116682786736 0.006905696451150418 -0.0029964924650120414 -0.01077924903919422 
1.0950608866158373 -0.0004470564021504684 -0.01146972788020482 -0.00586982281390737 0.01614655428574395 0.0028540227810314855 0.021146797770186212 0.01886297606101191 -0.007787276816826548 -0.0010046112191756129 -0.023869531580324885 0.011998825366282733 0.009529318559869543 -0.010048340326184726 -0.001070825239782406 0.007089493187800904 0.007549373862786668 0.014163542992664707 0.007017804969264958 0.0185231198411281 0.008602803984598222 
0.992548222491048 0.0032545609924790613 -0.019926336839382 0.013801834670844369 0.000919014105684635 -0.004345989086298265 -0.008536380989350547 0.0040302870736731245 0.011573239144265732 0.006119829790909068 -0.00736156290719283 -0.002325493831196692 -0.01075812740515127 -0.004035808807010285 0.01818915925352492 -0.0044854580254702165 0.000526585098264616 -0.003373226378856621 0.01683919267003657 -0.007769274417051643 -0.0007667594811791014 
0.9671553182839586 -0.012610980597938855 -0.013817456171356107 0.007599262590620147 -0.004237638527503597 -0.011175312657179427 -0.020564276286109285 0.011328844452797202 0.0030462769800774408 -0.006292532153012468 -0.007864376614736551 0.014268307298250276 -0.007298950284907736 -0.011622817077815236 -0.00814119845210389 0.0010184617899239216 0.011060072782394903 0.0005687230312833758 -0.01405133253599426 0.011290672978074543 -0.005239592699994592 
1.0103569408554929 -0.006971582571091146 -0.005984606337709629 0.002242590474929085 -0.015974838967177937 -0.006788061087457317 0.009388931904838391 -0.0031617693704114502 0.006918248090613113 0.009293886895549113 -0.0031393136928510664 0.0009928547457865693 0.012091600715681865 -0.006439773309701956 0.00626008635929669 -0.009879197089176565 0.001850744513509987 0.002268771875566219 -0.0008886226668996789 0.002202272325658712 -0.018365147234436604 
0.9753569056817348 -0.008978775306820386 0.012033519470647527 0.016906037530407793 -0.004353829154990185 0.0022499105487675253 0.00296450869840512 0.01324369533991136 -0.004918281216290497 0.001536132051231907 -0.0032556923384136583 0.006308104610254699 0.0016752562114837194 -0.005925216388320866 0.0037014862212812315 -0.006594971166204294 0.008755049975504633 -0.01067631602259198 -0.018696888412576794 -0.002620408921604004 -0.00198890506234706 
1.0409840740194165 0.017128805798007535 -0.010253575258135176 0.013234691797799597 0.007457199204914614 0.008640297641662197 0.005530956591014247 -0.013024690367133425 0.015521952704127524 0.004383897454939023 0.0028767483715637855 0.0030311184914701547 0.004820816497143581 -0.004821451956441603 -0.0062812102718572075 0.0013977420917554758 -0.004447475170825565 -0.007733123465660573 -0.0019186800359765185 0.002818551649923213 -0.0036024759542218573 
0.9766078124662 -0.005001095339308591 0.006296361844615114 -0.006712950948638152 -0.009413731302664157 0.006285773568905665 -0.01167872724934962 0.018367160912899416 0.001272383987227996 -0.00843675793900749 0.009320070205559581 -0.0020987329844114277 0.008725769835348621 0.006497881485005363 0.0011774751194701752 0.016565739740933404 -0.024209492648381552 -0.004831377792862883 0.010568510311152942 -0.005368150060365575 -0.00014632762502497126 
1.0346415242668898 0.0006323449661789113 -0.008804756106120786 -0.0035395247434984625 0.003112507135344517 -0.0059497588945164465 0.013631720052455443 0.01123366127257806 0.0071462020813748426 0.007776484014189807 -0.0020865435718478553 -0.0096575907765105 0.01144074322989614 0.009890277671918553 0.007773844351220807 -0.004952213233790966 0.005980291499604599 -0.012379504784407835 0.014986216677534664 -0.004451126738673996 0.002252521267452044 
0.9817549309067849 0.0030684228621579985 0.015612030705808324 -0.0066091962603501446 0.0022528117345696603 -0.003382466649450317 0.014454829642061252 0.0078157685861344 -0.013015384546704674 -0.01020030999225272 0.002199660363323692 0.004813287928287873 -0.0003091519244789827 0.012038991136346522 -0.008572907100383602 -0.005149964558629726 -0.0027826353041677633 0.0058164744751887 -0.020056456581564665 0.00016617329766258518 0.011806982259343115 
0.9927920523331899 0.005272433531476531 -0.0243557472851437 0.003331218666763225 -0.011822200534717242 0.0025986573407148082 0.0008698607200423537 -0.006307099883838655 0.005945407966014533 0.014689396960227979 0.018448211250445132 -0.007195838421174699 -0.002134208190956455 -0.01308020176352536 0.0041885919865894475 -0.00044349945301991735 0.003214231118780327 0.008912980876423261 0.0062614471929261645 -0.0169960660746286 0.007082283202709489 
1.0101500735067188 -0.009514321873817953 0.018418864534692273 0.029266734075295595 -0.012275553578898375 0.0032824567282174573 0.005249790572177543 -0.00446825703592115 -0.0063799454857938484 0.006205329990995372 0.00919077871616379 -0.001693944907508711 0.005754634063256366 0.005988722302622003 0.0070672547485696804 -0.0031851832508087946 0.018797890072439986 -0.011083088057081714 0.007356262932537392 -0.00570495183766123 -0.0016574864480753697 
0.9836470655638846 0.01398122489646506 0.01217634452104912 0.0013221180333670892 -0.007383782509181861 -0.004893921031926409 0.0048704890498123725 0.008783174264747203 -0.0036023410286302837 0.0023633760294003237 0.0007023442521863482 -0.006527856847580623 0.00016324352698262153 -0.009667605415093355 0.006605678588307386 -0.021031345111924046 0.005906213733622966 -0.010587059707269388 0.014152382760327448 -0.001541591474541193 0.011363144747920384 
0.990054517179985 0.005032359196384458 0.004575244201999106 -0.0017814733725488815 0.025650478426450934 -0.004919641048290423 0.0015338801224431989 -0.009461721383971727 -0.020653958919579645 -0.0017261154904747017 0.008967929224001692 0.004413525123010726 0.0038215366260527196 -0.0007566006612823238 -0.018212819877828582 -0.014997751311032953 0.005722167169363134 0.005502989081534947 0.016559568707175565 -0.011485344837620851 0.0045183576725133755 
0.9884715314256449 -0.012049650192644857 0.008018195839759396 -0.0049584304371048035 -0.011503067629628043 0.0010887412042082701 -0.016374268257699873 -0.0037847461112836198 0.006561642594185869 0.013162681411857141 -0.0010415219801022642 0.0026970786332125773 -0.0050741482889963985 -0.003960555596747356 -0.01346953084305591 -0.004137049728604413 -0.016122365320161848 0.01795552301646869 0.004385851312969999 0.004433805448219994 -0.013991038664276718 
1.0112781369116586 0.009882258444217114 -0.017853021426187783 -0.01535090316430532 -0.009082983332295309 -0.009486704750704343 -0.00019081115524273776 -0.005285695691394889 0.014243896929460532 0.0032366421673228622 -0.007247618867928648 -0.011249773799053835 0.0016175087534380486 0.011479034387926846 0.0007585642814722936 0.009209698672358787 0.014615711410841682 0.0036638602129549953 7.565617399128828e-05 -0.00268163505201835 -0.00780347027503866 
1.0133851772184916 -0.002821726061710693 0.003769088420563581 -0.007658284731365398 -0.00944565600935855 -0.000288413543327993 -9.742624843890633e-05 -0.010451311880299114 -0.002897597053158884 -0.009136136222327772 0.011474659339748526 0.01036842867383049 -0.006797586775710768 0.004540096060484026 -0.0041919544632177015 0.009453666062788106 -0.006441166876907072 0.0023897573332950757 -0.0036377811392177117 0.020286524631793545 -0.028885424727696844 
1.0075952285981387 0.00858564187172004 0.005372884754738525 0.014160186574821626 0.0010937428925393803 -0.00019637278085549352 -0.001988078141210679 -0.003482061576973864 0.01114923927842306 0.002605658245281242 0.012947758819479021 -0.011290519865098174 -0.011295899888483393 0.004070767326330058 -0.007046671680575782 -0.003008793169379687 0.01803570253826328 -0.0068486490768968 -0.015307210627564818 0.019790219853227802 0.000830716345853473 
0.9885825071326522 0.004312263661666499 -0.009879580870229861 -0.0035578968485894427 0.006510514789295971 -0.0024710196403328224 -0.016154631868201083 0.008266104801807821 -0.009128125607302497 0.006565025086102174 0.009147670701728767 0.01115196596881768 0.015080538720890293 0.0017615726546809122 0.0030389681565399403 0.01404369647290782 -0.010842696688531842 -0.003169208838672788 0.00077200531026906 -0.005272307656183199 -0.0071187230778049565 
1.0039381544900539 -0.00902289211145006 -0.0007466945176893271 -0.002839637454296064 -0.0015176341939680236 0.0003422608987917562 0.002522941427336788 -0.013228700853895808 0.007739378031611049 -0.006771628707933875 0.011930501760912942 -0.0063347656667997665 -0.00046321068190957506 -0.01519194297307388 -0.007093320090660109 -0.022437978394708562 0.01929611021403255 0.0067704541707413 -0.007547447037918566 0.007951827394400592 -0.006759550876097101 
0.9430335787573911 -0.006221097082226749 -0.015926417149871332 -0.007693342351883316 0.0027558146988791417 -0.0012559803581210691 -0.0026139001889775425 -0.01571398833704926 0.012252418526400808 0.013943222953562642 0.0012919177624130381 0.002934643338449165 -0.023996323927942993 -0.008610406738320116 -0.01955621676792614 -0.014448177628277468 0.0018416273437054731 -0.014054905046396645 -0.015136801346202265 0.00428615445047229 -0.010185281451929087 
1.0166416120540334 0.008904761120156543 0.007723455092886671 0.003145494658030335 0.013969209303957921 -0.009599090033378202 -0.005563977883525456 0.016974932609810926 -0.012628606041133326 -0.004776641331270485 0.013302203849318515 -0.009562952309088492 0.01339670845311842 -0.004009529298537603 -0.00765645723398506 -0.015095732099892413 -0.0011233239127313803 0.011540674599430575 0.020081677645092832 -0.00901259478717928 -0.004268446899654987 
0.961585178330783 -0.004594561521049205 0.009054879160909496 -0.0035503298379755822 -0.012027654457855677 -0.008522103296798261 -0.0003571031085695343 0.00587016301274999 -0.0013054736127878566 0.004477863263944585 -0.005822898106857366 0.007440623376276617 0.006251977756485723 0.016215041683042407 -0.016155280360904092 -0.013653227009280873 -0.007885230224569266 0.005604124464028164 -0.010733435621246725 0.006271628360771318 0.0026931044414935153 
0.9878279032912594 0.0132309328225461 -0.011828031833369978 -0.010992382919143003 0.014279434145173613 -0.004190981108046101 0.0042233340134898 0.0036780276558888328 0.0052122413718428415 -0.005978419461198081 0.015708007446531315 0.008469396611751187 -0.01609402869404231 -0.007267645814823527 0.0015802473997680977 -0.0019100484996456791 -0.010989144689531136 0.014725565907381472 0.012554113337753983 -0.002600516790940634 -0.016514058180194576 
1.0423551012282375 -0.010950954363041337 -0.0005667279223411759 -0.003765537973831544 -0.014660659567383995 -0.003160221748846019 0.0022207105834925003 -0.0029186058395075944 0.01311581570039841 -0.009706265906217607 -0.0034390939226096114 0.02180134046255568 0.010694702769603427 -0.023299218418408877 -0.009211190156307746 0.0018977230061127685 0.0009278333603120609 -0.0007615646393361453 0.01980010073802055 0.005225277630479768 0.0023110876077157443 
0.9796454541979359 0.014443834501426184 -0.009575494328447686 0.0015722955700453005 -0.004817361769378033 0.00032123893864034194 -0.005552576812518814 -0.006998122557544775 -0.007021735054224626 -0.007547301361758058 0.00022507376732817038 -0.0012187157816848952 -0.0040793999007955745 -0.00585658281153636 -0.010864187044969689 0.0008333275731210168 -0.0019931293765909357 -0.0022087822831301715 -0.006750095993632385 0.005816180260122482 0.01709727255491148 
0.8990638410154768 -0.005579703483130281 0.012872096926483579 -0.01226317958085544 -0.011118122408967318 -0.011591352754313396 -0.008183852235488514 0.0018329470181265304 0.005535838239946008 0.0038964395577382126 0.014246968447294403 0.0034150260618114442 -0.014492135057003253 -0.007832985710939998 -0.013610596886165324 -0.014083164420273344 -0.03001780793210589 -0.003953152929919046 -0.00811367742337227 -0.0028272304101176504 0.02193252983268978 
1.055664475219041 0.00145516482029459 -0.008625896159009981 0.0031372379962425648 0.004796722410191985 -0.0076363222519209165 0.008157737981260696 0.0045345610899409725 -0.001606031687454949 0.0006359571649475161 0.002568836625109101 -0.008235949628107187 0.021085045844839372 -0.0036814415014029133 -0.0008576150377145002 0.008930966759710321 0.0067436673750570966 0.007130763953401419 0.00900909710804363 -0.00408087246222064 -0.003925573038387732 
0.9789138880925156 0.00621853622979177 0.0030229179787736255 0.023111909948898095 -0.020157709289859573 -0.007990754255239173 -0.013169983098314374 0.0057273514508501275 0.00984433121247381 -0.0026329139735622193 0.01911968067667443 -0.008239542872133139 -0.004172756735799883 -0.008543122028061127 0.003878129041541911 0.0033021121601927443 -0.002216220733488028 0.011834904106402323 0.011642536166553492 -0.014982379133852024 0.0074289792054363845 
0.9430720919010097 0.0003975056933703955 -0.001488345602967071 0.0035977104946103822 -0.0241876055567319 -0.0008031425446981187 -0.011309142768276555 0.003134536025963966 -0.004746147468510176 0.0062218136989990545 0.005192551256855734 0.0075972842931423265 -0.02112323398255659 -0.006480329249892281 -0.0070649631431124495 -7.844199499161973e-05 -0.005918716681225594 0.018042773189830965 0.0038293380992521745 -0.006229962673876625 0.03011838951061028 
1.0161608478383952 0.0010281160827848316 -0.0032420792526489176 -0.02036019463488305 0.004057758384431256 0.007634289933143987 -0.00948183507629501 -0.009322965094975722 0.0021844264157408855 -0.004466711759455593 0.0015855006949192785 -0.0009684351642113154 0.0041943605867463705 -0.007794379726311689 -0.004662705956728417 0.0055291715766245695 -0.005239058772315487 0.000737037233699553 0.016693537109098135 -0.012264196818709728 -0.010546066263780211 
0.9561774000432106 0.011813528358016794 -0.016059491600277455 0.017212640255778896 0.010962173050094504 0.0002997138269566428 -0.007748655276924947 -0.0009712162702410562 -0.0030381088543621716 -0.01164846351849663 -0.007629939340218431 -0.003070840866236823 -0.005419842934767849 -0.0015694666705683136 0.0011006887750250067 -0.008473964805174053 -0.01692073179960422 0.0005768346445374463 -0.0012551103124182606 -0.006580469567293486 0.004334397695801682 
0.9806015027365718 0.005505628352389983 0.011256562347428396 0.010999202321654963 -0.016182858704356574 -0.0064679422326470205 0.015580308352802053 -0.006118570697921372 -0.0017718361911360514 -0.0009316126861541609 0.005348224530994254 -0.0010419515189770195 -0.0044932754079105965 -0.005144044214578324 -0.019075474926295206 -0.006188425619154583 0.0001868781248396927 -0.0020841933624153965 0.0009959066658777563 0.010085524656975924 -0.020142061716191834 
0.9749217742958335 0.005446217382764862 0.0032705500680682725 0.011058385009569594 -0.0025935299107912686 0.006448435386760777 -0.006990074099505306 -0.006951214655944242 -0.010673238468344622 -0.0036987269496368135 0.009799115713320825 -0.006276916780097784 0.003037791216952256 0.0026157782986117217 -0.005239058946358838 -0.006311179148152275 -0.008266137764312051 0.00855328538751083 -0.018128878255535445 0.010781777813298562 -0.0024818322678931267 
0.999948874673069 0.004726414786357207 0.0011595285544731828 -0.005395373739368857 -0.005602070016481853 0.004597146368349121 -0.01092667298414826 -0.012261764990895683 0.005113300067581482 -0.016918779043476977 -0.002638021259045553 0.007882837177648068 -0.0029470942696067028 0.0010461649878594353 -0.012645489271662558 -0.0008237650819859836 0.01089539931434508 0.015392749044122325 -0.006339956819673697 -0.009397554088499117 -0.01582366593204257 
1.015395528694774 0.005901678834053125 0.0062453761843203675 0.01751725342036793 -0.0006104180433913172 0.009520630639145454 -0.003745043922166691 0.015649021552346782 0.006102196240836172 -0.0012515124242439702 -0.004233003181156129 -0.010511482901496654 -0.001092462097724417 -0.020704476112563503 0.007239475407977794 0.004954052504648834 0.020611772251364284 -0.002799099473964377 -0.010483565998565647 8.586692523592745e-05 -0.0018165083046027908 
0.9905937408976903 -0.009756537132755615 0.00331849181516949 -0.006017952419010192 0.0012996582048478064 -0.0006714389670552463 -0.004418804101530715 0.00729332679929128 -0.005188404210563093 0.004999735839635016 -0.00043888133861244273 0.007245037345280031 -0.009256614687515556 0.0037064950287841007 0.001715748333388116 0.013507167807141413 -0.010145445455328604 0.0034742754364776064 0.008095165818542013 -0.010043153143085223 -0.007063239699991381 
1.0363526962260137 0.00827985229348086 0.0026804036489474527 0.004684543122213612 -0.0001483785841471724 -0.005952788907674014 0.0015537797828589887 -0.022073818748212872 -0.013145056575506794 -0.012664752777943813 0.01838241227904946 0.018723436952577503 0.0339534012867679 0.013394672059508126 0.011624806851233715 0.025278766423433817 0.004016100031116769 0.004519270133765128 -0.00559037680686605 -0.012708468945184057 0.009965665616632997 
0.9374952676978968 0.011388800700288916 0.006613924278429125 -0.013237902814320239 -0.012894165869654653 -0.0024752127358675883 0.0015177508944408228 -0.009343380461187791 -0.003611086255497325 0.025781305535994545 0.0031279435510354267 0.004138886856393395 -0.013686801210273327 0.0010922329963589685 -0.00016049336786956632 -0.002034141425588498 -0.0014996246552616852 -0.006702787363803557 -0.004928313498564517 -0.011548899588178388 -0.0005951031294408464 
0.991326204717621 0.01097289606832077 0.018362960090053268 0.00728267554474462 -0.009013679425830022 -0.008754363881145602 -0.0049831281330996015 -0.015050815465604694 0.019132555802025254 -0.007295264050747655 0.0006263965042903527 -0.01899629870578298 -0.012492093350185597 0.00921286346685307 0.011334220370646273 0.00417423123750925 0.009034763979541132 0.005898176793801804 0.004294551563209085 -0.003807728618523252 -0.012698557522117689 
0.9968682197174457 0.007128704269728767 -0.00815665380749443 0.007934681365591023 -0.00054424378777864 -0.0018112419203390722 0.004400457978475837 -0.00811537639341884 0.00118547809012746 0.003556668508992575 -0.02465668554746484 0.006032992170179675 -0.004032690824685802 -0.010816625314359896 0.0089727497109759 -0.0012141132725907182 0.002144940451111477 -0.001253218122062554 0.011671372158050673 -0.011477533161024421 0.0037929007638650724 
1.0134955588421852 -0.02114269150655698 0.005892109312818432 -0.0045539226593697265 -0.007021099025853612 0.013595492149774962 0.006497207437680666 -0.007214414482912528 0.007732448053369342 -0.002805019761963369 0.0052957358324276374 -0.005955145062854034 0.0041481355507745786 -0.012937849824809642 -0.0065280917272760395 -0.004861202620053933 0.003937984239247517 -0.011477987848454756 0.0015958069775923428 -0.006319301164193909 -0.00785373133177981 
0.9608455524534658 -0.0038893067819727083 0.0015886539324904787 -0.0021883522450290276 0.006305602344707307 -0.009787410236067707 -0.01285515812403731 -0.008242416435880003 -0.011071918802262524 -0.010839004251568037 0.006621293759888938 0.007717022214562441 0.0026334058202675133 -0.005856168338489884 0.004372241540815996 -0.0011022123094821777 -0.0048045825553607695 0.0009385041746171129 -0.0042551200423026694 -0.0024728239111037266 0.021603354246670658 
0.9595199248216131 0.0017901544406944707 0.0013169129925888429 -0.01078682229700257 -0.015147945246916258 -0.013918961825105974 0.007173282402406187 0.002613755051914084 -7.139829126541218e-05 0.02541933368025141 0.011967133616811518 -0.009895664055724826 -0.006971948157686028 0.014399533743292472 -0.005445973050775723 -0.0063470518817159705 -0.005999838147962787 -0.002456220699369096 0.010894691791470942 -0.007419089375481309 0.006083349782151367 
