"V1" "V2" "V3" "V4" "V5" "V6" "V7" "V8" "V9" "V10" "V11"
1.01334362414703 0.00448163149019254 -0.00322060007922369 0.00597876999111398 -0.0119180344654919 0.00155196000407257 -0.00194876774619984 -0.00442991033678008 0.00488450354592029 -0.00674322726941034 -0.0065924600582486
1.03636519126439 -0.011526743875532 -0.00616553317662828 -0.00636125473402889 0.0124089881383499 -0.000106864635201142 -0.00273620330781641 0.005650969703273 0.00267978577663262 0.0153653911558371 0.0170620043107888
0.972706621659365 0.013576882040557 -0.000597556180707178 0.0172852582738051 0.00801440167167325 0.00266143656672856 -0.00316056884523551 0.0063152886834685 0.000733627758407801 0.0067098015395851 -0.000592275295157554
0.997839887805738 -0.00874363384296746 -0.00178583158293319 0.0189207499569823 0.017729116532497 0.00344794070131129 -0.0178574686360386 0.0200670135451011 6.58013843355832e-05 0.00272023912905629 0.00168812723799505
1.01299044272186 -0.00142545207746097 -0.0100081239500745 -0.00132779999555873 0.0106827615340315 0.00798753960428495 -0.0172130246463552 0.0121110249530855 0.00895462060737803 -0.0292719962778923 -0.00269428370156527
1.07649279806549 -0.00579283087738159 -0.00582971983427654 0.00182024080043916 0.00673582349837815 -0.0224213567548062 -0.0107918575931811 0.00504994336037297 -0.00928990743225352 0.00473292004400589 0.0051568887848327
1.03792795080698 -0.0016372990610994 0.0131702720154532 -0.00316347231411357 -0.0216576673610109 0.0091413043601919 0.00062664484743202 0.011758445680963 -0.0137726136248271 0.0010259677290904 0.0262613608898768
0.922250550438676 -0.00662991600128109 -0.00281058491910819 -0.00672996595852128 0.00138367620060591 -0.00133611299772895 -0.000861563934175672 -0.0104341546123853 -0.00297394864039429 -0.00524653321833107 -0.0058062902274346
1.0414445882758 0.0133495363703405 0.00938714199379464 0.00125135118790472 -0.0112762012102352 -0.024453558488969 0.0104463332897879 0.00288400636122475 0.00454050844612023 0.00464715632841028 -0.00413026007164558
0.925000054203924 0.000378379497829475 -0.00383534977531413 0.00166514802861812 0.00125219093202099 -0.0103029216248066 0.00971906389103787 -0.00516683805639332 -0.00137868405678081 0.00305573168423223 -0.0102456072144666
0.970256531418201 0.00471340593438785 -0.0234549406086442 -0.0141053450641511 -0.00207275110613727 0.0137389452757706 -0.0158844604745136 -0.0219505592473297 -0.00566189044235929 -0.0215302833011555 -0.00428443459703413
0.975123096727358 -0.00382138701027895 -0.0197401958071882 -0.00533150633407138 -0.0010855988913113 0.00818445072928699 0.00231015054120046 0.0188203270492926 0.0208428923819659 0.00527973543598237 -0.009413552532614
0.957806830661878 -0.0124803579328244 -0.0117072613157153 0.0045043905080363 -0.00141111528645149 0.0170640726476044 0.00207797828755137 -0.00820311448176686 0.0116368233456036 -0.00539994181622462 0.00554752680900818
0.909108786836393 0.000769347718139352 -0.00289253114796559 -0.00268255792447336 -0.00997331637817138 -0.00579087365710742 -0.016487516312435 -0.00588758997785088 -0.00332782555901011 0.0194098631665983 -0.0149787245327242
1.02491574926169 -0.00599598127389329 -0.00369042446897484 0.000402518381679626 0.00163972884030809 -0.00123584066205808 -0.00566531678786037 0.0112502293565213 -0.00500930778784293 0.000438473572305151 0.0225808936946732
0.988380454644227 -0.00093091001349534 -0.0120389095258713 0.00849879460520943 0.00408960722047828 -0.00887267207453392 0.0169797690202736 0.0136957314563816 0.00683101590216475 0.00233960449441705 -0.000144542787625861
0.946701640976111 0.00966363805219833 0.00324929718996602 -0.0112829623883821 0.00496741503292714 -0.00431086927840271 0.00671592410682094 -0.0126695176806606 -0.00104108999871264 0.00138166421835283 0.00311355679170729
0.849929066759984 -0.0104666137208651 -0.00588518367758076 -0.0155149172268975 -0.0186331784502011 0.00544985342746367 0.00702641836264729 0.0139957833322601 0.0232163794838891 0.0109133768535098 -0.000687460569774294
0.89648872572922 -0.0123322901572808 -1.92490295721085e-05 0.0126636229132171 0.00116612980367207 -0.00678713219868862 -0.00598747006250449 0.00300196702096166 -0.00486556485704964 0.00159699795515536 0.0146151735337856
1.00477759970249 -0.00206874138609234 0.00170872690187984 -0.0107747862917897 0.00173878921252324 -0.01404651075219 0.0102619932347212 -0.00135477417990109 0.00397261198665907 -0.0179751989649568 -0.00079511490869102
1.00731518691303 0.0118163543586433 -0.000406706425757785 0.00652179315929494 0.0242571232744278 0.00083636448074704 0.00613817681335198 0.000340017919493645 0.0098958206927201 0.0028959768560163 -0.0158986148836594
0.915875367812773 -0.00390668752999111 0.00759673171401487 -0.00601373397564097 -0.00108615092734571 -0.0116642415211359 0.00584031034791789 -0.0110024193132885 0.00758258744348708 -0.0069176500953388 -0.00673846225049204
0.980838557928409 0.0114086102956721 -0.000536234239317269 -0.0154174229177144 -0.00481985740619587 0.000140118175063652 0.0262769781404589 0.00116598100630576 0.0212232907170959 -0.00139022157182479 -0.00292868523561306
0.900747817405717 0.00326459504213623 -0.0169234329264058 0.0084934383546208 0.0181019366240359 0.00469178876388688 -0.0115663380118832 -0.0134703195002978 0.00125576099001216 -0.0120703816786789 -0.0169066767312605
1.04796822784189 0.00344045047175367 -0.0176853132448799 -0.010448241405073 0.00599859599537334 -0.00402085125323245 -0.0122748457184766 0.00738589517320556 0.00751357845214933 -0.00681912481925802 -0.0150506442618032
1.02835422928922 -0.00757765180653801 0.0170976179587787 -0.010105816383543 0.00303712035042969 0.0152927648502924 0.00204102621676332 -0.00675746628517842 -0.00565262427450246 -0.0153085538846837 0.0174391736186059
1.03048070915896 -0.00944547358662108 -0.0032608123288319 -0.000211442544851732 -0.00312604785187483 -0.0155875387031798 -0.0023089207429064 0.00745522683336357 -0.00694114430991324 -0.00744074347828765 -0.000313343818515401
0.997925719149825 0.00068297454597079 0.00258328933113792 0.00883629273718831 -0.0126010247034875 -0.0107559681395103 -0.00145272821240381 -0.000201825073162639 -0.00149247034921686 9.85699332031611e-05 0.00818858375631467
1.05785583280253 -0.0165303825016863 0.000882835785759548 0.00451787016025133 0.0130751889822727 0.0275571297426568 0.00991815102718654 0.00113282246404411 0.00231029180744214 0.00200336306013088 0.00658652711575375
1.02297023365685 -0.00693982169255034 -0.000379556239415232 -0.00711117006102257 0.0109161374777887 -0.0105795997916721 -0.00625156097444368 0.00317981820561124 -0.0158637027650916 0.00199239625718425 -0.0184347624552009
1.00898140817001 0.00478327163763743 0.0128718807321008 -0.0047678527054748 0.00306678883461786 -0.0139924883091675 0.000296667870764212 -0.014495601222698 0.00636868043228957 -0.00198567059284455 0.00238771841961551
1.0467270583971 0.00269071983870743 0.0144025617110335 -0.00300911331606261 0.00532635476558346 0.00411469849040579 0.00963469546891287 -0.0049949322928987 -0.0122179739799843 0.00217076998099027 0.00304511549825984
0.927247183964948 -0.00621872306453266 -0.00337367560540938 -0.0187215962122479 -0.0169252012064295 -0.000889322524947646 -0.0163456696842274 0.00659639577785115 -0.000844222475900505 0.0162228350409217 0.00935160714218592
0.996516392734388 -0.00127154248965548 -0.00310911683956408 -0.00495426183158687 0.00121079921930633 -0.00802807529774154 0.00317756655715775 0.00257589501196422 0.00926249481490919 0.0151994956827174 -0.00990641140587692
1.01090922455223 0.00954708358121943 -0.0185908769124103 -0.00887655176225677 0.00207267697517615 0.0162344428607419 -0.00628025242758566 0.00997000337201652 -0.0169367019895608 -0.0141078502655466 0.00425093636042413
0.98736012351222 0.00188278335128362 -0.00542042765517682 0.00748389616787494 0.00502606177255957 -0.00545781513252683 0.00916536336369853 -0.0051764083577947 -0.00713303141409188 0.000352625596017032 0.00784908355935955
0.933958264578082 0.0180820409039214 -0.00530575105804358 0.0064437401242976 0.000443685190141786 0.00152970279101486 -0.00737255648113232 -0.00476145654950271 -0.00327565544215945 0.013054379260957 0.010791146969989
1.05750140166987 -0.0149942192032768 -0.0195121942474583 -0.00954307560311201 0.00852490327946464 -0.00768912154095719 0.00743741406855427 -0.00310621331487095 0.00210077569851818 0.00515014165593377 -0.0228992199887671
0.986476978275819 0.0142752228787765 -0.018554300091855 0.0118069859306969 -0.0128218971350797 -0.00196952759522498 -0.00228242973554804 0.0115653385154865 0.00262356169535872 0.000846333150657079 0.00707504759382326
0.995922888110797 -0.0081548419852055 0.0108515313250778 -0.000847414382908772 0.00381698436487563 0.00743879282144256 0.00104077781655713 -0.00780225831754294 -0.00657907268800897 -0.0101391255809705 0.00927994602810225
0.939840931737881 -0.00609924087187928 -0.00630443026792845 -0.00559835644904407 0.00284567440036466 -0.0106819618384212 0.010868230354061 -0.0169851354279055 0.0126716103797685 -0.000576214335664896 0.0191521509923838
1.02150974321399 -0.0082624714392713 0.00753835539867322 0.00139274193048893 0.00262710843076524 -0.00943077583222597 -0.00545217665174802 -0.00125083737196279 -0.00819528352463516 0.00322631309746534 0.00591612738356857
0.971799149562715 -0.00669621527542027 0.00411011280169246 0.0128883491723486 -0.00573631399125024 -0.00608203692439263 -0.00561798794411557 -0.0103778326179263 -0.0215737070175757 -0.00337905517057294 0.00152804577573327
1.01778112608574 0.0108119475277199 -0.00790247805209161 0.00227629435835042 -0.00396194948131875 0.0108004502638396 -0.00203480389682627 0.0178471077848769 -0.0115787377045754 -0.00381627673229184 0.00378286706023734
1.0564130451449 0.0111312715696999 0.0114420614745055 -0.0015534520243242 0.00158182117934965 0.000191820957273338 0.00661473508201882 0.00630111408867879 0.00656588255606767 0.00349144753712849 0.00185010076861217
1.12489431497792 -0.00258080971405593 0.0136037075365377 -0.00881939396342709 0.00943802148841984 -0.0168303901795331 0.00575116877670545 0.013800641508506 -0.00102423372284153 -0.0139744076014866 0.0111490803853661
0.882754710167226 0.00660189672348562 -0.00591272724757669 -0.000902766746891561 0.00728759433061181 0.0048702999100176 -0.0116824410453652 -0.00807396833603947 0.0124885621729792 0.00570470466006804 -0.0140163596359579
1.05250001540971 -0.0120882165336082 -0.00846282768812289 -0.00565644743766173 -0.0134839665461944 0.00286520638893876 0.000952585589925455 -0.00600527149245396 0.00246420350621732 -0.0119344511424976 -0.0136205158849192
0.994446716855224 -0.021020329195025 -0.00707260322860073 0.000807754233404316 0.0064712522656606 0.00935034895145072 0.00904684162364281 -0.0107223597944175 -0.0132562630283578 0.0221560595193576 0.00322018055079383
1.02390817201085 -0.014074850163761 0.0195819417725169 0.000534142631263544 -0.0133129170651175 -0.00151795414659607 0.008300407631626 0.00496862529010071 -0.00789943142391826 -0.00417627408467176 -0.0049288102371186
