"V1" "V2" "V3" "V4" "V5" "V6" "V7" "V8" "V9" "V10" "V11"
1.01886538826956 -0.00476141957068445 0.00674899506181494 -0.00553573863727083 -0.00100761137685022 0.00926962002081183 0.00535377449082141 0.0039621159306024 0.00693403736835865 0.00304298204722899 -0.0088450827751869
0.957265062878597 -0.0138505097237091 -0.00442796824939677 0.00435388675421077 0.00475558681677909 -0.00748477358553859 -0.00884151122625039 -0.00634550710177142 -0.00211777543143566 0.0111966030368353 0.0104710953993947
1.03070533006661 0.00557016240342708 -0.0225611230279542 0.0210976323488244 0.00857189598528956 0.0193289130060107 -0.00285231827746675 0.00534522321886999 -0.00322692589798382 0.0146736914637055 -0.0114764008898558
1.03616929164062 0.0190634648338521 -0.00945711842821416 0.0109838614213907 -0.00809707559108881 0.0072239493494234 0.0230335589737814 0.00800559465707986 0.000487546498477432 0.00127136019816413 -0.00579568443956311
0.98193376213098 0.00937987208354724 0.000182053868374485 -0.00560431198031167 -0.00225884476261538 0.0038872539694418 0.0194127483463905 0.00437903790606262 0.0127061589773763 0.000822035423684155 0.00673901519956207
0.963090483089259 0.00317688166348515 -0.00398089399363935 -0.0131149409374098 0.0095471967874121 -0.000949440241256051 -0.00402446866138949 -0.00346201869223844 0.000343366085485977 -0.00520437444498293 -0.00565134332296475
0.964153477053779 0.00559820709443546 -0.0047890113770144 0.00452023904801006 -0.00446517902263095 0.00542572296766215 -0.0209459676194301 -0.000693615014603687 0.000999690985368816 0.00102804892160902 0.012309150129075
0.94283072696823 -0.00775558438794048 -0.00879030093866406 0.00845306896049495 -0.000440306895389323 -0.01223335852064 0.00732535023124413 0.00860522230536569 0.000515269375238111 -0.00984649313355078 -0.0188942714038304
0.921377825140874 -0.0109002459294229 -0.00544094433402286 0.00164075179670155 0.0100703527870101 -0.000480702687023279 -0.0101632368003549 -0.00266954438386279 -0.00646857851986757 0.0118132772107427 0.00172840338496378
0.996818216030027 -0.00883940794728114 0.000559185871104768 -0.00569916819865236 0.0048653611693144 -0.0159129431030567 0.00814428752526978 -0.00879281752193252 -0.00176513497018331 -0.0134090502027662 -0.00576460208161266
1.19515895958066 0.00204734717583881 0.0173836701461621 -0.00921628313188166 0.00416168649010075 -0.00111390640386295 -0.00745627148610637 0.00718625709246589 -0.00285458846991311 0.011888105094357 0.00448286859063096
1.02614419917093 0.0179125449888589 -0.0156396670235367 0.000620264225033013 0.0068869470797803 -0.00607225005474625 0.00385261843387576 0.00848708658748226 0.00244299232132069 0.00786839193620809 -0.0102302516036735
0.972323184027565 -0.00616087552033223 -0.00174133533866902 -0.000634675469548238 -0.00191386611476922 -0.00770555899599883 0.00581630220633739 0.00759509823213687 0.0126262846722038 -0.00811506021601205 0.0151495080123866
0.996519177250847 -0.0133594014882265 0.0015144694374362 -0.00409762342055894 -0.00311406763110174 0.00314840657391953 -0.000394991807547565 -0.00509215185300145 0.00224308161117404 -0.00880066353343531 -0.000500746956093836
1.13574414971762 -0.00700629573423949 0.00761521142689612 0.00462638515089949 -0.0053255701201128 0.013269506351145 0.00852724497967403 -0.00292215719734153 -0.00589852547377781 -0.00112379522533307 0.012756023736516
0.918762550041045 -0.00637512633572525 0.00516212821811559 -0.00308656780780646 -0.0102840341082153 -0.00764357499817455 -0.0139998303550964 -0.00482129682597062 0.00281329881298558 0.00465161460078516 0.00207480190496794
0.982387168722657 0.0167052429650062 0.00539891405822067 0.00502619219792461 -0.000865841388077362 -0.00160570224261921 0.00522755877543303 0.00951877533373102 -0.00178395786610371 0.0146095675944293 -0.013595026260439
1.03027588098136 0.000983410605398223 -0.00539527384426952 0.0150786696441537 0.0152584919778493 0.0074139920159465 0.0146212534645762 0.00535709568773328 0.00144443866238239 -0.0176105580279028 0.0155785775982534
1.07119816270146 -0.00654835382901724 0.00633417554759539 -0.00312473868409904 -0.00269585923122582 0.0117498150821752 -0.000984906427859725 0.0100688367680918 0.00696612555222514 0.00358484203714611 -0.00384546172551732
1.03872638210149 -0.0106987562918531 -0.000305236198227199 -0.00835152311462035 -0.000948697105185976 0.00114465398545829 0.0044277161120972 0.0183838331239467 -0.00829757453765475 -0.000997421116912368 -0.0062178565583462
1.0696196886026 -0.00115353321236778 -0.00724661659544861 0.0104878715298232 -0.00418089832545011 0.0132440735172553 -0.00655416903594145 0.0110308492048232 -0.00313093062820491 -0.00234961108208994 0.00239563763876293
0.987592298326748 -0.0010405803373913 -0.00976934938422125 7.97116278834282e-06 0.0214280918915775 0.00216734503588327 0.0152336594016106 0.00381518090918589 -0.00010259766452775 0.0121673180129306 -0.00464853058548215
1.04510451292634 0.00352408770381456 -0.00679779223259265 -0.00278801688198728 0.000329208154019031 -0.00796322930741546 -0.0025086423821407 -0.0165805150346601 0.00191429873844707 0.0170849006066558 -0.0173133464263109
1.065782680751 0.00653765481240468 0.00926306118007783 0.0192044848334082 -0.0240383920839775 -0.00801807537660365 0.00148654648105905 0.018335036337564 0.00539389646624693 -0.00802804565437101 0.00258343745771046
1.06982484208695 0.0115215783619343 0.00384173634436232 -0.000895655543425373 0.000689123352781207 0.017503430191758 0.00212025981286131 -0.00741842236419522 -0.00372754845977786 3.2687921497444e-05 0.00361080775529726
1.01443784323617 -0.00382827250287003 -0.0116150626717861 0.00549441224087892 -0.00602697131913493 -0.0124011611532149 -0.00456551175748649 0.0138989482055736 0.0020099249793537 -0.0212241816390812 -0.000815052266095764
0.981284542803242 -0.0109819681365169 -0.00660859906997078 -0.0119795308828355 0.0177072987969307 0.0126103630793831 -0.00900666974022581 -0.00934318909614608 -0.00912439522957091 0.00180208539864608 0.0132531382669275
1.00753053506851 0.000717809981411277 0.00551814714825883 -0.00823396794573865 0.00964483296234657 0.00782663295337986 0.00804724646639336 0.00912439000291898 0.00213100585549583 -0.014734448037543 0.00369066004194469
1.04926215869899 0.00643481403674507 0.00049860870633485 0.000404971147632742 0.0255434109813517 0.0112413080894912 -0.00211320081416999 -0.004863552297943 0.00589767983558707 0.00568453239278689 0.00874658131720914
1.04862800273134 -0.00609971215019249 0.00386862217469935 0.00424583213633588 0.00915437063854204 0.00260885931517165 -0.00743918470329277 -0.00374319004730002 0.00732536699959541 0.00611957665562681 -0.00769315001384513
1.07512459826381 -0.00015297497323877 -0.0234562851678881 0.00790093795001049 0.00795299010065286 0.00200832714377708 0.0150355856413078 0.00501458611232865 0.0125278059220341 -0.000419246135629476 0.012377437118913
1.03864926681195 0.0193239008908478 -0.0120084710711726 -0.00988420179831094 0.0201470927039926 0.00351081363355509 2.2172555426375e-05 0.00721775102888318 0.00891361606338137 -0.00248102920744615 0.00606096670157772
0.963999113903965 -0.0189954609399852 -0.00773172260898557 -0.00563033910568129 0.0178776304689565 0.00530809628421637 0.00819414859947381 -0.00634147182775081 -0.00104450863008415 -0.000412045361301112 0.00127508843518449
0.954377870404787 0.0063299641236319 0.000427456814731353 -0.00902197942245882 0.0160505056163604 -0.00898873378061446 -0.00317825209292394 0.00285235294482455 -0.00771314552987002 -0.0204020724295897 -0.0180303127608065
1.09858401550648 0.00616387238328266 0.00337747208202458 0.0152854326052279 0.00511542537078455 0.00822617475686679 0.00328759777675933 0.00620139300320499 -0.0183322610892106 -0.0108181039595967 -0.0142988493264469
0.987182939743999 -0.00420083675950509 0.0189030136450011 -0.00628144060475122 0.0042888739593484 -0.0165393407349426 0.0023183949332957 -0.0054021044109697 -7.46503687987215e-05 -0.0056180850124562 -0.0108452485465009
0.967613825176545 -0.00995529406106655 -0.011022570481091 0.00220512974737489 -0.0122149957813568 0.000107467912378207 0.00689855591881125 0.000820464550247538 -0.00218936051223165 -0.00977824365838329 0.00160399618534813
0.998858300667814 0.000252747577622223 0.0153389104467641 -0.0182423776040198 -0.0126654717690463 0.0115971573976335 -0.0145914576113287 -0.00281841591228207 -0.00125398019634255 0.0136308802520928 -0.0169241010578823
0.976701926778955 -0.00741944097780321 -0.00178162994831826 -0.00344002661284072 0.00165273674422042 0.00469023240091718 -0.0106175381627942 -0.00134334358407231 -0.010922726717113 0.00634247111429718 0.00380099084548662
0.9966689229617 -0.0119785654025356 -0.00296464522240714 -0.00832197933197918 -0.00106731495360877 0.00890186936301842 0.0200203362887656 0.00717894633280898 -0.0209779636310507 0.00308981893949619 0.00592820835175831
0.99277284070388 0.00488621691108165 0.00836458628825166 -0.00301424358334065 -0.0206277593723928 -0.00255466685943564 0.0261184909007538 -0.00892725616372821 -0.0221843371847127 0.00566238819863195 -0.00531533244157462
0.949088154136561 -0.00520592878498483 -0.01093808629917 -0.00352377756600985 -0.00567632622253826 0.00374351283466264 -0.0230215036667358 0.00931509862279136 -0.00470522856283725 0.00403525301999325 0.00119969550947325
0.959902368022655 0.00834454516261791 -0.0218658051231925 -0.00142379493621385 -0.00485039335289861 -1.15231349930669e-05 -0.00690760844070604 0.00205434731651514 0.0255798451123689 0.0112174319087457 0.00443852479121462
0.839648360353747 0.00599783388143141 0.00362997396014349 -0.00373796910592722 -0.0187012879606223 0.0120245422902951 -0.000413061749249046 -0.00886120771776312 0.00217871277316028 -0.0205612077318336 -0.0121303978179377
1.09430982064864 0.00351296723088962 0.0121003760424234 0.00583029495530362 -0.00690688620295142 -0.00890161649976765 -0.00890320232450552 -0.000855749525426464 0.0199256195475365 -0.0190353866960583 0.0140693795551284
1.03748366592196 -0.00372041337948927 -0.0118215965401092 -0.0197799594837358 -0.00653874730521153 -0.0205470827161614 -0.0110619053813778 0.00117412940613751 -0.00688291678813 -0.023464631791336 -0.0155970114238278
0.969486051068675 -0.00344815870969004 -0.00613529291478902 0.00889579514645407 0.00160672025254752 -0.0111246502806931 -0.00857211012882806 -2.19857346483103e-05 0.00902386574591572 -0.00577821385503212 0.00807042674674084
1.00719126766855 0.0052731240179385 -0.000902945024806168 -0.0130530204076149 -0.00285412306752204 0.011640766715246 -0.00747740806860052 -0.00592563475280642 0.0183080306205218 0.00313982477462002 -0.00608753155903963
0.954535543361218 -0.0106495274341459 0.0109705150333753 -0.0208024229831415 -0.00588647060906282 0.00595202041288401 0.0015229963363476 -0.00101759511986444 -0.0105099597164584 0.000693391946762319 -0.0227759525675632
0.944073953263147 0.0087441051913708 0.00216599195168531 0.000149442676941944 -0.0189045598586727 0.00289127612115113 0.00735859514590867 0.00782178962423986 -0.0059074143506532 0.000932017595532888 -0.0116780314962662
