"V1" "V2" "V3" "V4" "V5" "V6" "V7" "V8" "V9" "V10" "V11"
0.998288831872937 0.00532103594815619 -0.00421167317048296 0.0133225976963566 -0.0353583954900007 0.0158191891754531 0.00866285203571398 -0.0017166475679571 0.00556284127705896 -0.0147200149764124 -0.0157346324740935
0.981965148269017 -0.0118306471670219 0.00105842850004776 0.00641344347378518 0.00682010591145088 0.00510648548790085 0.0166236201434862 -0.0268315091805301 -0.0114169774213144 -0.00455508183635796 -0.0140886398150148
0.958928195890036 -0.00637341272346164 0.00649601526898345 0.0163611567949558 0.00154422178176524 0.0170002684919517 0.0112899429729235 -0.00652267892560592 -0.00140639992075598 -0.00185820287566503 -0.0145592310282505
0.969750405114339 0.00210274999561751 0.0095195508637596 0.00349076747325805 0.00523762545975421 0.00918243297122221 -0.0112309338439719 0.00349205827201412 -0.0141056670390107 0.0058355532680625 -0.00602951592584556
1.00724409696419 -0.00021789186871199 -0.0102787677790401 -0.0087783957940346 -0.00243507821558287 0.0103623286339656 -0.007009511579891 0.00324722311240082 0.00395465434411628 0.00801794564698238 0.00367710424165476
1.05304944874163 -0.00302349750155008 -0.000696323121901553 0.00366001153027111 -0.00271347624602605 -0.00347941692731509 0.0136960873502131 -0.012771853093807 -0.00375437451021259 0.000896267775208397 0.0032627046643804
0.925755778634618 0.0110908735919459 0.0123789480154862 0.000382691207528184 -0.0039474299021173 0.00888370302482658 0.00591950276908311 -0.00357669272184925 -0.0136127550446068 -0.00416608924676387 -0.000533248777352573
0.97858685872458 0.00234649367811024 -0.00759609266959459 -0.00568191527669867 -0.0110739526797782 -0.00506665732128737 0.00304918141860835 -0.0229413664784423 0.0259549906681764 -0.0042843142243511 -0.0190265902355655
1.02363941224435 0.000117262114629185 0.00605242456546084 -0.0022889232889777 0.00180550963451567 -0.0148725431628658 -0.0207266983629765 -0.0140140617743758 0.00560472509721621 -0.0134807872807077 0.00232759798524903
0.963381976274962 0.00148869422124414 0.0142493073587015 0.00291216843812823 -0.00990333972606186 0.00201467611755259 0.0140833956216687 -0.0146592545112586 0.00152287824784392 -0.00618344957821503 -0.0035365435328026
1.12895394480835 -0.0149477750941694 -0.00264438250304287 0.00809156939904251 0.00536256481707335 0.0097748821009806 -0.000119012639995602 -0.0018380701355918 -0.00141482984198415 0.0220038301987242 0.00935313806187123
0.967500828407088 0.00139422649534874 -0.00784836186781113 0.0172339578379719 0.0123520101335837 0.00399786216057312 0.0118068085224238 -0.00313613532526522 0.0121000372761467 -0.00237459109349074 -0.00150179576343624
1.00494188741763 0.00934788667348672 -0.0097739154634298 0.00649742872463134 -0.00408417742104803 0.00571749010709562 0.00441192555753357 0.0138422144251168 -0.0104068379641733 -0.00246729875688875 0.0143035691087814
1.07878645575612 0.00670323634457251 0.00712304807703988 -0.00479441321366148 -0.00148863810822646 -0.00170629490524091 0.0222374533884726 0.014024715162075 -0.00462576406200897 0.00439786535168095 -7.86940882602576e-05
0.990439042221906 -0.0121786207984054 0.00241337345872976 0.00554443754792121 0.00399573429565954 0.0113884081401204 -0.00790823425340193 -0.01553660764948 0.0142077756531138 0.00915454152858413 0.00529799737617152
0.93705224009783 -0.0209728159837821 0.000371077117565807 0.00364206199954902 -0.00336141983770072 -0.00269021094488696 -0.0231710636736384 -0.00958637502242197 0.0129055197282722 0.0130870065700522 -0.0105103415283154
1.02360220498597 -0.00988032160118003 0.0152848340674831 0.00336546743764866 -0.00259108831523174 0.000630762663384153 0.00214553650981357 0.00511035541435435 -0.00667773741937281 0.000488282172938115 -0.0132578906246553
1.01477202355867 0.0035301141036945 -0.0102404388864082 0.0189043608849447 -0.00170742514702637 0.0135218073166869 -0.0132344848778968 0.0106669971344277 0.0106380678769795 -0.0200442880530438 0.00611693667989584
1.05985196279102 -0.000452150964223928 0.00925382239095582 -0.00696422124378142 0.00323575813800445 0.00361700883136673 0.00350052677918411 -0.00392334761130031 -0.00543296653443039 -0.0203965902452007 -0.00107716713946147
1.00865663403413 0.00282132657162996 0.00252445743024938 0.0136051397520948 -0.00543658762447467 -0.00651423822053669 -0.0230227085373848 -0.0121387670704617 -0.00720451467536319 0.00167640207388457 -0.0143674577650556
1.0077404957954 -0.00717354282911469 0.0026869305574139 -0.00891202594585375 -0.00370734078979414 -0.00184439861913172 0.000867602056869048 -0.0125314755316328 0.0123082661400618 -0.00127218164895804 -0.0210176733988939
1.0702823642634 0.00104927776966722 -0.0113650926365815 -0.0037180484914244 -0.00982799515924736 0.00327794323667595 -0.0134093063892502 0.0033111079483329 0.00763232263333719 0.00637194012635312 0.00444909340005471
1.04236358393349 -0.0110841962774881 -0.00299064166208353 -0.00457192302574942 0.00421209292893184 0.0136928078003026 0.00373005564266392 -0.000848620296244297 2.9817234962024e-06 0.0043695134763255 0.0204542643031285
1.00527198540728 -0.00106801246591442 6.23083797931161e-05 -0.0126597125045596 0.0119018860316962 0.00024793678453942 -0.0163822111042483 -0.00701117572837299 -0.000191949276316048 -0.00696151016398534 -0.00861963411375792
1.06345839813075 0.00371118143504877 0.0175495877409425 0.00619558757019377 -0.00220042449156633 0.00880624625490079 0.0147443355968919 0.00648974689187102 0.00547369074030069 0.0100217159581492 0.00195090509910583
0.980349324247116 -0.0236580078875841 0.0113231722218337 0.00232163017279839 0.0108464095189916 0.00110361755398746 0.00257444010743938 -0.0103494337723788 -0.00761241600483944 -0.00369740164388739 0.012025691082545
1.0689725989167 0.000286332356623073 0.00292317154601775 -0.00465370870644177 0.0134534564487753 0.00657955631050375 0.00631860568134388 -0.0116773796901997 0.00389100191153354 -0.00175309591954773 -0.0128333429352901
0.987822634712747 0.0150481854298645 0.0174002639716596 0.0101343029825608 -0.00106818149473755 -0.00789562911033211 -0.0117251830700612 -0.0179507649235109 0.00565710644455639 0.0073928238612532 -0.0211599118203945
1.01028943947198 0.012495734882539 0.0143330113899981 -0.0119264615956505 -0.00722423328030023 -0.00417357115813084 0.0207561266224186 0.000420964995420966 0.00544377390395369 0.00192871055106955 -0.00734837508853944
0.992853037320793 0.00502256911693305 -0.0117608923416025 -0.00528774655653799 -0.00332964479363952 0.0151786999358603 0.000531429086364733 -0.00636983139950783 -0.0098756635796013 0.0072633258133685 -0.0109575899972401
0.947712607396997 -0.003221381283026 0.0194830881712907 -0.0160117684896128 0.00512622002895475 -0.00122390818749379 -0.0125389727985539 0.0138846466082654 0.0181708671275558 -0.00501330823159549 0.00394318999906654
1.05813413711013 -0.00278275601229509 -0.0074102099746524 0.00350559443212286 -0.0170798926551789 0.0259463880024933 0.00244517285719788 0.000170470073985552 -0.00333366528378423 -0.0134348553716617 0.0204998467371772
1.00253075555131 0.00167357760705268 -0.0133671516785765 -0.000658771445453588 0.00623394404455566 0.00455510852904669 0.000700200948565051 -0.0180076028401512 -0.0117879799826642 0.00881558496969634 -0.0231402985662732
1.0666280094882 0.00883022310252359 -0.00210484035658083 0.00273272715257404 0.00435502155836304 0.00654583977380404 -0.00156954886903303 0.0103251437525966 0.00965584067194055 -0.00506928356585672 0.00451962209440761
0.991455184745923 0.0102131033991766 -0.00650473278663343 -0.0167643774003019 -0.0194819906815308 0.0153636973098712 0.00057639991482235 0.00729324483161342 0.000292849723290448 0.0222655070924279 -0.00465727817297945
0.957179751204185 0.00218306513711132 0.00769142633083638 -0.00544589874066604 0.0023443188800278 -0.00238062693618955 0.0121463669287182 -0.0119149570285953 0.00486954504266341 -0.000229747557417838 0.00524216120616976
0.876525160142824 0.0132769266313537 -0.0109410370744846 -0.00140033861693164 -0.00855500082117278 0.00174282152027652 -0.00314207289452295 -0.0101222348167376 -0.0109317033281005 0.00509168644002482 -0.0161282957465668
1.01532981088796 -0.00890699691462335 -0.00236166362863379 -0.00379577816597986 0.0162738550990575 0.00535584923599174 0.0052905673742873 -0.00733001688164616 0.00910762296833245 0.00929739433019441 0.00847802909837427
0.942505835051572 -0.00619288801703023 -0.0137615742608044 0.017105995708647 0.00950816235424868 0.0111035594599053 0.0121254842100921 0.00194999981440439 -0.00463543117320472 -0.00995713716972646 -0.00984477092239472
0.962331085511601 -0.00355232001160349 0.00486442628935679 -0.0127305566026787 -0.00133901883056013 0.0023489407248449 -0.0153377793290183 0.00293280127833082 -0.0141240344798613 0.000745068318317381 -0.0101535156115535
1.05475906480079 0.000269366496948964 0.00341269269885725 0.00971305651719391 -0.00148152492537006 0.00356315033084683 -0.0100141775872728 -0.0129488225895175 0.00227594729524183 -0.000154867227430736 -0.00464576875356022
0.917958944027789 0.0135949766369153 -0.0223820197437259 0.00330068604658949 0.000341029362004924 -0.00291735802268147 -0.00790154081543419 -0.00892476992153109 0.000779174837904914 0.000675363660178582 -0.00837328197187175
0.958923525441944 0.0128744264279536 0.0167112043753386 -0.00622085826374343 -0.00107167430627143 -0.0139756897453759 0.00713278421337126 -0.000720713679424186 -0.00321123389450995 -0.0236707123319733 -0.0110549058198206
0.995773108052818 0.00552438378551364 -0.00621330469711211 0.00170538473869281 -0.00125340437525783 -0.0017478787516219 0.00430122804886073 0.0156553129674702 0.00171283769856352 0.00295951631366472 -0.00228080365465112
1.00505882755934 -0.00431476186947864 0.00721069970501593 0.0239177127262119 -0.00800870930075112 -0.0202356803199354 0.00444347470187189 0.0281167351696819 0.00909229428874551 0.00420764603322324 0.0100868453192409
1.03503110944461 -0.00450413961188448 0.00504015706371382 0.000884968471408519 0.00544800117412294 -0.0124058646087679 -0.00481245000807751 -0.00429135480262572 0.00431363572963133 -0.00320869457410577 0.00677432926394085
0.975312880899831 -0.00200928174259833 0.00620449073715369 0.00507470924257845 -0.0177552717086667 -0.00398484467181625 0.00296702001088517 0.00346148552758627 -0.000515254569177251 0.00392973276753131 0.00314451451330278
1.01255553200972 0.00327768007957874 0.0137774617621484 -0.00554532254530223 0.00289772547070506 0.00158672693629574 7.07377437548915e-05 0.000998608218323852 0.000101086506382969 -0.0137032034347091 -0.00604270255847234
1.0226771126374 -0.00386972822149301 0.0135575182400601 0.0148937933563307 -0.018971321008204 0.00399097288343811 0.00559471933080347 -0.0108531541042914 -0.00366492166019885 0.000903967298213178 -0.0224844618746367
1.01331381357716 0.00411226321449255 -0.000389308471593521 0.000292677461999956 -0.00108535795684211 0.012156100380925 -0.0193687043030857 0.0072248752558044 0.0158320064116831 -0.00716575727897402 -0.00789156085470151
