"V1" "V2" "V3" "V4" "V5" "V6" "V7" "V8" "V9" "V10" "V11"
0.939150075759516 0.00192809974582189 -0.0388256771978913 0.00310344874757372 0.00582865087051103 0.00651209677715016 0.0126811734455486 0.00482389584184509 -0.00735926733331198 0.0162138158184412 -0.0189642331290777
1.02136700222606 -0.00646866167786237 -0.0146478103960377 0.0053473605543298 0.0184053153725182 0.00157811595326919 0.0117817802479005 0.00202609595254229 0.00630370411257506 0.00274458859578605 -0.0108243281375591
0.945556281850316 0.00707064510238516 -0.00887393340201396 0.0122022788905051 0.00418792374211312 0.0120303198279444 -0.0155945019129247 -0.000719697664522342 -0.0131962668225858 -0.00603891440824953 -0.00727239071303555
1.09609142442695 -0.0098204221669377 -0.0142312981827076 -0.0110843455378543 -0.0174185719774475 -0.00810030464421293 -0.00771290224219286 0.00218612182142505 0.0136885753148993 -0.00669271941120291 -0.00481894035857741
1.09396241220759 0.00261705195221477 0.00258036070622951 -0.00405326423103375 -0.0120302622124125 -0.00705909189466217 0.0101508581442932 0.00949577912909556 0.00550526248229254 0.00247614985679298 -0.0114421691563926
0.861196603453542 -0.00376986524117728 -0.000454071784938486 -0.00982342098041696 0.00870443572515399 -0.000378925796533806 0.00872609183048071 -0.00735511798371391 -0.0100714918918068 -0.00308572675431737 -0.00641176734153932
0.962803049601935 -0.0174441108221151 -0.008468981493132 -0.00593620689222873 -0.00754726144605546 0.00689382184237011 -0.000361364828763744 0.00963777386351522 0.00514522521585898 -0.00916698197804341 -0.00903672509204601
0.948425441347537 -0.000393259605478678 -0.00745360538669218 0.0074014006732701 -0.00373739032527343 -0.0114034223818546 -0.00978766386319267 -0.0181460195896339 -0.00556015033012938 0.0142742246512323 -0.00115641591439678
1.08127498448009 -0.00637375406935604 -0.0226706061695903 0.00384649734720623 -0.00852652272145197 0.00909134510721695 0.00436517953607445 0.00153259187822336 0.00678660299545556 -0.00866821134034827 -0.00530719696897307
1.06518131614581 -0.0137439539984073 0.00579694238487084 0.011053295934936 -0.00948466501183927 0.00306342754377536 -0.00497209930807902 -0.00659757820290145 -0.00587584818100073 -0.00909412595786659 0.0182111583346541
0.976848498334438 -0.00264835236023025 0.012993206174542 -0.00137960366030538 -0.00825869056314596 -0.0197220581244998 -0.0111251280379757 0.00402718342885893 -0.0135498339435781 -0.000120685892810288 0.0157466900967698
0.958187624902312 -0.00244597362816305 0.00416610855063868 -0.00877419929494624 -0.00475630301174645 0.0165494034301745 0.000267630734965241 0.0157155005533459 -0.00369558192057671 -0.000319442710016411 -0.00661041534630054
1.01399147643439 0.0154205343417964 0.00130787249432277 0.00719606042221662 0.0130670495227255 -0.00746179009241184 -0.0169830690486956 0.00225459621451924 -0.0171314070134143 0.00641430857146383 0.00744236708478424
1.00514959403245 0.0101083988500533 -0.0146269683164719 -0.0086185703708537 0.0177486857373015 -0.00128189634781951 -0.000183628030010501 0.00457890695837828 0.00340900724392568 0.00116720952361608 -0.00823698971115473
0.95619674625264 0.0184943118533569 -0.00640802033919484 -0.0112539303700325 -0.00377982176652584 0.00513732189094444 -0.0102281401671274 -0.0055689939916804 0.00957054430072673 0.00385710913167595 0.0162897971296862
0.954258673874754 -0.00248140724120242 -0.00300950487664137 -0.00472665334154473 -0.00261137693168941 0.0198307783911448 0.00971362258298016 0.0237096698701073 -0.00197861494934612 0.00191202488089841 0.00925277742760508
1.00572506794901 -0.00550847742623416 0.005894677466054 0.0053361662892265 -0.000199533430868607 0.00439900802781641 0.00346379412930159 -0.0179569691526325 -0.00494006881818209 0.0152482415576381 0.00432724419006955
1.08988098497003 -0.0137568684557583 -0.0100021249598321 0.00752938669789798 0.00363894024510384 -0.00150074595506085 0.017082363374172 -0.0101935645912091 0.00160956213028918 0.0117952476240513 0.000251303608455075
1.00414420895086 -0.00808348981945323 0.000878092817063186 0.0073674573024768 0.00696572653304038 0.0252761375828365 0.0254620147730711 -0.00160390613866932 0.0152591945233845 -0.0147245387005554 0.00546580927265704
1.05661178694441 -0.0176229529937381 0.00825741702086632 -0.0137220738443003 0.00186526231971219 -0.0104800945012734 -0.01896201945502 0.000352031826996687 0.0257225339914804 0.00773245831937593 0.00727944396598539
0.968157211009499 -0.00122455839181122 -0.00149907873175156 0.000221878768504627 -0.00470323731926001 -0.0166836835361113 0.0142072983092469 -0.000774375715042483 0.0154201278680963 0.00569835291110797 -0.0167131920726667
1.03474749063 0.0158122368806588 -0.00874143372199949 -0.00159249340967927 -0.0243146917121676 0.0152125661803406 -0.00879429263140863 0.00677802915478998 -0.0121148263058558 0.00769547448775926 0.00336490733820329
0.937659737894595 0.0127838564868752 0.00179447991786813 -0.00471025129738797 0.0051146608355849 0.0136304768385953 0.0114395361921719 0.012465086830241 -0.0134068794318935 -0.0100121112780297 -0.0072270896309739
0.931010417646189 -0.0143742933033269 -0.00624638692339288 -0.00832929115576493 0.00800455673896853 0.000184152901499461 0.00242472211279565 0.00385996270585672 0.00946318291433081 0.00343628987176793 -0.0156234813344216
1.04040883885637 -0.0116847100188569 0.00328627167025232 -0.00117843245939981 -0.0228102134442489 -0.00831355937103895 0.00648604553219358 -0.00256312489713706 -0.0113393010830024 0.011908225560191 -0.00448349427340428
0.958248923319501 -0.00775429794340151 -0.000590920027770953 0.00506673046734932 0.0116144978819246 0.000700195775101611 0.00450439267188875 -0.0061005898226843 -0.00753490131426186 0.000840829800401764 0.013466306937882
0.925306464350208 -0.000132571963355202 0.00299355280246397 -0.0090538551730565 0.0155640123719847 0.00563659366501131 0.00362678642492816 -0.0173536510877429 -0.0192210155732869 -0.00349398572913921 -0.0243128000284206
1.08261623954627 -0.00943760596401372 0.00530760333057973 0.00436980383493383 0.0117439966833064 0.00771145249953026 0.0127686840719338 -0.00408220791340327 0.00945077993144133 -0.00984510909645695 0.00464582564570509
1.02207871962139 0.00384936445993208 0.00510697556527605 0.0055330475832644 -0.00244965251629335 0.00300732062792686 0.00865334357065908 -0.00584544938560024 0.00202198031134091 -0.0147167925303389 -0.00952080591169487
1.00063878167325 -0.00961066783607525 0.00830874695092255 0.00226067727721185 -0.00124889357321574 0.00783696898346143 0.012780286203337 -0.00203724717440142 0.0047883467309286 0.0076210135581419 -0.00842724278021794
0.898313261947346 -0.00965565387729512 0.00163644913627247 -0.0196611363545139 -0.00163725614110121 0.0131366869921946 -0.00842118495757702 0.0140198568123667 0.0289317180904592 -0.0216681890218189 0.00486456870097581
0.994493262986963 -0.00276563267103152 0.00748351517914485 0.000694482534066868 0.0014000527326977 -0.0101985227510766 -0.00449424507618338 -0.0136077511947955 0.0054986932314536 -0.0131765111175939 -0.00326956603242343
1.01001101058241 0.0118780066319279 0.000944365537555554 -0.0123187315859296 0.0114870364351593 -0.00152530478999359 0.00217339807977832 -0.0206113794038962 -0.0103711437519991 0.020227202634633 0.00657656824705816
1.01421855779891 0.0150469490110336 -0.00456192951805479 -0.0235419155590183 0.00487092719415898 0.0046614436142887 -0.0148467792315458 0.00330195115933154 -0.00141347194915344 0.00110388456861542 -0.00570137574390511
1.01512080847192 -0.00823065670096867 0.00817862862566427 0.0138353873820121 -0.00201978451195432 -0.00263362167445554 0.000136083961377131 0.0215588603592116 0.00497745773115959 0.000742567800072617 0.00518995608014045
1.03825672731926 0.00972708755830047 0.00153834134097856 0.00636767520536454 4.39059978417725e-05 0.0100222994530653 0.00299058573629719 0.00311783647036426 0.00569429276387088 0.00627011981047699 -0.00747014952024315
0.917565192002642 -0.00842747113556932 -0.0172184297617056 -0.00465822660349257 -0.00315696583018532 -0.00191164325632937 0.00207801071162043 -0.0103362202311583 0.00673433404342252 0.00167641758132803 0.00528882659964542
1.04497097296587 -0.0084999938868927 -0.00741675809645889 -0.00443084439783041 0.00746783271829866 0.000542906001299736 0.00258484628942349 0.0112043379332108 -0.0233404590562349 -0.0102583718385839 -0.00350509729845183
0.902403170529038 -0.00872130761455153 -0.00272619631018401 0.00376169332266518 0.00093635782066406 -0.00428425749834817 -0.00145929264587789 -0.00402672743707164 -0.0109382617158218 0.0110329426473156 -0.00474714914296222
1.0034483048786 0.0161589306846638 0.00177445797648305 0.0114220664572964 -0.000419838519600255 -0.00191330854575685 0.00267282199190896 0.0166257880270493 -0.025442608540833 0.0189699869264565 0.0203167834515587
0.964583928564838 -0.0123461278742828 -0.00824438344408101 0.00703774008023235 0.00437503572937017 -0.00916211970352603 -0.00219065729639884 0.00291648449787856 -0.00245298787213041 0.00308454704778412 -0.0182522506067756
0.893113810208218 -0.0103734629817474 -0.0102704421031857 0.0093572755039011 0.0127356536762669 0.000470052392519903 0.0152297903930282 -0.000114322470269293 -0.0140433413116204 0.00854783099558711 0.00224467274762802
0.974001537287091 -0.00477981436590137 -0.0109926566156469 0.016703056859239 -0.0251880378134582 -0.00392654960721733 -0.00418799506277514 -0.0191066079992039 -0.00710920579990138 -0.014600194359583 0.00768463139448804
0.956284660161013 0.0109990069774311 -0.000295574017704129 0.0125292746320155 -0.00101794132925384 0.00653451493511084 0.00738970837908855 -0.0136088032542984 0.0194391243631106 0.00670208591374008 0.0117682613398367
1.07271530562397 0.0142666842779871 0.0146323202370137 -0.00575622412302587 0.00388365832599296 -0.0108761618958344 -0.0066021053569103 0.00666881351986178 0.00557243243794075 0.00414945438302343 -0.000193206645426971
0.977849640440505 -0.00890538611307732 0.00570270831830003 0.000619931824733873 -0.00717815181785257 -0.00496510979292922 -0.00636503660404339 0.00471910974929672 -0.00633544647848542 0.00825797301940469 -0.00621570024583331
1.01928118206937 -0.00540068155092683 0.000944849992459861 0.00192612293705146 0.000255542007129802 -0.00403928158084479 -0.00556256709834512 0.0018960076583885 0.0101845371592993 0.000755340983499823 0.00371216779771729
0.996097761970866 0.00753433248932136 0.00503474702489898 0.0136445957645301 -0.00300814534085235 -0.0111677171559435 -0.00376838121177095 0.000670015111437044 -0.0084563967244352 -0.00325078822847554 0.00568700828322344
1.1062218852596 0.0116359896956124 0.00215265138677078 -0.00493868853769287 0.003788750411246 -0.00295896358505232 0.000668180604916473 0.0111197266627701 -0.00340102357875516 -0.00653930037855742 0.00846612689467661
0.985252789203095 -0.00607833029954392 -0.00514980468206899 0.00931802234678821 -0.00980212790313448 -0.00634498567236213 -0.00720317180010363 0.0161519276433786 0.0076037150862762 -0.00389498990690962 -0.0111707358626371
