column1 column2 column3 column4 column5 column6 column7 column8 column9 column10 column11 column12 column13 column14 column15 column16 column17 column18 column19 column20 column21 
0.991851095999291 0.0013262141272967257 0.00692832206635069 -0.0010462323460539449 0.0030008076133960617 0.0060645249704195225 0.002704117436863622 0.004177777855273236 -0.010069342113400109 -0.01470183111684235 -0.002989031245447155 0.0050419306869651315 0.00031813359860221214 -0.026938973885743227 -0.00788215915280662 0.008208566699700054 -0.007403836146036194 -0.011726225850762677 -0.0005870181290989236 0.006928768278703596 -0.0018942031276928937 
0.9916896417211918 -0.0020937623229899277 0.008214985583885556 0.003785494885499144 -0.013026569852411794 0.028177986333919894 -0.009627601395523558 0.004749140004352725 -0.010981648728103383 0.01160741870837534 0.012729579534948757 -0.011829039867740736 -0.012357524313176585 -0.008825046652780428 0.008661644985915658 0.004257370731484415 0.008974214509494838 -0.028225051799882217 -0.0027667835239155894 0.01892711580172704 0.002055996779656462 
1.0192553504326478 0.003774195342432046 0.024301716643065012 -0.0027118638049416738 0.005250538202473369 0.00848459776624908 -0.0030425916343762532 0.01622019734000991 -0.019251924325570914 -0.005603793634067626 0.018356305310311148 0.0032190003400030284 0.00776658086551022 0.002987895436183492 0.022552342434416808 -0.001495030613324345 -0.007683397384239663 -0.00589806723896273 -0.013658205590223767 -0.01966237007839687 0.014340158820661355 
1.0347360824541205 -0.00042088495951986683 0.0026138209811950616 0.00470828331370967 0.004506866910730715 0.017508003898092102 0.0015472802409989919 -0.00890514509911983 0.00621444962470236 0.006780135316571211 -0.0017430340582554988 -0.013749087085728121 -0.010467060748691475 0.01064478559280359 -0.007953821349204636 -0.003836947916667883 -0.0019522974144072886 -0.00254089931860673 0.020564490221241908 0.007926294960124092 -0.0024483594057933405 
1.0404479960936186 -0.015334699084765218 0.001265723653324367 0.0060358429324046696 0.008323944704243897 0.005688738911503371 0.004465473726882792 -0.008632509085811525 -0.005800535726048526 -0.02713413456948463 -0.009802285116068832 -0.016278244894611625 0.006105090875958672 -0.013152806973035848 0.005185627355576217 0.020501814574528047 0.015064475160202795 0.004935852387503619 0.011898946695984066 0.007513261154248634 0.006719455373014676 
1.0067161982094592 -0.002858473025156028 0.006137073701485034 -0.010296751727339752 0.0084715116407452 -0.007185078277471474 0.014008497416304874 0.016736750702828054 -0.010622129583267874 -0.001055385957639571 -0.006180306480751983 -0.005644912485010862 -0.004858663431233916 -0.003737180800167248 -0.010279397314423858 -0.0019910474717775148 -0.003496811423665694 -0.007352929413499977 0.006050547125485915 -0.0009263784566251135 -0.010380087757075466 
0.9921236500989852 0.0037166135300773996 -0.0015911341135902094 0.018526459899392233 -0.007056425370167687 0.00874868175261469 0.010113591060052891 -0.006760225478690167 0.001308992955263413 -0.01073348593041771 0.010523124870429392 -0.0007613153223843341 0.000233674863085254 0.006631854835461365 -0.001131484037828281 0.01118403900898988 -0.008860768214796344 -0.006309184797776813 0.007004101431132847 -0.00042536441226871067 -0.007940603214769169 
1.0137928059582355 0.003299943461382961 -0.005429229985721535 -0.009129091576641891 0.0005868531564066447 -0.0157238420706997 -0.013737204424197362 -0.003536571293480206 -0.016734023909260064 0.00156280082550087 -0.009760526645573578 0.0028628277054338976 -0.003965303264408551 0.021967586808360817 0.018701634335250593 -0.010336254574664132 -0.0044781003740564165 0.004324660527484185 -0.0018753135878247617 -0.016534183250150276 -5.361248598828179e-05 
1.0893013478015119 0.01390777175405178 7.745585012926529e-05 -0.010745519722249193 -0.007855787012342434 0.004859663896172669 0.020767695158326247 0.002088191875548515 -0.011464202060591457 0.013104768910023483 0.0011413342807365186 -0.0055446784298478855 0.016533613588713015 0.017336964742170405 0.017571143764082142 -0.006454918659341377 0.01597791604257703 0.006117888812816057 0.013070619459575597 0.008916983118803885 -0.004399347385029847 
1.0507517369790393 -0.003746954366122667 0.00543550509592455 -0.001350237591337414 0.00159529557653471 -0.009444501631714024 0.010082286691882948 0.017102578199707574 0.0069429909861344055 0.005578457866606772 -0.014064452207672386 0.004510009244401307 0.007420458974250108 0.0062955258214596604 -0.007296620841624153 0.017894609008142735 0.006878953095373174 -0.0017842725480916746 0.01474313576197708 0.006223134286484096 0.0036974427623473255 
0.9647095979417335 0.00016844526024056256 0.010084410512428768 -0.004043062624810217 -0.0074540993362309915 -0.007893694010193799 0.009188634331757609 0.009061836389140515 -0.002286515080230471 -0.00867384654847297 -0.00578374129847735 -0.00568644611665262 0.023769602847746697 -0.007297711298277499 -0.007531079618416948 -0.00633493751218717 -0.019417340585438026 0.00538070788376005 9.470768559824532e-06 -0.013903876718990793 0.005458109715982706 
1.0114141914967347 0.02139604915057082 0.013019953511461377 -0.004145959763702751 -0.017182981241162198 0.002221572821474144 0.005724328334623385 -0.010362468567006825 0.0037199143125844687 -0.006925218185101068 0.0003789188672595966 -0.00212920290860336 -0.023129689345607538 -0.007495657001873617 -0.008814878977842592 -0.007317577807002857 0.017868457886352797 0.004492219572829782 0.0014391496501002727 -0.0041698116658410765 -0.002159266593178473 
1.04843071251524 0.014601098174659613 -0.0007205840797725767 -0.0017923244514666545 0.0015833685324900925 0.0005220644007202552 0.0012986914693257409 -0.001788539408535828 0.0060170959603708845 0.014400707104828674 -0.00223348637883457 -0.0053497719823572655 0.0004900279640572589 -0.0021217350507331564 0.008634653964921427 0.016971684104878947 0.012913634524823673 -0.02250233284115442 -0.027731185485272102 0.00724380209121834 -0.01585970526044716 
1.036133413190158 0.003551249185653372 0.011196764834950818 0.017891996394150494 0.0022551364669129432 0.011710339252249142 -0.005237050647677302 0.028330776744831244 0.0011465999497592477 -0.0019676088846957963 -0.0019130809831265536 -0.004668461572813917 -0.004356161000512213 0.007478542383961152 -0.0050268379466804295 0.010563228818857158 0.012277736091665964 0.0021602918309262427 0.004517690139338081 -0.002422005156065224 -0.006719981517993865 
0.9332333809854118 -0.009018303827968572 -0.013409507435052075 -0.011528585217050597 0.010389204456358086 0.017607699775714664 -0.013696861062417366 0.01902573697537119 0.004589156400466792 0.0051139745410254366 -0.0026482690691314193 -0.00621981754601614 0.008225038056101476 -0.019415644035759714 -0.0064207269386782825 0.004619564452062156 -0.011497592805785328 -0.006171699027816728 0.00037990663883350265 0.001327334826576702 -0.015389048007371703 
0.934150203177323 -0.011697953288774286 -0.014078070648981339 0.013356928852664832 -0.016498676493555017 0.005476537247281725 -0.0036373211886551603 -0.006167018315371194 -0.007271749362495281 -0.011433533251829353 -0.02178189679546636 0.005896252706227272 -0.014903889291630145 0.014858229509960158 -0.014341811836120013 0.0012944270042428093 0.0027803942409779054 -0.012550070957645139 0.009513516427189573 -0.0022154131809063635 -0.01378261926220568 
0.9977376756125649 0.006057999636238079 -0.004732047450575451 0.005248703556922296 0.0030137354352456906 0.0034477770935035473 -0.01463897627638328 0.0010231374567292023 0.001005567847092599 -0.001995237311781399 -0.008382642077039672 -0.019265049627452707 0.015610712165300166 -0.01973783351884742 0.007253985148381468 0.010781750825090775 0.014962504896195451 0.00024114473074497518 0.012663885670703144 -0.010430823043010492 -0.002498075142781687 
1.0461643829725762 0.0036827698803082107 0.0017679554017964974 -0.013833565405056867 -0.005532383364902845 0.002948203275441715 0.002206841226812501 -0.010249853148540348 0.0006968667087454395 -0.008262976736218411 0.010659060335096738 0.014607608830790982 0.010957900142252272 0.010888346930755629 0.002281170752765592 -0.00550446668902809 0.010716784284621928 0.01120306844466657 0.0035091728717476164 0.008823617119617879 0.003607644616102644 
1.0155133167756403 0.011210675934813038 0.0006971236301784595 0.005507328443742627 -0.0034558092865477202 -0.0042212463188604984 0.007312058860151467 -0.011965226868193509 -0.020119876601565747 0.015578842036076219 0.0015733884664591471 0.0036233958310459453 0.0038130753781741244 -0.004095937191777273 -0.0028721970067477503 -0.003539686944968338 0.012994936595519008 -0.0015678894519697954 0.01605327426602627 0.005496929860433106 0.005524251983297471 
0.9868273373205699 -0.012676817193337036 -0.0053743793582525295 0.006421288807741078 -0.0057689352548009835 -0.001046564177828654 0.007029111488063062 0.0028788065971347633 -0.008397895534714414 0.026207420219974718 -0.01600455503209303 0.0067937786121542955 0.01371565610542226 0.011408229562783003 0.0006049213566847304 0.012092485935453673 -0.002871520225844006 0.006903716359111424 -0.0058098102737599005 -0.005388257615125573 -0.002991623268428142 
0.9939494050537735 0.002108191620417567 0.0024284460907547036 -0.010736002221033847 0.005578556369323755 0.00788128439230251 -0.006734500381774032 0.0005388472488891437 0.016975434829219045 0.010152078057696476 -0.013847523639889258 0.013099059719071753 -0.0011223019588946972 0.0025847073723554515 -0.015656036513362975 0.012248365604749843 0.01757268210878668 -0.008950902063498405 -0.004752997903221391 -0.0024191973067105607 0.0017402057341239002 
1.0083448980917231 -0.005585384228760052 0.009987771537884268 -0.019906532385735812 -0.007723793339175405 -0.008327239183751788 0.011736952532668429 0.015233427755477454 -0.0012332094184774854 0.015083179674530316 0.011655756597004642 -0.0036541790365662986 -0.0023770609653805874 -0.0006026250278213974 -0.011061781239048584 0.01869847059501415 0.004571779890116372 -0.009046357434632385 -0.028228353116936052 -0.0036794303485352133 -0.004995842155845378 
0.9998256604280643 0.0011482593780012596 -0.007431525405312639 -0.0011007447279718816 0.007340104203472321 -0.009551406436643614 -0.004651957481294403 0.005615200514946623 -0.022278683920073813 0.0010920418580198268 0.00028672157911729604 -0.005802847603602242 0.006304294278244705 0.0230249865375913 -0.007971822642147934 -0.0031840332549261277 -0.006988061456975934 0.005895333118528079 -0.006103699754537409 0.00011361231178791925 0.0029579503907319732 
0.9940848266329385 0.012485104644752212 0.01768819812955567 0.012394095192640371 -0.01116688555757789 -0.013712590837775998 0.01040445443421862 0.016170210404098592 0.011210268488777035 0.004077895927144516 0.00535210597835125 0.011937704196114065 -0.00591803679320207 -0.0034918744904937796 0.007338432204642771 -0.014974572489810257 -0.013821344851499865 -0.010243274489416355 0.0031392514358219797 -0.00011941776683979969 0.005863168909296696 
1.0010151133508298 0.01329113110410825 -0.006023722145757181 -0.007157661358283749 0.007608086193242931 -0.003455555159943044 -0.005992991206962956 0.014746599571047143 0.00383069283777918 0.007622790682230271 0.014794287459433467 -0.014227784782482886 0.004938545552768346 -0.013457102587913397 0.01961203443522914 0.00579593100143091 -0.023190272886579984 -0.007571403343425518 -0.00040098678126854664 0.01002380144358393 0.011808348145661115 
1.0622560864130237 -0.005292924662342482 0.009456629930964388 -0.029845456935734295 0.005788727969500426 0.020835387373169242 0.0062922883397685545 0.019654181181765186 0.004769976679308843 -0.005761629080316132 0.00595465625913366 -0.005922857533238647 -0.03153061694437624 0.005151628726414948 0.015294157362272019 0.0022430672512797813 0.007905943093025995 -0.015498364541117209 -0.0031156160725260913 0.018538424645899717 -0.005357831845183837 
1.0159623719228006 0.0012788020670709355 -0.004591716531177311 -0.00297498073541958 0.013424406714987657 0.016428319244134043 -0.0015295563684694894 -0.0015836358106434392 0.007055850823337508 -0.010205120310485052 -0.007862328894878777 -0.003922213363726752 0.0009203598758464707 0.0038462647968633733 0.0009438739692399207 -0.0032375070417055367 -0.011398864642806643 -0.010198825673866667 0.015645103204970316 0.026872812412622432 -0.017430460275657315 
0.9835119991796386 0.003703659228471547 0.0017851910216300753 0.0035948342800753846 0.010699801334947101 0.012234722320979352 -0.011027331135946028 -0.0115289595452057 0.019787364853892084 0.005474083990785496 -0.010831186699796885 -0.008581067315993809 0.02305013561122418 -0.009866017329797921 0.0019526269683661447 -0.0009751403726510997 -0.02198077768510602 -0.00037759403923544815 0.007509581883108882 0.015642622382513353 0.015926278561750235 
0.9826873470392745 0.010776757953574316 -0.0074124257313590205 0.009474011527467009 -0.011456328086988385 0.005200841076086378 -0.00046774729911840433 -0.017437065246197054 0.008331938884794925 -0.013976032304692779 -0.0012007924880268073 0.01297651257014068 0.010584866415343414 -0.005369345646496013 -0.023917362386143393 -0.009650797256009291 0.014100805824319043 0.008150892531980362 -0.002512106694329764 0.006499611784342932 0.007006477171520563 
0.9868262158824035 -0.010575273745096099 -0.0006523368293442416 -0.003915122946297075 -0.01133640665881613 0.006412415853902591 -0.001480125183856287 0.009108001883699679 0.0031112247974518508 -0.009291399340568177 0.009160731529580066 0.002987394191122687 0.006552281695685628 0.003332513622693915 0.017037278868043373 0.023225166791429684 -0.003829942235226695 0.005698559192353585 -0.010561319695183464 -0.002435608167668629 0.00281825888720564 
1.0271686281821646 0.006523340090960383 0.0026883980405779913 0.00741205869626443 0.0021139743634727873 -0.006815291094646058 0.007409932899975737 -0.009490338389552459 0.018747604840971578 -0.007473784836532411 -0.011604080498755172 0.0054579032349582534 9.932042797722608e-05 -0.0016512022410525014 -8.796536956185109e-06 -0.0018562883781421816 0.0026844411027584277 0.0034396220500832963 -0.0017235456582803549 -0.007624372918444302 -0.01167721771037056 
0.9665363799231275 -0.013044241865522346 0.0020786905960257724 0.0005195156448987718 -0.0037222576765652384 -0.01882839985810599 0.0004938200618606669 -0.010465514395222378 -0.011943141285755412 -0.002252456898819494 -0.0012872873716979205 0.005077829651356317 -0.014965198638709392 -0.013288324056805243 -0.004662029883313441 -0.0026400997462785376 0.0026071489494416027 0.011360194790563874 0.014758472235216178 -0.012942783974316037 0.0011444003082733906 
1.0076558690097956 -0.011593106542536837 -0.005004040847448289 0.010601011978614818 -0.006694578810374945 -0.011242538885436765 0.009153450833563608 -0.009755967622302018 0.0054239224110714645 -0.024873657166100637 -0.00825701796076844 -0.0030487284014051263 0.014185665918997434 0.009924417446580326 -0.013584440319113822 0.0008164067529647935 0.01990022725337154 0.010363521933893323 -0.006326824357137963 0.010993080675601024 0.009846881283944097 
0.9850886611612798 -0.016845149420202134 0.013236915485125357 0.013158780310915327 -0.0020351354430785513 0.013202838861682395 0.004705610708097281 0.011801502110579325 0.0073837916581802636 -0.00559971717374892 -0.004914418602734507 -0.002986691514745298 -0.0008915042892930456 0.00806620204931326 -0.012811972592262922 -0.00326007721219972 1.3352555142060639e-05 0.005950901653900948 0.01254772003124456 0.008141171951702726 -0.00041606225055612454 
1.0302316225440031 0.007625047067399376 0.008376925506074757 -0.009205463083118773 -0.00609877049667482 -0.0077790760712049805 -0.005935712977006181 0.01452374951144433 0.005905745724469972 0.0014382137992185542 0.0013204105830801364 0.013415821495569516 0.0072226925191138215 0.019667809227158245 0.013314519662240653 0.00428178244705951 -0.008554509678051755 -0.01697230918309623 -0.011238807019895549 -0.006005804861138747 -0.0065684317593967395 
1.0221270551558652 0.0014292639795555877 0.0046957968571412455 -0.00920684396761675 0.004877991794713495 0.024642935287942053 -0.0010328287418316696 0.013982157704536358 -0.013062466592302183 0.007115098243259314 -0.013712190279028811 0.010237248155011466 -0.018140734952271278 -0.002476435902432588 0.0028412350181861667 0.006459198542691015 0.012426584765847402 0.002050045761497915 0.010365722311307557 0.001889926224387192 -0.012303160133354708 
1.036999691970639 0.01277042029189891 -0.006288849795091605 -0.006980634967184428 -0.015353191818481847 -0.007914792045557135 0.0062496911048527505 0.009057809101218967 0.0027116966217776623 -0.003084891200774512 0.016788966309113966 0.0029412448157956107 0.007638393513103113 -0.0122671033072242 0.01573305516800892 -0.0046455540682021285 -0.00323690815267937 0.02878514804585911 0.012532385559060482 -0.005933764481016223 -0.007464833649856253 
0.9429855920903707 0.01526296675146924 -0.02149082521981605 0.012353003680626501 0.0039848784376849845 0.010971181123788084 -0.01607901371397365 0.0064342894646054125 0.006292331493584481 1.612961592779277e-06 -0.007830441781373378 -0.009898353660249859 -0.012368691281519273 -0.003403984230163919 0.001397110629673496 -0.007895936004073362 -0.002884072230473021 -0.01003384983289415 6.89345112945292e-05 -0.011411764182568064 -0.01214559217780686 
1.013298346764385 -0.0035944627070275043 0.021549893316237835 0.012054487235967064 0.01035121414504802 -0.00741525249405004 -0.010671086644359529 -0.00036437644088073174 0.004851175177254113 0.006596116671223161 -0.027268062569147117 0.0014494714104636532 0.004403225471282346 0.0010958938239049969 -0.0045694789313654805 0.0077369554810078536 -0.022980131968060275 -0.006327886036477033 -0.0027208323289851706 0.011936581143241663 0.005019254876518244 
1.0093822902914964 -0.005412416709230367 0.017730990677045304 0.0061563585255769515 0.005691404392436409 0.004349995623215943 0.005951399019122889 -0.005152536095505204 0.0060924319668561305 -0.010997874736268263 0.01763526657411095 -0.02073304666532019 -0.009365051409244205 0.0013804749428356084 -0.0021990281917653384 -0.004653457490240524 -0.0078085566354205585 -0.010140096778501567 0.005560824788686187 0.012163842134362016 0.015467511916671655 
0.9838128915405272 -0.012969701135495398 0.00029817189574079747 0.005507545998124898 -0.0027464225168773223 -0.0018183461328345049 -0.0009107273400441893 -0.006610816793262634 -0.012009566407315693 -0.0013412082487593098 0.003082868923986844 -0.016698818374904344 -0.0030892457990421606 0.009506492611055444 -0.000727224360923876 -0.0007999586141354234 -0.004320165113107499 -0.0057978398321127875 -0.005079133840558864 -0.013109930678894712 -0.020208783808578573 
1.017689542314926 0.003142273703650377 0.021959587110876186 0.0023402369016655524 0.00482639116402252 -0.009475066055354954 0.015251872899735551 -0.011656720149837214 -0.009408814924460624 -0.017282971588579263 0.00798733704004454 -0.006786508875791396 -0.00031566416743870207 0.00972745290958072 -0.008422780340341671 -0.01783794959736168 0.006873035203005869 -0.006604433042339878 -0.0009042097237212836 -0.007634254845617831 -0.006460781077476402 
0.9627640892569939 -0.0042012645849964425 0.003128426769532641 -0.013404130005919617 0.0110268234087329 -0.0024505695890151293 -0.008044814230022644 -0.009316694080581339 -0.008631520455069007 0.004117606195003184 0.004862903285328328 -0.00946666701164833 -0.004084675722849321 -0.005583465628189786 -0.003355749899383214 -0.007550671000445426 -0.00015801987066828394 -0.00680345615370966 0.025232978303671213 -0.007955212849079943 0.0071941431160256345 
0.9952283105498683 0.0051024897513839654 -0.0183993865464698 0.009252412197913742 -0.006444021959520055 -0.0017803342405099498 0.01762871404380577 -0.0015291737976956435 -0.00046729682045702054 0.010534797086813845 0.0006740456652617852 -0.012159657734052007 -0.009395176551115476 -0.019949335638645316 -0.007168848136095657 0.003215151875274531 0.012894835004672908 0.010983295913322358 0.01856812299337924 0.005859003139771678 0.0011803854590025202 
1.010374211721112 -0.004665981815448621 -0.00755618945357215 -0.003018318760881954 0.00764644790438161 -0.010529107341064372 -0.005562915508835174 0.0027658878324685367 -0.014952392272314008 -0.004803996621105887 -0.0003495927033651449 0.014849857813981475 0.01670907558985505 -0.007433595610146525 8.416070277870693e-05 0.01381483238218859 0.011782244627790405 -0.009733331631455263 0.01641124441598746 -0.0035882227460609316 0.022033309667864133 
0.9893622507762774 -0.008135831471102225 0.02029341119112387 -0.005198139700369436 0.002969253847641882 0.007510112909258435 -0.009067968746342598 -0.009855660840793907 0.0006936445228129826 0.008530742648238854 -0.006352869284112439 0.0008092836496270334 -0.016745644840993397 0.0010649375215065907 0.005687486928587714 -0.014191779388530739 0.003024258189573508 0.009516600817221227 0.014423242127552163 -0.0055861123186780205 0.010778605766617252 
0.9874715106827346 -0.03569716558876638 -0.0012599902736063675 -0.006047990946498093 0.0018727001475173223 -0.004219396931876987 0.009747022439005803 -0.029623138761814514 -0.012192632971395513 -0.011803587480697717 -0.0159793002747813 -0.011244689889302956 -0.004686573668082693 0.005889727919399387 -0.005296358260907705 0.005320361191428356 -0.0031838299850559418 0.021931572405200047 0.017286038813856878 -0.0023284506122974833 0.00568603317939181 
1.0241436091097957 0.010576290675731273 0.00782609822853353 -0.0026695148591609577 0.001181401601523267 -0.005624498173620888 -0.011726753722580313 0.016402639918349046 -0.008163305092505282 -0.011155551572205083 -0.010156137822683027 -0.0027708805377324635 -0.007711368697861888 -0.0023737609914819915 0.010809104961298634 -0.001787765964003788 0.002640740379669285 0.0017931745153922263 0.010930747918783549 -0.004877971438507899 -0.019720769315562128 
0.9938197519988244 0.004684123424756091 -0.020218531043737 0.007704076997758477 0.0005227884500846066 0.003846970782495221 -0.011091910948954167 -0.003174464861988758 -0.00450598691673155 0.009125164149791387 -0.021748426080411384 0.0043249174506455185 0.014553355524212006 0.021480362479981273 -0.008344477761301226 0.0059811758832259585 0.007515979356248428 0.0023508112545733272 0.006432016241686987 0.004783193162698469 -0.012945576812875234 
0.9678434945171481 -0.013000185503470983 -0.015403639644485932 -0.015248469410414425 -0.009706361060026024 0.0034172004006716265 -0.007438364871814386 -0.013116366602665491 -0.0031993191812885054 -0.01173573930346293 0.002276320175058847 -0.0011461281504650948 0.0019167167853322293 0.010778653338038569 0.00294058268248413 0.01064668265810167 -0.0017414612350179104 0.0004355599296832107 -0.0019514700584992554 -0.0017016284747840638 0.001909406939853752 
0.991642700116965 -0.009890749857623683 0.010395868041082872 -0.021821024762761727 0.002156647066240181 0.006506964493772891 -0.00022879893890669347 -0.00821799567930388 -0.008941318581093056 0.008545270018481007 0.011554997371757426 -0.0015908841244395677 -0.011998478265256525 0.0015817038155833574 0.015303339262139455 0.004893908708748017 0.00965716875908085 -0.017710400130711047 -0.006805176436087082 -0.025855197001112416 -0.02395473071094153 
0.9888572860949113 -0.0010612979387885511 -0.011797076188923153 -0.001082175310814841 0.010044079571560916 0.0030636032154200544 -0.00962231667059201 -0.018879614731135797 0.011023662426392864 0.005443277937925492 -0.0037925276198269293 -0.014501086205913529 0.007695241253358606 -0.0014411739430887614 -0.00644057936370629 0.0012665224158928557 -0.015454515119873042 0.016079505811374573 0.005351068867572364 0.0070442258860011885 -0.01675560829426035 
0.9769514986057425 0.012994409575539745 0.016718175533830777 0.008579649369159404 -0.0029339257045298064 0.0036966313752127547 0.020948675368545736 0.01891441908351786 -0.008929795533418284 0.0030103655492078035 -0.02140322455349686 0.001921221969090454 0.0018775440428962069 -0.001977831466218989 -0.013676668078536661 -0.014532010638834471 0.005177223897199858 -0.002620886676753767 0.003733372214675996 -0.02387759673563084 -0.01860454075802812 
0.9772588200975958 0.0020506664930623393 -0.005135485151398273 -0.011645169340089197 -0.019944282172625047 -0.01147357957547831 0.0005896085931489558 0.011024180320371463 0.006655274766992586 0.0068094804808688245 0.00538356091272855 0.009212335506578828 -0.01563370121273729 -0.0027480224117163404 0.0007419925455007612 -0.011814298424220254 0.02386120043053828 -0.00873636545992207 0.00565984114940955 -0.007801496537651521 -0.002610137342263146 
0.9870469322246653 -0.008067805572896459 -0.00762395956938153 -0.003196934989741001 -0.008315116358797064 -0.004346093820725635 0.01390151159483966 0.017592351881800923 -0.00493929042698413 0.006165127088424693 -0.014051352343882129 -0.008256479535895481 -0.00446929831915238 0.0023239251703099395 -0.004124512540209105 -0.0011778202134851527 -0.004146121927131038 0.00112930459153744 0.000749830142113508 -0.0023117328099544576 0.008475328521751138 
0.9870712890814594 0.009941978953170267 -0.007354929491707982 0.01576950251293293 -0.007184488592660204 -0.0019954577411559187 -0.026658973105397023 -0.0010733710860474659 0.003225993998020909 -0.0012450500219229747 0.007586642831415339 0.010077855537689669 0.0049655140885971815 -0.0017553504452221106 -0.007902684657343322 0.014792473401322068 0.005147120802226226 0.0016660670393641756 -0.0006387220362586173 0.006130569389848823 -0.0032514008096260374 
0.9517436010832642 -0.007707828867557342 0.0035378048160280263 0.009398640632364674 0.00449858330358844 -0.01820265436125568 0.007672149412938985 0.0032706620118810336 -0.0061700992656539624 -0.00655326979883225 -0.014245630241420485 0.0053550470897326344 -0.007093692525570103 -0.004587519809259286 -0.00851633588250266 -0.010828017859722197 -0.0027268888296365975 -0.006431866855477387 0.0011667429762081767 -0.008739643077187937 -0.015370470093345289 
1.009138365609345 0.008016120132890638 0.005482594183258716 0.009885986547777212 0.020018219172153972 0.002089839667591666 -0.002633920422204559 0.0004222310445480439 -0.010912827273688261 0.00873158271990695 -0.012473726850470566 0.00019166376778740411 0.0057867685856377105 -0.0065071213965004465 -0.010547515964305395 -0.0025139503507809148 0.006396776428660742 -0.002020566200693151 0.0014405724315883725 -0.008988896242278705 -0.0014505395770553731 
1.0194923769310016 0.003572787054122646 -0.007342811859050657 -0.0004242218012406015 5.764948032562886e-05 0.005051570029937884 0.006959545864410113 -0.004720542799421274 0.004834033755873697 -0.0008169342876504631 0.01276845278174186 -0.010721807226279894 -0.010530050417126069 -0.0076606709572893195 -0.0039128892127104 0.018213395627422985 -0.001704273292744313 0.00021779041053638994 -0.009844773062407018 0.011729273126277712 0.008842101648585468 
0.92618277436459 -0.010143325717732235 -0.0020462287338897404 -0.027584805559402143 -0.0064654718654773005 0.0047807664094610255 0.005330536351075606 0.007992276065112755 -0.008236205046788396 0.0008250574852268975 0.007569917157743617 0.0064999990474158865 0.001555716934243199 -0.009085445509479366 -0.0033992059732286762 0.005610664134177834 -0.011562981565855533 -0.008990833743302127 -0.010401270783030938 -0.012454896880674568 -0.005220479782436155 
1.0666991854919947 -0.0007433119287656815 0.025535699186143065 0.006647162448647619 0.0035271123665265194 0.0005941884532409649 0.022382928916988964 0.008727408702525896 0.0048737457370035655 -0.01130081419990337 0.0037898902760693212 0.011546532494763352 0.003067724751770432 0.002850574139605232 -0.009141857005279964 0.021768045359262352 1.5556824160949246e-05 -0.0009126276327428033 -0.009288114139974673 0.004299396636390283 0.008851091536732561 
0.9829721414931755 -0.012862479814235366 0.0037016793606524413 0.011504352709084682 0.00505258354542102 0.0034538227116730404 0.003975554854909953 0.0007750488904055058 -0.0017985227914393393 0.0006295189977843651 0.010662161254853624 0.02155749561962268 0.0020358485571969533 0.004034758078709948 -0.0011258836048125298 -0.007483546874431319 -0.010382873417104917 -0.009458046401411886 -0.004142338404096521 0.001292895656629459 -0.021837449819364294 
0.9462716803342999 -0.017024398201683826 -0.0030318232838288535 -0.00932718108031032 -0.020922831567584035 0.004446599003260439 -0.00032463164330686023 0.01802602459258898 -0.010055724049260438 0.006260344695607949 -0.01132452410968999 -0.008818472163766054 0.006886344972252646 -0.009352339926294875 -0.0036327862177646456 0.005051336667918234 -0.009660714897683102 0.0005453302287645533 -0.005086943461183456 0.0021795475125286463 -0.006001364824593489 
0.9814585668753129 0.004818145306769083 -0.004497293407407711 -0.007281163679876903 -0.009703317695441109 0.008225089982839367 -0.01307659073810612 -0.01910491601240144 -0.003662314442693417 -0.014410931247608463 0.005699546595267921 0.0017097722925034158 0.00330416436067981 -0.00033839643405436805 0.0009280726003527872 0.004333309018597552 -0.00016708292778911762 -0.011647979158455935 0.000744521373154176 0.0013269018708892883 -0.010874509971506767 
0.9642931221495703 0.01334863569549116 0.00680298054094293 0.007381709507059786 0.000674022806480772 -0.002586339239546382 0.0012429506099426034 0.009138947657560155 -0.01527205898539229 0.001990361100408765 -0.0007859292157429794 -0.007357053690583446 0.001977943956186178 -0.010597207121478889 -0.0054286260263242915 -0.01058417489325039 -0.0037601891987135696 -0.011930297695018906 -0.005515737544866334 -0.01663936173247951 -0.00487998336460215 
1.008284786167168 -0.004137948310111508 -0.01167807757930003 0.001903656190646433 0.017357044062569105 -0.007832558902946618 -0.012166471018738108 -0.014789976369275282 0.022566811082827706 0.008829880564958597 -0.002312544151381439 0.0017042533717220379 -0.005762660489109004 -0.008758487223004438 0.002789747904841573 0.008895897764712163 0.01795021509076277 -0.004104657464771473 0.00011464069304067272 0.017967086146007175 -0.013230792324316284 
0.9735779165897949 -0.008175718542205826 0.012986675947792299 -0.0016624537141440503 -0.004682094052515418 0.01655456671879763 0.004797832085903257 -0.0076837695528820405 -0.012626742571979549 0.003056780985813727 0.0032459355238155727 -0.009546671626391749 -0.003945455046253479 -0.0014118524603065387 -0.0011398737065363698 -0.010898123804097142 -0.011814991097865053 -0.012232987486754257 0.008185190095316952 0.010027733084336535 -0.02100286490778367 
0.9485754389828949 -0.011525720917867887 -0.016749493501949275 -3.134225177302043e-05 -0.00814840665923989 -0.010930031049058405 -0.0027286698422896195 -0.014856879189283507 -0.010873723268568591 0.004579341695967045 -0.015352891039899137 0.005760356499471977 -0.019580326207441025 0.012100010418640077 -0.010266381169681555 0.00103144722883654 0.006281993835005915 -0.00753480938240498 -0.022264879580411547 -0.016003682787327098 0.00689536791429575 
1.0379880874729335 -0.007218570953727187 0.0007866676314081343 7.561562148161238e-05 0.004792184187805102 -0.010938258727383831 -0.0015163778733778659 0.0011349654429762875 -0.003145899046199833 -0.007946035259428828 -0.010225785057920909 0.002311297262326985 -0.006556808598513714 -0.019830591600711083 0.01645580355587601 0.002116985870680998 -0.006384665589201802 0.013585152132953408 0.0014853252238170972 0.013902435284203643 0.006935934613272636 
0.9856139385758642 -0.00819542411165088 0.0029239703732415988 -0.017890379335619412 -0.004972155485895684 -0.010162935798656202 0.013269866870266598 0.008941155507034662 0.0036356774909760696 -0.015317259744953205 0.004520494685158305 -0.01150513681936299 0.01149271970175461 0.0004596040894569772 0.0025318219777984135 -0.000796653980641248 -0.011487000422116827 -0.005051263757982206 0.0015537033287756597 0.004733695822300983 -0.013228062272068311 
0.9555067152694168 -0.0020951426535356686 -0.002343396662947813 0.014163914717280221 -0.015496001534440324 -0.015577028013364792 -0.012889794885303944 -0.0012162764229705126 0.012050671231648111 0.012334934321818584 0.005462226891754939 -0.016849551345522358 -0.006724289323008077 0.002876058688972536 0.0015003168631584163 -0.003881342105557808 -0.005240474250710253 0.00584986417377774 0.0016994003289775926 -0.019070815417852615 -0.0007251179100064416 
1.0048280257000377 0.002202270479141686 0.005384217390738191 0.008119959170737732 0.008760303071969254 -0.011103617159729778 -0.007279535768359852 -0.006359000759341849 0.010854137274266372 0.016056186936876177 0.010802555059823922 -0.0007577134798935749 0.0021483275759368345 -0.006605227808133852 0.010681520355728771 0.0007808243498537352 -0.0189230311348611 -0.0001875262611504525 0.010020760056548365 0.003366506851803151 -0.025887382048148326 
1.0023236604129262 0.011336193631760852 -0.004279260111797664 0.006239102913958277 0.009239364594118579 -0.012699834332178968 -0.004239242583121511 0.023433160306567183 -0.008268958168315412 -0.010309528223503752 -0.0012771686251788167 -0.02027244024675398 0.006964073220895063 -0.015156901054459862 0.0023554724089536257 0.0031035791666040274 -0.005438978784708711 -0.010983814368589903 -0.01464132321942678 0.030501999567157045 -0.0008075144055741522 
0.9911241379996528 0.011186511785308122 0.003308987273285722 0.015669652472321854 -0.0002947501534418723 0.018190304461931397 -0.0004245691432980504 0.00539276727187467 -0.001265955680572752 0.0029833501929296055 -0.005327688692174353 -0.00988833666696499 -0.017828001034463744 -0.0004175034187953318 0.0062966344638499495 -0.01811307736747359 0.002070377794727046 0.009039586988669473 -0.006835053310328525 -0.01194930752391291 -0.005074176352906259 
0.9936843172996401 0.02368516712574156 -0.0021237442026722235 -0.01577182453445442 -0.00531775446270219 0.020054507309265543 -0.014859266503777082 0.006425784306150437 0.0048004621474619525 0.010697533746045785 0.0014234844109277678 0.0061744564715738165 0.013319232486890811 -0.003145572912580706 0.0008916934235156963 0.009920089217231974 0.013597463405449102 -0.008785101487767635 -0.0038558872484131847 -0.01829147147534611 0.0023597012052708815 
0.9824551001035413 0.005712134391063545 0.007611037165281506 -0.0018140025776070732 0.011128572993449144 -0.0021326658907791754 -0.006884991518477196 0.006495363318810382 0.001291129206022479 -0.01336010020632802 0.01472441482269455 -0.0020460771355732877 -0.015456935250083135 -0.013166034194607011 -0.021341585640399056 -0.0037469165950639273 -0.011911192139609256 -0.008402488570309176 -0.011094355956457413 0.01005053892871534 -0.0096227670590415 
1.0442168794887559 -0.006335902490785334 -0.004516919195546585 0.013503009631451592 0.01728485361729398 0.0012987916009690604 -0.005017060505782465 0.00638784704106721 0.01739369565736682 0.007454761578608997 0.006378238955113547 -0.0020313887024212126 -0.010780986123844758 0.010656679429382865 0.007474962442003093 0.005757832919232771 -0.0033945386602933 -0.0024739506492788316 0.018909971736853975 0.001876963445001012 -0.002982118601382701 
0.9949349492827213 0.005267686972633932 -0.014371251536445315 0.009597648185241382 -0.009133703638447316 -0.004115869292535725 -0.014896732602981948 0.00628805427693717 -0.009297220145021363 0.004930516822015938 -0.01297247635631872 -0.010757843636461149 -0.0065232684286017344 0.003726903640781591 0.006215814763770073 0.002320708939229014 0.004650733611361144 0.005456714677815047 -0.011324840674844548 0.0034990325194404217 0.0013416481669748408 
0.9800055947358637 -0.004436928194733778 -0.013199916475150057 0.013807710888321839 0.011423993315817345 0.0018734455288456785 0.010736508341632185 0.020310174936807705 -0.010820704024991254 -0.007359146085661727 -0.004195229600819555 0.005941312095201403 -0.0039853419589054185 -0.01143159774849277 0.01824815484436787 -0.00030664174358297993 -0.011350362988354146 0.003729285041846575 0.004938067876518191 -0.0208671828856251 0.004227785205879047 
1.0167450869004235 0.005609393047909387 0.010038602670531352 -0.008108460263233816 0.004079659627835728 0.0030140075606997566 -0.005392915488603722 -0.007631052761853068 0.012663458657339791 0.011495233837088005 0.005929200746308616 0.004577260672215805 -0.007078266928379484 -0.0005705303879276687 0.005738679768854824 -0.011517335713518921 -0.002773665868681504 0.004656429507238064 0.010485708965887654 -1.6255106156284913e-05 -0.0036131571317593843 
1.0591773341796322 0.010724282011655612 -0.004876404268340215 -0.015437414278302156 0.019743974468034196 0.0039986979674514825 0.015099264263779428 -2.0548897905008494e-05 -0.0028184670116281245 -0.0033676966621660575 -0.02057130393030592 0.010793737655515874 -2.4956780270832324e-05 0.006351423951054726 -0.01642084903892722 -0.007107966915478249 0.00551225425778777 0.01931094194176065 -0.017835619250821843 0.0018422573172228738 0.0070025667337638995 
0.9832424302757333 0.0033312923999696178 -0.0002854365198733608 -0.005681398115929182 0.0027767606919395786 0.00219947789425329 0.013290488830306573 -0.01746029978165376 -0.006811040030723997 -0.00019516315150594967 0.000506093701273798 0.005657556385442218 0.010188952458652702 0.003473863866491787 0.002305892121641419 -0.0069268027471012005 -0.0016741197395325946 -0.01932971015964518 -0.0010377564280093685 -0.009457104910962763 0.0010929921409131938 
1.0417360085500202 0.02001742058207472 -0.018001968694200468 0.004549553157913836 0.005842809477929144 0.01771156315474382 0.015400462433335626 -0.0018175022184806946 0.010639488717112875 0.0021622629901162185 0.01100481598433935 0.01444859829907422 0.012605720030878629 0.008119399871465267 0.011857454470141868 0.010461425433107081 0.013557443584537933 -0.015983558284787116 0.015602481245339838 -0.005007728286047743 -0.003741107152493295 
1.0244196235700929 0.004152048489356515 0.001005535643829523 0.008956258776654872 0.022833738141681974 0.011972792333160296 -0.00010076109391346757 -0.006847985007698846 0.009075835835231536 -0.0016528504669023564 0.016666705694793556 0.010196326753628825 0.020664544225777452 0.02537633975651931 -0.0031118091137138206 -0.01014237296092402 0.003634801142830522 -0.005568139960162184 -0.01283562626381354 -0.003282039496797837 0.004587170418139856 
1.014256667450313 0.013950999362948571 0.014075271186803837 -0.0004779678243486996 0.002055621418512738 0.01425628558192072 -0.009095506859592904 -0.0001998104723489872 -0.002122750458297033 -0.006899012817015914 0.017313350220961445 -0.008422348985575387 0.005160961626263765 -0.003045391087263122 -0.0019473921979743663 -0.006996423148228994 0.009573904665475452 0.004487472899168998 -0.00020369677834356786 0.00035962468062311013 -0.0036198819312482757 
1.00855853451485 -0.00233155558284631 0.002347110784910645 0.006879047796025107 -0.01636579212431023 0.014011340266683874 0.021453639987945222 -0.012533442010970244 -0.0013505628272666261 0.006859811167983623 -0.00527145674625924 -0.003467418711630002 0.011498681092730554 0.010326429336605372 -0.004500653700902762 -0.006570194952996071 0.003303040554373949 0.0014234889273049664 0.018365675265929426 0.011440879953127002 -0.008110101829462635 
0.9747766782734563 0.025877408575434902 0.0010544035928916917 0.009990376132112417 -0.022148362651092 0.007991236792495552 -0.008372257810422407 0.013474904171035779 -0.0001930331453163161 0.007394616521020272 -0.004714630723995585 0.003623556656741831 -0.007542418170773686 -0.015128297590324557 -0.006003599756816495 0.005744384013742675 0.004850796961477468 -0.002082226451894714 0.01815261639455824 -0.011293678015723932 -0.018397607509325124 
0.972410541301233 -0.008281163816772004 -0.005294499042913787 0.017937102193158742 -0.0018042505026863807 -0.0020598882550392924 -0.0009729404556925169 -0.0020859824616472674 0.02594814601949738 -0.013969734180277112 -0.010054398718712942 -0.004278132154922752 0.013195422689788128 -0.005057203541165944 -0.003883323258867368 -0.005336311676690815 0.00017530532321971903 -8.113010668334735e-05 -0.004774412964018737 0.0018129772472140907 0.015708747826349033 
1.0324008957229853 0.02625534967582434 -0.00028757542372758344 0.012031355657328718 0.009506968655401567 0.005777250363790677 -0.010334330161122887 -0.0029214065832737814 -0.0033456296913422067 -0.0020612897018305603 -0.0011441855099577237 0.008558535725520785 -0.005133970858021755 -0.0052483618202452545 0.016297394053225587 -0.002779193176825332 0.004589573656507347 -0.012161730422644903 -0.009031791579508144 0.00012414022212847912 -0.002026060911560245 
1.0107032922587293 -0.005055604209829113 0.010947543964108975 -0.006512277750423722 0.00992010773930345 -0.0030783660537269833 0.01568390975798425 -0.005509200723376362 -0.008578736812838435 0.0030029492406184024 0.0029960876405624053 0.0010471791906692541 0.002771940101468235 0.005506684553256465 -0.0028010540716021416 0.007777141151623238 -0.010477964511899463 -0.013339600474213942 -0.002671791382523331 -0.004931635113943119 -0.005354833602877361 
1.0286189899168126 -0.0015338785988120664 0.0010443136528478505 0.0069452523399823945 -0.0014723033250708594 -0.012185705037494443 0.01589577007184235 -0.00168180056026145 -0.008087826994579099 0.01017560590598325 -0.017330162046288778 -0.007525860317876431 -0.00578372960348292 0.009531483543019675 -0.012886769696792326 -0.0007994716236548986 -0.007715876534948655 0.009679957489005795 -0.013211065666054326 0.025456329893297717 0.001047751663593017 
0.9982425291399448 -0.015380311925591821 0.0145601428129461 0.01801331054796995 -0.004902226257639977 0.005325936213234589 -0.0004072265820358849 -0.009861399898158736 -0.01576859417004817 -0.008421639593796168 -0.026322861144990356 -3.180347655249574e-05 0.013589805879366916 0.006710526279114323 0.0037198543809934086 0.005386941789002767 -0.016392130204357404 -0.009394680331029281 -0.0059542518907164145 0.016332252051037992 -0.010674908548805278 
1.0509601993625264 -0.0019504303899213855 0.007079322421771319 0.006313816878850097 -0.003258032383913971 -0.002949457741981758 0.016847160012614694 0.014272961735853872 0.015118787877793766 0.0009014340532456684 -0.002651259648008191 0.008902629595608181 0.0138446976205767 0.008619075811012905 0.007969151009127378 4.822918245741056e-06 0.019575979804439078 -0.0008302702052792304 -0.017165569098423775 -0.005177940587470663 -0.014724457153054062 
0.971947336262205 -0.0017506447391365315 0.0033519933558002987 0.009772784220495562 0.013306704585811043 -0.021511431830307938 0.0004614118062945347 -0.001240250708232322 0.00600316121649543 -0.026539070197800486 0.01174049863946588 -0.006840322770720089 0.010896123418063295 -0.011753859732165257 -0.005456662569721873 0.0011969241497000803 -0.014170385585533699 -0.0007544620170397816 0.017335231370048294 -0.011538395444967028 -0.002922919583539096 
0.960263688520474 -0.0011651632034010023 0.004816302458824368 -0.006197758026350012 -0.02546617780719791 0.014246007987503584 -0.00792263616947245 0.0023504854225589603 0.015933087760902805 -0.009422707149127766 0.02633716288563786 0.0008909609047137207 -0.008411481200998565 0.0064589236656085736 0.013876237336591078 -0.011005921067763111 0.001540028775251843 -0.007513075547471258 -0.005678978024371616 -0.0014677914288813566 0.0029592499737155047 
1.0092937108217415 0.003300342801126448 -0.00042390893024441505 -0.002101389980729859 -0.0036599003583236553 0.006512548937548295 0.006424162066278744 0.006481481172281133 0.0015845617568269342 -0.006935522669599303 -0.012627233011807421 0.0005073881979387232 0.005955540725522887 -0.0020615767644730633 -0.00822758315130801 -0.0028605485732504233 0.007347639252126429 -0.004649882672384562 0.005219971880405544 0.010530250000518644 0.012580079297721513 
1.0303227252768787 0.008828889123672147 0.02625362687943725 0.005590277588259548 0.003198537627929693 0.013740329488613676 0.013019092590689882 0.006891665805512177 -0.013632896332676635 0.01605361209339558 0.0005692456944098489 0.00630867053612473 -0.024910786700905834 0.0016997689840778966 -0.004875748232523178 -0.0033922259652549394 -0.010352868688625803 -0.012220818324798783 -0.0018035363395467975 0.006491664084437547 -0.0008226069842990882 
0.9832987142968558 0.01420398088794165 0.007759744929079786 -0.005764219288714476 -0.009026245579230213 0.00695181065069333 0.009163570019095913 -0.004754492888979648 -0.007255276750958681 0.007671137409529858 -0.003527079887981878 -0.0002803972549004565 -0.00778039241137139 -0.013002142899619148 0.00017438141866636594 0.011766664741997175 -0.008507281222854823 -0.005221710073304437 -0.012834918824520876 -0.02290978990855485 -0.013906485190493123 
1.0054014610184512 -0.015221586636315633 0.0005866079697813492 -0.007870830933571087 0.0004161296092729106 0.00891210666171259 -0.003375654884522834 0.011907704946141382 0.006433914720298525 0.010872199938329965 0.007988031285679766 0.0039747041478222596 -0.027349416314742258 0.008383873380381109 0.009199480224392381 -0.0012899033530268662 0.015806618568511368 -0.005852175331736977 -0.0029101540554473714 0.001992042794708106 -0.010177921015375749 
1.0087951316608093 -0.014622913430962335 0.0162849813630559 -0.0065916371564849075 -0.014041026436809758 0.00824624220184146 0.009867255295672665 -0.005892435953417632 -0.013646929722348673 -0.005076343253746536 0.0015218219223867818 0.004884066384619707 -0.0016346640595731993 -0.000981907799240049 -0.01059624777071297 -0.0012120087149533525 0.0032908481982851056 -0.002125061263682307 0.0040263426306323645 0.020826611651266466 0.003216067716099714 
