column1 column2 column3 column4 column5 column6 column7 column8 column9 column10 column11 column12 column13 column14 column15 column16 column17 column18 column19 column20 column21 
1.053899500625654 -0.001474672478680103 0.015941011186360467 -0.005645890109207343 -0.018224474676584133 0.005437563517928983 0.012502429183166016 0.011970893840289243 0.006378108342968429 -0.019502999371657278 0.009567508636838204 -0.00891568342616315 0.004526914713572951 0.00879684412796999 -0.032785817213873775 0.003186859410815256 0.004136510920426054 0.01081968372109724 0.019610163444667914 0.017357809314413285 0.01232696569507575 
1.0130613066776915 0.010913656479860555 0.0019331850911104504 -0.01832249532973592 -0.003196464756433382 0.0009400675411556745 -0.008046933641089158 0.017942482968748858 0.003007062570970613 0.010315494813269965 -0.0027101301148770777 0.02344157565770931 -0.010910582418202861 -0.013965857184715456 0.0065079347475335385 -0.0037485040727761173 -0.00881361104898821 -0.006111699563766649 0.014791041151600104 -0.0025527979704884434 0.015165412162422601 
1.0533814617670498 0.01742647916998358 0.011697666949398422 -0.004214990864804948 0.0006174861697891375 -0.008172511690095155 -0.005047609123797017 -0.006687320406871493 0.00861176254152277 -0.002706680550165483 -0.0033326993728736583 0.009463891950694721 0.0018544334452734702 0.011930991109852112 -0.001502883150683008 -0.013284330877427607 0.009906968397094776 0.005877344471648758 -0.016017853368167558 -0.007226236194111808 0.01244161250871208 
1.0234501113304741 -0.0003986018753367009 -0.016556897291552134 -0.012828039041398922 -0.004791430792410393 0.019089710120727223 0.007976865187499498 0.015567903719762978 -0.003070941358894088 0.0036540921460271837 -0.006177980941835373 -0.010979079965019836 0.010815350491907048 0.0017332629592070742 0.007726033981134087 0.006157551881813407 -0.008370691631177788 0.006205588152998104 0.015923372634794392 -0.007765642113761173 -0.001015406328512255 
0.9257299224377225 -0.005915341865559653 -0.011754417724336311 0.016247505439090745 0.006219345827319599 -0.014812598600869697 -0.0023974426467691344 0.018391781884694827 -0.0012475020581315843 0.012938316862388333 -0.020067643720394757 -0.015833557199463725 -0.004768177909720792 -0.013117602493776612 -0.019787305539295103 -0.0033574763745716292 -0.006708962207208691 -0.005907353038789516 -0.005292137011712644 0.005107973289791273 -0.007611238676360318 
0.9619773779358577 -0.013083822326744168 -0.01259513684474719 -0.001960472099058568 0.005911689309330724 0.0016321093794445774 0.0008007787079823731 -0.003460551562648822 -0.012634170820732713 -0.0042121852587286256 -0.0028264611286145914 -0.005487863755997698 -0.009386622010483944 0.0009649082567300146 0.008752413193048135 -0.0036320022555262105 0.0032987135051459806 -0.015457101343743283 0.010800902558298228 -0.02849379459347693 0.008095886579052696 
1.0085839747333185 -0.0027571834103184882 0.007004763519354528 0.025101130407210324 -0.006141964474075702 0.0016320989439969097 0.017178140596253208 0.013024789949118869 -0.0072391567443894165 0.0036719162629118875 -0.024614576118842175 0.007795864214601566 0.004249251592464594 -0.005438348173528446 0.006631783663457569 0.025155106449996835 0.0003968867433902486 -0.0009038916165281888 0.013156002700884356 -0.0023937568888256484 -0.003386038746770346 
0.9805100224165625 0.0017234308105570492 -0.010890389572609809 0.007626409196407289 0.004339891129618627 -0.003747653700573806 -0.008680445297329297 -0.0014785347394143057 -0.0029853537641466006 -0.0018608793974259274 -0.012019477539264772 -0.0022575314159202216 -0.012947155795055355 0.006337382823659623 -0.004173835353804065 -0.018931450664011588 0.0021530757320041955 -0.0004080591047078235 0.00598021642728768 0.010904018373459624 0.007121777249922292 
0.9780618011171219 0.007192184697495257 -0.01609144141241419 0.0021801039090400885 -0.006668955257404371 -0.007674987736676813 -0.007992565504969854 0.025780245622894507 -0.008029774203792741 0.00039969476263082505 -0.0028377743960824793 -0.007760412759088431 0.010847083615106654 0.00972164608403687 -0.005568825304548287 -0.006071953048036322 0.007210148464905412 0.005640636698851632 -0.00217009894381921 0.008943861102451616 -0.015730721785809965 
0.9727972793549436 -0.003962558832065783 0.005332806756253634 -0.004925599071816965 -0.011351892971930904 0.009437137088630669 0.003629075893689312 -0.0044570537252224774 0.004780881591307151 -0.013595328284811284 -0.022600364407615956 -0.0011014587127595435 0.005748951791141955 -0.004214528372166639 0.021525441617582776 -0.005123767100309183 -0.009581573355332093 0.01457346164646676 -0.008169180811039766 -0.0019828322288034696 0.008310101878436997 
1.0406021228882019 -0.0014204087945122773 -0.00017623879280026316 -0.015404442026704619 0.0002994812835452948 0.0014145512893653598 0.009454272097403323 -0.026042724289252157 0.017669453846429144 0.014456016523385056 0.01635828796576918 -0.00491607422586852 0.00016525576493263639 -0.007926080441384794 0.007551880695630465 -0.01684382659216443 0.007760825110642842 0.004680139325600562 0.019319969468187707 0.0022999616972106214 -0.017236178400774783 
1.0337302929885412 0.011017149997193405 0.00982171752731284 -0.004945185665967089 -0.003874460483425595 0.02541262674267957 -0.004191534872412644 0.0070569145289994485 -0.008301176158087084 0.006878265060672409 -8.783363635883127e-05 0.0007094726029028333 0.002039453049012322 -0.02311492317190687 -0.024927543115320257 0.00239911175050375 0.019001751666493736 0.009641437791837688 0.022336847840976573 0.010856727846232917 0.007910254042830515 
1.015233517548601 0.0041688685244865055 0.02276142871217969 0.009466375478444648 0.018251887782671783 -0.010010233152510118 0.003557095284370067 0.003587462878430847 0.013237527943376893 0.013111267839701565 0.015328933263759198 -0.0031543410716216315 -0.019711004743964908 -0.0008745456752224365 0.0006076201424335354 -0.009708443924000946 0.0042706611174835795 -0.00730989218132258 -0.02179309856238126 0.0021903112362956375 0.006893502199295685 
0.959551598061328 0.0022751527639727665 -0.02018180801612204 0.016731472741758863 0.006444278644260357 -0.02168938855115326 -0.008463298105171733 -0.008294811038159955 0.0003674696060770005 -0.010878263008105163 0.005655356368752934 0.006212563393993093 -0.011337592799126002 -0.006522532674675099 0.008077975664973482 -0.015345101502284178 -0.005506234230301871 0.011099063216561452 0.0058186453170104326 0.004162442754551505 0.003690166729399854 
0.9911982809982816 0.008618927452605164 -0.004167761504082382 0.009784189689875412 -0.0053735182108915385 -0.005379759510643912 0.007536583152535262 -0.015600255587566435 0.006331512825878447 -0.006861748298782851 -0.007673722522595562 -0.0002469613807997754 0.014072352609620411 -0.014351079172174009 -0.0003315921174117198 0.0103238921241698 -0.006499836537613951 -0.001167279968846325 -0.015805494339734417 0.0014598564560394745 0.005754400185068081 
1.0556641613185145 -0.0018072047809286466 0.009437402330471325 -0.007842224726327696 -0.002745018354246707 0.0010532030684057307 0.00862098523870649 -0.005598796456194618 0.006704746220299677 -0.005857218871632248 -0.007145594523755738 0.014526890725846474 0.00444423936822565 0.023020186780844578 0.008866395097594444 0.01796038432794213 0.007471118152829435 -0.013288982912658653 -0.009998066908163213 -0.0075116963465379 0.015526243897527603 
0.9825543244294839 -0.007021486121737752 -0.01719020251299812 0.004695452639793273 0.000991564182065961 0.006814050271968689 -0.0027914239802718337 0.001220522413958383 0.00794809962556731 0.008116062506780191 0.0046685731489174535 -0.002391053218657763 -0.006795475307237295 0.011454450247244488 0.0032629747282289148 0.0008678438016928788 -0.003474092215298128 -0.015048856563772018 0.007917833583598807 -0.008424053153223489 -0.0023755171306148433 
0.9969458508377119 -0.01222752765192131 -0.006926848506007855 0.012984781013768128 -0.004852666666499663 0.011877910390504141 0.01700924894069266 -0.008442340996480507 -0.0014747262918226554 -0.0027860483993459497 0.0013233117400781658 0.00033414083638657623 0.0014060456764327246 0.00915950360410354 -0.0002638795110342008 -4.83798336975873e-05 -0.0052941063119019876 -0.01799105269229007 -0.005789087601776648 -0.01269930387143696 -0.020280518563864047 
0.9717354913950237 -0.006821767584171044 -0.002541111671373896 -0.015307355879058194 -0.00023665271617169718 0.0004680842362120444 -0.0054871140652447215 0.0029815098200117757 -0.010802765465505293 -0.004604317085740812 -3.0024471368756052e-05 0.0012291950452982454 0.001842381443669561 0.005550169070441329 0.019706898961459655 -0.009609978525074425 -0.008247461348986658 0.012463879362620774 -0.0056734993402412824 0.015116487177502915 0.0044189767957752875 
0.9990713033725517 -0.0034024500195926695 -0.010253477642808517 -0.008689579538026479 0.020210266797442613 0.003015626230855672 -0.0034435053018854107 -0.005580771538420681 0.004623206377474996 0.015780407683472643 -0.0023419490446236766 0.0014575452964016903 -0.005753206437360408 0.0017776728762058855 -0.0017274315603455607 -0.008924743591084605 -0.0030715291005037845 -0.00803100027416986 -0.011925956436609495 0.0026736442723333574 0.0006297876484946648 
1.015271209841504 -0.0043316590724718105 -0.02201497480573586 -0.002402996573715887 0.014914529418107296 -0.010039099705636113 0.00883600388726403 0.005231521242387639 0.010969424897202732 0.015825854057200023 0.010756084682180974 -0.005280232766371597 0.009492340086005654 0.01907242053062232 0.007030431597123168 -0.008078525299737373 -0.010173053379262309 0.006556573014089675 0.0003154418910008524 0.004012514783074206 0.00212424770873236 
1.059538331440072 0.005055670441600194 -0.0054196485975972555 0.0017409688536860015 0.014575246690906454 -0.009530229931583667 0.010026057327922465 0.0024658004833396285 0.0011096686996922183 0.004643451921970223 0.001094584667280725 -0.002042621020816505 0.019042056582749826 0.014163653369569113 0.003955351264372558 -0.004179433935007253 0.010830020001447907 -0.01676317116272988 -0.0068827425884755225 -0.010832721781421752 -0.0016805527723858973 
1.0355160283082854 0.02250750777798977 0.004030494863169566 -0.0014543980273924776 0.01032870724071767 0.009048369510697738 -0.011579854298120924 0.0071486140328622105 0.0059258408069364455 -0.0007971657975664583 0.007348264542979448 0.015416930219902791 -0.00777607546307567 0.007238451942099321 0.0038233865476390056 -0.0060900966143122475 0.0035319447251837117 -0.003634443070267158 -0.01045960536077351 -0.00468787706952462 0.011927399466864724 
0.982390049131179 0.005706985835412205 -0.007256846956931334 -0.0016990066476398164 -0.0071712785271352995 -0.0146571377231174 -0.000906196475265713 0.006243946382922498 -0.00915874056041375 0.007039497951104097 -0.003111568559748131 0.0039834235828484985 -0.018558517674108335 -4.875098413785413e-05 0.001976087311049475 -0.0021792002910276686 0.008056496656131118 -0.013064252493733853 -0.009589159038779708 0.0029586639961135535 0.006659660313568433 
0.9754370123901694 0.004693387128863637 -0.0005006196690181676 0.004936503704539708 -0.009597770919853707 0.0018785668064959283 0.0034214722936744624 0.004231993344672716 0.007121410679836963 0.002859210710372184 0.019080546866119225 -0.0011623874647874006 -0.015030765871311002 -0.011996423891628463 -0.013479353495081952 0.0056409699324513965 -0.015747599832306832 0.005922240254999745 0.007015696708570277 -0.006863843676730555 -0.0030264866930977503 
1.0029221346834218 -0.0036080948850902767 0.010601804224018662 0.016689031640034498 0.005988181171766946 0.009757454066264815 -0.012000585351212385 0.004707930089792398 0.007655567049413276 0.007140216938781147 -0.005726375142976833 0.006310002799555257 -0.0037530300048383004 -0.0018226563273598952 0.0012878953806058726 0.002968925347300636 0.003214543673963368 0.006063907895092163 0.002793653120785519 -0.008669146073662114 0.00475649404473078 
0.9543230824039488 -0.0038577914657140578 -0.005037640399900992 0.0167374720164669 0.005751461380648621 4.793824811849366e-05 -0.01624425394390423 0.0024822815757177606 -0.0007636645719769502 0.002792014780108715 -0.006279419366467729 -0.003110186861397396 -0.003763932481845834 -0.012364874517540017 0.0035038385229991136 0.003826688543887961 0.0010061422928758067 -0.012305308554263206 -0.0017028210226733536 0.0040771754418439075 -0.0069512326884454845 
1.0039586383836092 0.001133799496590813 0.003095850772623526 0.0013923155827354316 0.008882157990598832 -0.00608589155974101 0.004448984696926321 -0.0020131454053793026 -0.010204503483376594 0.0018543378754121511 0.007227230612676324 0.011677302162283739 0.004592086889953722 -0.004249968097275899 0.011859465652015885 0.004684298574366315 0.001343480699934517 0.010526308162823534 -0.011583171149090006 -0.0045157931251603445 -0.016821837233694382 
0.9396933463297441 -0.00579523770566765 -0.008376806689045668 0.02000728236083398 -0.0027601307480447815 -0.0007757651035175571 -0.0017643828392199024 -0.0048099427389590626 -0.009152698981243058 0.0021517693884866326 -0.006768504263456317 0.0011093036060098426 -0.011030222458602556 -0.0004966452463386384 -0.0034937157359220456 -0.006381002637286994 -0.018545842935356233 0.001748561515798427 -0.0006372361731296157 0.0026668106580504665 0.01363519523557911 
0.9745200880306585 -0.008432416101300362 -0.0058486166897611805 0.027936066070951275 -0.01222994590599896 -0.005295085813115993 0.003916981473620398 0.00985299131793398 0.014134726530233215 0.012187443682658406 0.008058634863085671 -0.008349915346940691 0.011448657815315852 -0.006717730122423752 -0.003108571195417282 -0.00450660422754852 -0.003899439590991276 1.4261323319385885e-05 -0.01201454638869788 -0.020686644362487034 -0.0018961812675885557 
0.9482752569303036 -0.004289831872277254 -0.021401958535107356 0.022830844794127034 0.0020857769463254825 0.002070659902609321 -0.0008503173533337956 4.952465504896328e-05 0.012150191168368185 0.0013388870652440378 -0.01610426349005296 9.050495433071323e-06 -0.027448254823981864 -0.0016771103221379369 -0.010463834297591049 0.02106808464084935 -0.006736985870892628 -0.006831893143722808 -0.004261431393617975 0.024754509875266208 0.013170152779401027 
0.9736828492465506 0.012824021019894884 0.002947524574591796 0.011819597655565593 0.0033363114495391566 -0.008385090073764844 -0.013109215350262809 -0.01199192585852333 -0.006014370734221778 -0.004063487685737063 0.006046522646487918 -0.016346052235263305 0.002927568655549242 -0.002670039022138938 -0.012852715440994353 0.002469777081516463 -0.005060913815785369 0.012780493657261416 -0.0072510474065536805 -0.0023774141378647925 -0.009878535636306527 
0.9967275738101585 0.010337891733036121 0.00727067656305761 -1.1914370526778042e-05 -0.006572126071804707 0.0024763986316464503 -0.006254622780416011 -0.016918761179567164 -0.0057833209691845805 0.005611898654398192 -0.0024000126158473783 -0.018582013077016176 0.017569935895944452 -0.0029045745569566545 -0.018537873586744583 -0.006133984704723526 0.0023743954273878986 0.0037300889244535258 -0.004320842686246088 0.007535812072311918 0.0007810148390450313 
0.9659042073132689 0.01921669567778287 -0.021369375744040454 0.017955942441414297 0.008758014722023366 0.005477610858125872 -0.006027609852110273 0.01595121926967143 -0.009122562927088178 -0.002606121447105177 -0.0009108519106954053 0.0021973122950777876 -0.0008458781996991674 -0.005565435285950678 -0.009014909622813998 0.013683055963806716 -0.007693262654968731 -0.009244002367535276 -0.01491804578012887 0.0005768789504038173 0.0038454287828851392 
1.0027130908683182 -0.007232790985884021 0.0023040678653286533 -0.006126465268542401 -0.015372278354532198 -0.023344740400853683 -0.016368592652471068 -0.01154038534350921 0.012169027935980663 0.0005372641309070706 0.00483083661315585 0.007745235617075153 0.0021034431457462323 -0.006930309544921376 0.00429273083907355 -0.0014022672526419764 -0.0007221358101382736 -0.0034958773907951784 0.008472156103922945 0.000912069215496047 0.0022513647193512397 
1.0663472324875434 -0.010157423137422152 0.006499969858316538 0.01103737121861125 0.014832402452743063 0.01309996957876698 0.0032800160859399984 -0.012682674297933698 0.006285163334398622 -4.348920832167149e-05 0.00920862412142072 0.008175141094257371 0.006397389103715624 0.00617706701455504 0.011639959744123492 0.008905657321536265 0.019472921065418293 0.005686302239586303 0.005944489015127919 -0.0010019032914663803 -0.015404785458555155 
1.0144366008126418 0.017472250729204417 -0.004344604027598426 0.012117346147098331 -0.012424449327310199 0.00021505074141204994 0.004721382744935939 0.021460860547352297 0.01558017985798098 -0.01201351026719592 0.005249304696709707 0.007182115983774775 -0.005099722851122374 -0.010387457328415714 -0.000723896142994084 -0.007616936209317113 -0.010199023370708122 -0.002788431862607204 0.004106970853273173 -0.0067177045445795 0.017279010268522 
1.0437436058823295 0.024315168357034813 0.013043422184420004 -0.0004296346826762649 -0.009780394655737785 -0.0027007623040816624 0.005438262142010022 -0.0030295295590107465 -0.010564442682101292 0.007895122631583807 -0.0041768033545350886 0.010426672630604528 0.001977999971311084 0.004413627072511524 -0.022755635723970113 0.0008147552295705706 -0.00043510872833264514 -0.013576112224792068 -0.0008640995707384533 -0.0174354572155615 4.573859768711179e-05 
1.0190225053685915 0.002936464096859179 -0.00029373731407095655 -0.0019479666441251128 0.006343682095865411 0.006102903754782099 -0.0018239795390800834 0.0008140275855411228 0.019997586485527578 -0.015864737292000396 -0.016602760614617552 0.0009401640981878193 0.007071837062707579 0.006245742112711609 0.02025238897658454 -0.007712164409509312 0.0002619221661253725 0.0006431629420930183 -0.008834520749930914 0.0023094047522504097 -0.0011436778616175168 
0.9998647415738806 0.0025268325041088702 0.0002098311602247848 0.007785831771583344 0.004800666835760165 0.0016505150047978964 0.0009305293844365875 0.0012568224514418517 0.009384631919137144 -0.007247628145295764 -0.008464693820803892 -0.011767067958179833 -0.010353024072007048 -0.0032784186258722316 -0.0019387128940344513 0.0017146213061265362 0.001247093868082629 0.007346455810705866 0.007275525124091198 -0.009543396789025063 -0.0034888187569709467 
0.9892291564761578 0.006994061016441373 -0.019853255887394554 -0.0009967671393360258 -0.008632983292855438 -0.0015723622705228705 0.018108807066330713 0.010511640484849854 -0.0006399700947673997 -0.007483415650879918 6.556016659098859e-05 -0.013021533479711392 -0.0004332441360699673 0.0001795898029122363 0.007602679301981425 0.00396703888365312 -0.012635380330939718 0.009729180218751637 0.01812338995215778 -0.0036018369859926913 -0.007200154840463743 
0.9861662754784856 -0.013522631105019584 -0.002846073252180856 -0.008766797070535416 -0.020547487539103564 0.004937772976386908 -0.001746882146738544 0.008736332231960115 0.0028849328005363245 -0.013204223480395957 0.0026278858377148445 0.005973762512407673 -0.00742164269303366 0.016448664554130216 0.008828007306941337 0.004777951741423022 0.008609690997723995 -0.01115139495787115 0.006062295028572694 0.013498048648138595 0.016696857763262872 
1.072991909125107 0.012547532799421023 -0.006718507420379916 0.023079298484921164 0.016083658965046956 0.002087552482084201 0.012422723497357053 -0.005178153325146726 0.008750405035887674 -0.0020637836918137686 -0.007810865433535612 0.007913595185114346 0.006614626733577943 0.007958694513970086 -0.0073070818833520625 -0.0028684411238240402 0.0014775653319923797 -0.01175551974102785 0.00135020364283724 -0.011797552219267244 0.005142997025123429 
0.9735956606646596 0.008174441212376354 0.005783630406552681 0.0002633938349779372 0.00891715969712626 0.021437104521354694 0.004878782165606238 0.011077219218325026 -0.005526811494955969 -0.015486656186452032 0.009442685867172182 0.00019893546421152815 -0.015423279606215526 -0.0005310600049620593 -0.006745969064443681 0.008804535794575517 -0.005236465241983709 0.01213977849603022 -0.0027944008064372423 -0.002600920847000058 -0.0025403445499708795 
0.9624552267234817 0.0004003198252771476 -0.010688187504293505 0.0024672301951991727 0.0031114162191791354 -0.003048025360721423 -0.009317438980952868 -0.018825210612525088 -0.007370306748497376 0.013049738314201049 -0.009780546204456961 0.0004730224490088641 0.00540709064345528 -0.018954548308899 0.014138114592923651 0.003463905201598957 0.002586104386916354 -0.0025247418863814865 0.001631296998408574 -0.009007215811042892 0.0048700537010301975 
0.9968766978338802 0.006450973945762578 -0.004260325030826272 -0.001733794998449941 -0.014348296394103104 -0.0025964987728648975 0.005790900331299626 0.003690993816806925 -0.0014553040463080532 0.014927993526031875 -0.003337366954253846 -0.002677520036812944 0.007824832866290668 0.014253304020203915 0.0019151510409828882 0.010819309814621725 0.0026502523884603074 -0.009080697927584168 -0.008273045433987382 0.020467912470051496 -0.0010824092649595312 
1.0240563698832637 0.006299178654541773 0.024985044064201902 0.0063921722577229695 0.005171563703104524 -0.0055680293313886044 -0.01766145458406127 -0.0035501962802172255 -0.0021659395911774316 0.0006746651724837394 0.004562530381888375 -0.006034313027461991 0.01237009275673805 -0.00609755138880151 -0.009210276110054327 0.0008138746058830848 -0.005081335677359643 -0.0047993005241727775 0.006507240995274804 -0.007334714021702292 0.01210578432026122 
1.0271103208366648 0.013534643717383856 0.009869274536463921 0.005443833545337686 -0.003657144867008028 0.016782522647876 -0.01914278690711401 -0.012549165103970595 -0.01982446830405208 -0.013204514368826387 0.014429961353001465 0.012479615087956412 0.006798263610576039 0.0016092572844437017 -0.012848031246685956 -0.009332020106057364 0.004884661521072782 0.004201117307875113 0.006516886906264553 -0.0017413926128516041 -0.010452238131954934 
1.043109432419495 -0.004706179347131942 0.009539323721909918 -0.005598692487892145 -0.0009443467714716912 -0.014767403308585083 0.002988908776596204 -0.012509208466404612 0.011796755808044549 0.005287786087511974 -0.009689753142737526 0.02230147636838361 0.005488590473899842 -0.018162034327315862 -0.003877927600212036 0.005841810121748547 0.007901354068772834 0.004839981827462212 0.005480506130817425 -0.006578842912026348 0.005352926890526728 
1.0699221240748413 -0.0017940780846338407 0.006045659125394319 -0.023540154106230747 -0.00028602894341125696 0.007437191406010707 0.007293214843175591 -0.012134133251615997 0.013610507764870983 -0.012185394703611447 -0.005119061459317166 0.01644673409485636 0.013023649045000875 -0.003491759576049401 -0.01384278562216958 0.005963721258121549 0.006472041036923033 -0.006046004672887375 -0.004148905270299306 -0.003517468714187743 -0.0018879145991857408 
1.0248463355054207 0.01938263035416685 -0.003320836741761313 -0.01172473733527587 -0.006158108663805438 0.01014390777442886 0.017838404025154377 0.00443799929958638 -0.0059363091094775545 0.004157383811941353 0.006213033133803649 0.015009037256712834 -0.005612804060780711 -0.02482317846787673 0.0015077476949774456 -0.005764079303156482 0.013439678253592236 0.007276552569160695 0.0058467699958014135 0.00345744809231844 0.005991330824952665 
1.05838376569192 0.002779969048057537 0.014766112256186554 0.0034068362809824703 0.008777295370404385 -0.005144162667752305 0.028347931437111562 0.0003338727033977576 -0.002338396884280739 -0.004527509431917838 0.0034227512222164925 0.005972803521068564 0.0005825782492628776 -0.0011924810446416704 0.0007202893813442156 -0.016474789889405532 -0.006016098563156839 0.0012962282279523737 0.009737777299898975 0.0045749219808044325 0.012949533327218548 
1.0280346674448817 0.010486972106245192 -0.006334921657328592 0.02018829795091848 0.004482989619839927 -0.0076760345992553936 0.017810770510099348 -0.000865642814105463 -0.011217945641689691 -0.003024291324069728 0.002382168753283606 0.00124071499257971 -0.0027058560287784444 0.005293926625107047 0.004552438102403796 -0.008497281726119292 0.00029339496486625405 -0.0019867887551926165 0.004379943612148256 0.008674668818690574 -0.005769685465852588 
1.0326970129185717 0.006511779719086179 -0.001322901680228214 0.007495405295560757 0.0034937501398850245 -0.0011393363208473534 -0.009814426954092998 0.006729055437778817 0.005984702237600135 -0.008205973352872516 0.012034767531884226 0.018325532035430123 0.009815346686107335 -0.000696510387371878 -0.0005700391226109183 -0.013829231398611206 0.020097998973697413 0.0034943632630594803 -0.013831383560529424 0.02638252534106007 -0.00023988914319684045 
1.0292818812006352 0.002574552482180835 -0.0043077642575417565 -0.00273529718044979 -0.0131954376801933 0.002437663213016165 0.0019885620988662205 0.0004571246254609644 0.01037808305769519 -0.0014613723431327716 -0.008099040784317321 -0.005882203928403364 -0.010135940963823347 0.02472062426528634 0.0012599082102949433 -0.026408461595580263 0.014361862481200693 0.008180409314586827 0.017897601450333745 -0.00011834225271713273 0.010417919104662917 
0.9658969098966552 -0.004634373639454101 -0.005586974437332784 0.0022861011320648647 0.012440687274447287 -0.002483912760987863 -0.0009493843535764203 0.01825539401079562 -0.00010516876720126428 -0.01745144612529059 -0.006498124647070501 -0.005390620812278405 -0.011555404687390376 0.014381367527062512 -0.011733416174088209 0.0018884629513696114 -0.02084656124529371 -0.0033197827655439367 -0.010291358940168955 -0.00346768625260063 0.008578809886497136 
1.0157737321078324 -0.012009457448455838 0.008184713571693375 -0.01233374822556698 -0.0012541021535946457 0.01860527077229384 0.014889678786602441 -0.0005754266673732442 0.002474568888270897 -0.012610590389018442 -0.014135891265312658 -0.009261189898049036 0.009615557596534353 0.0035808756784162944 -0.0017574460728955188 0.004314628625815351 0.00536254412769959 0.016494396075121695 -0.004272502242398541 0.015694803016321833 0.00377150962479933 
0.9965347207644912 -0.007909528604301757 -0.01570433919807625 -0.0071374842217767276 0.008041541442642183 -0.0025768065434684105 -0.022673382750619343 -0.004944209185864419 -0.0037545713392304644 -0.0020221483540701626 0.013556236255794664 -0.0007231537610865399 0.004634203094262357 0.014875567800597886 0.0014377516795947435 -0.0018634479518615335 0.006489954378284979 0.002556478891982001 0.0051738238106729 0.012070995149931629 0.002739923406280625 
0.9537104743536188 0.0036147313417857043 -0.0041747803563400064 0.002747784807794731 0.0017143378319511488 -0.00019186694345481436 -0.028272885732749855 0.011763083712159655 -0.01223748453255399 0.0003691993536946289 0.023553355732440634 -0.0012184364290486389 0.006488351657111728 0.012902929092503781 0.009421102241228052 0.027075118538268467 -0.010975323724961556 0.0008245326335629018 -0.0035350683745218278 -0.028806952103510294 0.01636872988086609 
1.0435508525054458 0.015487378052143204 -0.0015745552925359768 -0.00846711778536667 0.00024491425809500424 0.005003361432171886 -0.0007208365595093674 -0.0019762488694781873 -0.010359594288276 0.01395459584858473 -0.016149342916761525 0.001832347356613014 0.0067757178084825 0.0024633434795798353 0.009441235211910851 -0.0066625360031499 0.008113612492692737 0.003159801772862617 0.025016898124282858 -0.005203350274236434 0.004008954199010919 
0.9730020444573375 -0.01872817933656022 -0.01473193652966491 0.0007746716856099096 -0.005981429905968409 -0.014255279383753332 0.0019220757307098657 -0.009162168802461835 0.006874083940429166 -0.005661143146145967 0.027721778592650712 0.013048069190882772 -0.006145973065468791 0.0009649914568415716 -0.009402378190365138 0.0005348680302107993 -0.005642653066918412 0.010350888729562977 0.007848162484365886 0.0038217735138442732 -9.845419468834626e-05 
1.0572876361876364 0.003552558278010924 0.015333270391296585 0.021901800912310993 0.006220855863047823 0.0217048997460325 -0.005060256158264465 -0.02290163229235423 0.007242198288696654 -0.009646319203917198 0.009625232816840032 -0.015147894513818707 -0.015654642013544617 0.011856239678308948 0.016757717052157013 -0.0012635038075500093 0.005576352006746063 -0.006469183671598821 0.022852509642402145 0.012064109466714547 -0.015531529083492025 
1.0247743035360826 0.008368179073428284 0.008735654419389728 0.009561751345386614 -0.006796811993493403 -0.004484404866845375 -0.004186538603970724 -0.004379523841007575 -0.0004628445996748593 0.006789884235994701 -0.0002566703460997198 -0.00681671313643918 0.019178130677068545 -0.009230248332910728 -0.011672372079122818 -0.008905092858650368 7.787594138009159e-05 -0.005149547556284633 0.001374275838650722 -0.017970629807024737 0.0002640211529176117 
1.0030495087478317 0.0031691036993974435 0.008080441138110182 -0.0053825909253514435 0.016767599659480423 -0.002885086652173264 0.002440040536435252 -0.003406004108647004 0.00042318233819413283 0.0009941305279074948 -0.010031439007638688 0.002951165732179897 0.006128091897756764 -0.010298023230325208 0.0046381782034204885 0.011677875101839685 -0.002981201364763611 -0.010129777389830215 -0.014841441968702858 -0.019928860194100596 0.009575659452647113 
1.0168974925718428 -0.0030340486118560833 0.004015892500755467 0.007152449432959446 -0.008922497953865096 0.020707341944178156 0.009635559034027429 0.012700280584502432 -0.0016663320724695672 -0.001424770223767287 -0.010731325011946942 0.006867286934224563 0.008518779404357192 0.0104631356374635 -0.015059632879629643 -0.0018124605942826722 -0.001882634771627913 0.003177345414618655 0.013078442267925707 0.008847731461585503 0.011456170248332374 
0.9673652623738581 -0.007715771510129798 -0.0010374728959084817 -0.0008517262619404142 -0.013159747464992343 0.01454768828362901 0.0004339373600166353 -0.009342169682827658 -0.008347987753828391 0.0023155738213688206 0.0030115667832932747 -0.012380273691992509 0.0009900332097181506 0.007188234774828687 -0.0013202157618533211 -0.0032382284783587126 0.016236011078804315 -0.00348769061396222 -0.012781834353125876 0.0002965174762714002 -0.028646481139158124 
1.0144722025123512 0.013743358963334933 0.022655067408876656 0.012752590182371308 -0.009028468943654425 0.018253797811593888 -0.006949216645101385 0.024110106479193334 -0.0038949348928801527 0.007587408910922386 -0.0010295659338561253 -0.007524231835392948 -0.002119907094744792 -0.003233691919064739 0.010355499372867309 0.0005555494597610228 0.005220545947167432 -0.0027859351408030786 0.012115054945022019 0.0106285046297303 -0.0031661334835112547 
1.0243453113937537 0.016766222448041726 0.0036349111290247295 -0.004863321232040557 0.012450639192856189 -0.011242096495425687 -0.011754259661793536 0.005799965996971385 -0.010217385084622353 0.007207445053597367 -0.009235702829133555 0.009883360677024644 -0.007715349253054219 -0.0077527696113744386 -0.019259553818543402 0.008950898156842486 0.008191474279529418 0.0034315097982412393 0.014938453153312015 0.0002849960437322208 -0.0023809297293162896 
0.9557603933306098 -0.006598899151753212 -0.0017532596490024957 -0.014351044671232813 -0.0008541892489417599 0.017211730784207006 -0.005645196980005044 0.009035402126895596 -0.001292017825692376 0.0011069595011226586 -0.004281984507816738 -0.008819216726864207 -0.0011519412719122038 -0.0014801648404828864 0.005553797141642178 0.000853260783008708 0.007175141687808059 0.010685304000393374 -0.01802651207289391 -0.0004924956864211155 -0.005255615628561513 
1.0008445155628836 0.0031041536056466944 0.006571716382759765 -0.00014609012145018425 -0.010825462666819836 -0.0016836960047238061 -0.0072677898755423255 -0.016121010840237395 0.01059602500656905 -0.012516156911607417 0.019190288488940794 0.00341918804940041 -0.005437550265816203 0.007631964559806138 0.0030486640391256944 -0.013397682966694482 -0.0035513039920585976 0.00992724842428947 -0.0017916555091161315 -0.004397042713304553 0.004194384071417088 
0.9592827899864427 -0.0014157408967071156 -0.003781894174158527 -0.0034399622937276615 -0.0076525677760628935 0.00022339353188012404 0.002739502190668861 -0.015681326549295577 -0.005705002380232938 0.027211272225244047 -0.010774991511454935 0.008084081551529497 -0.003470907517420706 -0.020227536334482724 -0.008405488073591347 -0.0017818967149901732 0.014622066064081321 -0.011472389874751847 -0.008778110376292059 0.000418232181275611 0.0038294747788760503 
0.9857798547168036 0.0015267097948949019 0.02271634822763032 -0.008648695844752861 -0.012564798657159756 -0.008807167292475838 -0.0040521039585689304 0.018949276216145245 0.005251623234666114 -0.021452183256420156 0.01665881941249609 0.000656122183120904 0.003720171583074256 -0.021940754623084275 0.0021952490021967027 0.0020340861682705083 -0.006181932467150174 0.014184693088850526 -0.0022104240927862703 -0.001128166586726194 0.008120634158629687 
0.967735296784764 -0.014639441544698602 -0.0014750286787504688 0.011849629529878383 -0.022958095319151307 -0.003620007795361208 -0.015519663357231773 -0.03290886194770643 -0.005066120708845746 0.008217957731013277 0.00437014374556929 0.01752185988107452 0.009897279515484714 0.0055826041687703646 0.01059159214628318 0.0043250933225791165 0.0067561863932842445 0.0086273127959785 -0.014490182268287225 -0.012014083740764799 -0.007354084594332941 
0.986245037656524 0.0033489508814809753 -0.01615557997497538 0.0012888180334433732 -0.018556090622033714 -0.01877271772552122 0.01018606886623322 0.028386828036430264 -0.003848148824547305 -0.0018400228311620378 -0.01411563791842154 0.00024231695058408764 -0.01639491274989991 0.009138169483255004 0.0030708011615533303 -0.005625561054085468 0.0006750682523397257 0.01648814200763308 0.01694443432599208 -0.015191220444386049 -0.0022847733246005027 
0.9766754153608053 0.014883357410094623 -0.029808667070326034 -0.0005913117705241107 0.003568548876919907 0.008282439942444686 0.009727541561081266 -0.004028912981819033 0.007448918580904196 -0.006095740603027386 -0.005667619989735406 -0.0008366079970551427 -0.016171238025875265 -0.018883656228903364 0.019613393157188 -0.0023508940672676403 -0.014551506144475786 0.009570230803945793 0.007474364871219821 -0.0007009482897712926 0.0030490134474992943 
1.0719691151591193 0.020026049573339765 0.015892539355607686 0.007827885490873366 -0.003430365020161611 0.007542836201524619 0.003600543765908948 -0.0054789627673918284 0.014824450716718333 0.002289491945375997 -0.0014526309178219774 -0.006659006611355427 0.02186148066650403 -0.008696453126334743 0.006998779743923111 -0.005229039573920696 -0.007314683183061661 0.011155807540701395 0.004735636970147439 0.0003558967008904225 0.01210151682635918 
0.9891005034112178 0.024675668793490906 -0.004514201708708843 -0.00677409360661086 0.006802492575270864 0.004245808517972485 0.0033334532515095715 -0.004530556514438804 -0.009347045523569835 -0.007510453584601332 -0.0005868761385320041 -0.023907740334342613 -0.0013478401126301492 -0.0016956943947345155 -0.01083797619189861 0.006326920898161038 -0.008323258838824045 0.016964426852016476 0.01088494918735516 -0.013743933429139949 -0.00600529764321495 
0.9987006008373455 0.0063539853199152735 -0.005357117537163019 -0.0036804435087665977 0.00645822907980642 -0.011288881254531076 0.02603939764957192 0.013641632834953342 0.00696799283619343 0.011385563784901053 0.00873779359866427 -0.0051413543982551995 0.013885606527890573 0.0015909004633620362 0.012665436712421478 -0.012112766905511557 -0.005807099924353207 0.003022892924649411 -0.022750574632187184 -0.01017288644901713 -0.0021788480194613424 
0.9740401535888629 -0.0065590894321517134 -0.009803584130142562 -0.0009391333739852998 -2.651545661466888e-05 0.0009719726338990146 -0.008474142574931669 -0.013102667450393986 0.009661547473651194 0.005573968642194378 -0.014827138357456651 0.009478998005510584 0.004396962604550953 0.0006181773196266408 0.008711065006573553 0.006220190744830037 -0.014083258382899515 0.002200230552592833 0.005589398972373327 -0.009121287538874232 0.0024565002661889597 
0.970162807342535 -0.00977039587109657 -0.00547736003885274 0.0023097580227716985 0.011599788761403192 -0.016600852327095926 0.009688627450870726 0.008490789538698472 -0.00034505713250625793 0.0021355001880897675 -0.0009071300191856021 -0.0026775986290111485 -0.008289848543909094 -0.014999793486511015 0.010546857392383223 -0.0013525368269726424 -0.00025996405021549095 0.0026153086805016657 -0.013622613210295944 0.004839836488489782 -0.0006907685943373649 
0.9815067512169735 0.01617778037845532 -0.0006541270441908998 -0.0010466306666148883 0.0075471756724823525 0.01367375471139445 0.004828300428483818 -0.015917052018812713 -0.02599816892617501 -0.006218567895942874 0.0038548993628018066 -0.00934382105483531 -0.0163236341766721 0.0033037673061595348 -0.004403356349702356 -0.011603995708858538 -0.0008084765380565376 -0.004446356554673509 0.003945267797550751 0.005352344941338227 0.008730233586362088 
1.00900917702944 0.0025638530580438324 0.0007972040735247021 -0.00045859722244348484 -0.003072300473772334 -0.0046202196927140815 0.010472639372016678 -0.021510292481344326 -0.01778779996609287 -0.003312750015178569 -0.001765545339109436 0.009101347312603815 0.008064743801125816 -0.013677598920577723 -0.0015566907044753061 0.002291730423205823 0.0057213902280208355 -0.017609933060509713 0.013133617162712692 0.0016205549045108564 -0.00816893701384015 
0.9555206004652599 0.0021852496617570443 0.0020345209273087677 -0.009017254327558871 -0.028610861853560494 -0.007943788367508541 -0.009658211547968244 0.0014113626267661398 0.00034290313868303704 0.005795128366204498 -0.003286011141094725 -0.007726133646685329 -0.015397056647018044 -0.005789430676567896 -0.0019331822433660605 0.0009616468975583524 -0.0011991308577757528 -4.727388091794225e-05 0.02057573502880713 -0.006770187860853794 0.00048118981168790307 
0.9225647445953391 -0.007242531067681674 -0.006583028330716323 -0.01687509011217295 -0.015707195531420803 -0.002824270225981786 -0.008319713357791107 0.0036052541084805123 -0.017850712076326596 0.002075122342765206 0.0038228593115754374 0.010926255229865815 0.0005606644767757843 -0.004471648213234759 -0.006708130436836586 -0.014425886664337615 -0.001093186718218314 -0.008613646166147045 -0.024130320661913736 0.01750711181213806 0.009855822875411365 
0.9972477527570083 0.014282554594659935 0.0035897063682305405 -0.004325418287891914 -0.004984339398702742 0.01060973253463731 -0.015376062345269286 -0.012521222115214963 -0.0004375812305372511 -0.021069240022988395 -0.005755254712097186 0.00980046473862298 -0.0043435915865245945 -0.006597082678791478 -0.010856250028228516 -0.0004907809266983881 0.006968370261557511 0.017752145965150703 0.002861607341819242 0.012220653954535634 -0.012965179061794615 
0.9706172611790939 -0.015400308527549611 -0.000585392726435852 0.0017191100833112477 -0.015512000851655232 -0.0007542885220718548 0.010355630914253695 0.017064203747141595 0.007348796785441102 -0.005568130511109822 -0.0054512806808960914 0.001993804151516313 -0.008572745975386434 0.006678003507092462 0.010452701877843217 0.004194287008484952 -0.019384368217199056 -0.01521060626425912 0.007873285605768568 0.0012771438954878986 0.01476785866350642 
0.9978322147082491 -0.007001951884436226 0.001373525383175802 0.0014600535762631772 -0.01209121770855057 -0.003393525938805672 -0.0013674148689717686 -0.006619646763317392 0.02352002109179413 -0.0005936587575686033 -0.005221464897556339 -0.009091801309407389 0.0016771599381533563 -0.016303808669804597 6.322662919890592e-05 -0.007762551981955155 -0.00029474512183840873 0.016782653980642902 0.004446688730309441 -0.005927702592190296 0.0061505789908622745 
1.03137240939377 0.007556923811501764 0.021101379798781652 0.01681308202250191 0.0063254231365923235 0.001237350700007419 0.004140410111574564 -0.002504469706302079 0.008221709349802361 0.011768052860152102 0.011602921182519783 -0.020121734561431372 -0.010300521817113748 0.008619864877698566 0.010062368530783013 -0.011679601437996274 -0.01344206389726843 -0.023679727456546448 0.012009953247669597 0.006687950659321638 -0.014922929555943333 
1.0598218996708137 0.016967107588620797 -0.00620758094429027 -0.006852271552686576 0.010054663356826712 0.006576700021163096 0.01741034223884988 0.020351567269742958 0.00420965517242863 0.009161511821591556 0.010477680231956247 -0.013657717328993138 0.020178216625993246 -0.000583912960494154 -0.018712851815640016 -0.008053666373363032 -0.007023858943276205 -0.007970704641985762 0.010394635480985006 -0.0009021081108567128 0.005977601243108041 
0.9841702932547778 0.006096750770964715 -0.009195971406798526 -0.010315289239818186 -0.002447622997626278 0.0003188469143952881 0.0021300098340954064 0.00939890535971938 -0.002223557881890178 -0.011510145051648336 0.017028207940808927 -0.013953140344898874 0.004393740579673316 -0.010031160761427696 0.011277659303572897 -0.007828970711733572 0.014202993587555106 0.003577608067577352 0.00549870154283299 0.02730212044410712 -0.009479897645264898 
0.9861505486307154 -0.009982219424319103 -0.010018348758069043 0.003746754031085621 0.024231800004206744 0.012818543161180264 -0.005254219757700869 -0.011754557334615183 0.000515001841582491 0.027562298952815836 0.016303180157367085 0.012024313306603392 0.001787149446179715 -0.005046172446445119 -0.0180364087508207 0.0008152935930254611 -0.01011286380258516 0.009861007356035744 -0.011524580256881262 0.014442752938665567 0.0017461225430162933 
1.015770680902888 0.007045136348466156 -0.0020174533746217214 -0.0011112609643814649 -0.013202459538550553 0.008355092065346206 0.015399561680642548 -0.0026147357583551694 0.004832018556697833 0.002352038001651856 0.014446512178282514 -0.006883671655356609 0.002649277796717619 0.001149743560659495 -0.005751818843012016 0.003154964740312385 -0.004413294564896002 -0.0069511007410832685 -0.004030114811729141 0.002715461636021832 0.005836688948994162 
0.9997651710961625 0.005934780804739431 0.002802330852621294 0.010668226194122318 -0.00830054790685983 0.003267008386643602 -0.0019262855003919252 -0.010784560584627043 -0.010640278697673452 0.0021344398210283383 0.004900803739310068 0.006109369836055154 0.003451449491304669 0.007255904759770841 -0.003248023076151485 -0.0026661508760324392 0.0054488988873052455 -0.002971535570753971 -0.005342058664134736 -0.011712551354468049 -0.018477759040452263 
0.9475323957518551 -0.009088519472018261 0.008490198708514167 0.002145052177205284 0.00020670928512271563 -0.008628850208603968 -0.019552017656360453 0.007435591479396898 -0.0028547156942552183 0.007519879116594489 -0.00012016112757710595 -0.009730305613830986 -0.020026777858856995 -0.006075471348921856 0.0016536312749939352 0.008758141698767768 0.009649374561131085 -0.01308955672907174 0.0024695169233479967 0.005708254545336133 -0.012186923455208273 
0.9737874591452595 0.0027155482107837693 0.006674586883173928 0.007524460193023512 -0.020122084513390863 0.00748458973620463 0.005131226451140945 -0.002847669355176083 -0.011164816638315589 0.0024788679277135657 0.010051892148109302 -0.011413145801129277 -0.0016873081244636026 0.0016118496306713104 -0.002709210624337502 0.003619643028366408 -0.004023218708390941 -0.015290167464895818 0.002312015155999476 0.003226988124974553 0.008617096330721536 
0.9956999617685061 -0.005804181999828886 0.011805603164609864 -0.002264950747475497 0.004291001887592715 -0.005016248531336833 -0.001550528177302203 -0.007312153269461248 -0.01024106834111224 -0.014817260234424557 0.014336708477397575 -0.017805729167492082 0.002674621333116129 0.00888475262112065 0.001271323392300343 0.00048381378313719104 0.006213510644463905 -0.00393629932751953 -0.0067556832430740385 -0.002996327244163165 -0.01578341381136468 
1.014446553331469 -0.0010022568577096713 0.0026716079128715105 -0.006607228114685285 0.003472618435937676 0.005054850935886236 -0.004073475950580435 -0.006181080554031125 -0.010945513037729046 -0.004658221866842575 0.01082733135718798 0.0037856568245602917 0.004940603421819126 -0.004735064017044323 -0.004624687430932617 0.003636839132159151 0.01394833777632142 -0.012917225328992121 -0.011765347875014905 0.002776978241383486 0.010619763998012744 
0.9890495415254974 -0.006508684408351704 -0.007088028974374217 -0.0020503214671147682 0.0044193412909606 0.006859707157153912 -0.0006595906870088436 -0.009334271347132628 -0.016761334636590554 0.002989333079971238 -0.020487918226523433 -0.00730233559280601 -0.014057015278152535 -0.0019155113440894299 -0.013790841115748168 0.0048325690323474495 -0.0017725940716543198 0.0028647173388259514 0.02549458063626692 -0.014471062706675301 -0.006562861844240881 
1.0173850628409777 0.0029891464214315397 -0.010410743135891578 -0.0028609155933509924 0.004787466884468198 -2.5913887893242823e-05 0.00513253317770775 -0.00040490033432809887 0.013375614792400934 0.0016043428204299726 -0.003704957106391769 -0.004686050602592641 0.010722162840391531 0.007811321304869743 0.0050090074216534684 0.014142890985428572 0.00852677529268595 0.012105623238104548 -0.016735108149673338 -0.0015405230524471692 0.007555424368227932 
0.9910937811243522 0.0037690989104127316 -0.008290607428513421 -0.008192372729432766 0.01066848449930209 -0.001943406968455675 0.002456546718665111 -0.009010632146427139 -0.009747921818600862 -0.017290535205092463 -0.011673304971137687 -0.002772287552705292 -0.0029348903871817644 0.004997813562274668 0.014464277627807665 0.007613790842144768 -0.010119583864967426 -0.0178073649774686 0.004819826579922803 -0.00047441506344579425 -0.012833782459596972 
