column1 column2 column3 column4 column5 column6 column7 column8 column9 column10 column11 column12 column13 column14 column15 column16 column17 column18 column19 column20 column21 
1.0090816261396127 -0.000827102755410176 -0.023097543870090283 0.0018839254444923165 -0.004216322517052726 0.007683821386347703 -0.0007556858647195024 -0.007784826181663467 0.021230641728730956 0.011515550869493702 -0.010434907305657106 -0.0043365092906493385 -0.005303513354441363 0.011037081279435994 0.004574227948213881 0.011012140573029343 0.002656290148437543 0.004747604808417255 -0.005057748212871629 -0.012123812861054848 -0.015367226995860704 
1.0411411961684132 0.004959521658430861 -0.010129771119410227 0.0003621923439683932 0.0017145191633139009 -0.015278707392127397 -0.0017848395349616588 0.005324302811028342 5.9595109887101576e-05 0.00941296056644466 0.013733037857835861 0.00344816720476044 -5.2241427196894765e-05 0.0018909177231670796 -0.013580590203222727 -0.003930618800206121 0.005592096179168266 0.0044350608342912995 0.0075029335938684195 2.4879911262144414e-05 0.020426553429936403 
0.9510747271132488 -0.018333286092543234 -0.0066075867585805095 -0.01823458525522629 -0.01320076294747909 -0.009275374353720073 -0.0025257612874662874 -0.002749443863496965 0.022406648628051532 -0.004262822394961973 0.007666989280965558 0.013310615771681448 -0.0013948809283272497 0.023489958560621527 -0.011506391838665508 0.0040510311255839175 -0.01443055100682886 -0.0036549988166387436 -0.008324752882919095 0.007584483434640481 -0.015563289681163793 
1.02648725249081 0.014132780815801283 0.0036774874166504226 -0.004768760187910414 -0.0018442679359909815 -0.003217224126252154 0.003151814783198827 0.0017036289962706955 0.026674576752816526 0.00496542113266452 -0.0017921587166242303 0.001812323589613238 -0.009254865814502392 -0.004444883944945089 0.0016305207795320722 0.017302867515616098 -0.0020489930731492083 0.007073753235507189 0.014612890306694961 0.0035395048962732372 -8.15815306656227e-05 
1.0174977100473994 0.016321587954366962 0.001979383552926623 -0.009443340697428908 -0.01662939596317285 -0.009375307664031718 -0.008416925380795722 -0.00480202962528424 -0.017080446753759995 0.002401028479250517 0.008161204664097779 -0.00034783296657263553 0.005417323531505486 0.0034991310877358624 -0.009194396441715413 0.007295674709822088 -0.00093729121184734 0.00013713916558177446 0.007706551174820523 0.00438570656323704 -0.005104211716829014 
1.0202345633739014 0.007965845272152642 0.007344518297424416 -0.00672362253850365 0.0074024674683908324 0.006015734037379181 0.008041666218320953 -0.00842693841212282 -0.02130923300222945 -0.008424167289226982 -0.007269397469061182 -0.0019495198858442474 -0.0031188467355244666 0.007792339572429228 -0.003601467621679526 0.01174483359966429 0.006433617107377201 0.00043292441644026194 -0.000610264892397247 -0.003894839351407647 0.012151468157286188 
0.9765721535962467 -0.01735003307878077 0.0071191857838394925 -0.00722290521236261 -0.0016640369044866677 0.016321790982128458 -0.007896725296439627 -0.008319762523436566 0.005366096597697771 -0.025760061119281624 0.00624669680231485 -0.013512589190579932 -0.01032491338180991 0.013836421067089908 -0.0008538807934779091 0.007279928316078042 0.00123694027999671 -0.0003198360473741295 0.00853269961723482 -0.016598811772523987 0.005456217770177752 
1.0238991018493782 -0.0008765612018582739 0.013884963067148055 -0.016164235122304697 -0.008066910644389996 0.019616622898915255 -0.0007563233872205143 0.004199834313245735 -0.01688467039633744 -0.005668368889071198 0.00827052799216942 -0.005570590469862794 0.003911231159771661 0.002912523081595983 -0.0017386587172155566 0.0003344654862861456 0.015092160002627426 -0.001349365391415407 -0.011908492655278236 0.0036768141389487245 -0.01423788048043718 
1.0329531666730543 0.002708016599138909 0.0006691034392444802 -0.007944333485912034 -0.017635586428487008 -0.0025252872932151945 -0.0008328795452193762 0.0017113229763810597 -0.00430186121241374 6.816894476384847e-05 0.008241717600695054 -0.006273299620926184 0.0072425735859024875 0.0028589956330878647 -0.010315413669446296 0.019476383717450627 0.02417013770183117 -0.008480286953328964 0.018302938624793916 -0.00901218035822146 -0.005416081923183027 
1.0183332736371686 0.010257659872522848 -0.001177643861101433 -0.013451863081078246 -0.01117507194550142 0.011580593693899592 -0.024289709710719674 0.003200554661933133 -0.011976191001048405 0.006852918420313832 -0.011144927716690548 0.01018975773628829 0.01101944969232302 0.005379972304478053 -0.002640081896118156 0.002145256567966014 0.0016073124277530065 -0.002539982793098403 -0.005547912945560138 0.0022785337815840086 -0.023555197520995774 
0.9736831069420464 0.009585886923749414 0.001925278412200733 -0.011807712940829374 4.004838322887806e-10 0.01083928667047627 -0.0014532574895140032 0.004041310574931112 0.019914183395309655 -0.0032575862677614847 0.004085533591911862 0.002994901534479816 0.008775217288929472 -0.03365821265414922 -0.003308218823704579 0.008956527862221132 -0.010604940353629475 -0.010238052193706815 0.008741957543952779 0.007335863305577379 -0.009004750798653689 
1.024425967391576 -0.014477720336085992 0.006303261274772257 0.004389939434349181 0.014323515130320225 0.001643167159420628 0.0027750089199652284 0.020797650752349545 0.0009075117632877342 0.01934185679642517 0.001721972015627995 -0.007238697315768173 -0.0025210700213100833 0.0034564756191604053 0.004175352938549673 -0.002036124833925751 0.007242247406376444 0.0021146023349888203 0.0004083517602936207 0.0014184726380920612 -0.004033473250435452 
0.9597383284878485 0.002677806884969794 -0.011510696022293524 -0.0013867969919040424 0.0008605768559100798 -0.0002808730729020139 -0.006243520463790416 0.0035594364286492684 0.003252055148034497 -0.0044258258047602415 -0.008752215607473211 0.0008989250813442224 -0.004505362414090805 0.008092454477313162 0.01866345948701973 0.01470758752044849 -0.020342816188150658 0.0014100461486522275 -0.01815275550447273 0.007933455459184837 -0.0057468445598337905 
1.0264120779505588 -0.00515041008716025 -0.0022163629223160407 -0.004509016865108659 -0.012364244839874989 -0.0016097035221423791 0.003998581305734723 0.016149730593786986 -0.0005532521925144289 0.0018455247948792812 -0.002903723303497289 0.0101574238128044 0.02215434559696026 -0.004516023869241178 -0.0002458362415315769 0.034268645355544705 -0.009526834220194654 0.003737163188236813 -0.009541178868161929 0.004619831461112757 0.009470305479553597 
0.9658566611813273 0.011424055081534634 0.011789176055242464 -0.012655674988953647 0.0013967662744523324 0.007971766898795071 0.00969859580456448 -0.005165110326695678 0.00973687683499368 -0.015624179808734278 -0.0005391472376492803 0.004570061060892885 0.0009354913961437612 -0.018133929075836143 -0.008287820416240151 -0.004681761796497112 0.00027019017766525063 0.007498393800082639 -0.008751738402999941 0.0006937117271970552 -0.0125999576374388 
1.0342332151037754 0.009572310092192816 -0.01726015443232213 0.002584796184765793 0.00570769546192965 0.0017320380221578552 -0.0025551937614166735 0.004583222462970006 0.008266419676633312 -0.004350385938316243 0.007505415427471318 0.00671678730387716 -0.015523028309925222 -0.002866324724740973 -0.011531002937724721 -0.011624761396387769 0.0178895292812987 -0.00928806506992645 0.005825824857907299 0.021964097276883 0.023674486533825232 
0.9795946065282555 0.007426322542042383 -0.0050677428029050385 0.013911656406738575 -0.013927847799231997 -0.0017310855791865865 0.012031960390646591 -0.008840055934375052 0.011899959736851259 0.005010894389646468 0.01828064602021106 -0.008151506752889167 -0.012635414376458636 -0.0018958565203718264 0.004821785373791269 -0.004702967439630347 0.004179765969884586 -0.0023369297496807 -0.011602521210473697 -0.002674088055263364 0.004120521187411492 
0.9990214676166572 0.011359864053573407 -0.0011582393318693817 -0.00045666763903737766 -0.012083807630015495 -0.006741454703569231 -0.011306733087196324 -0.0024940601199247704 -0.00937767809364306 0.011674455613684962 0.0003745932457022199 -0.02118158810825261 -0.0008536059074758878 -0.00375606664261427 0.007588191680870821 -0.006985962581728732 0.0006721291614147086 0.0018300754514489666 -0.013381210977412612 -0.0029798091956262556 0.005748405034607519 
0.9721116078228059 -0.011866234983409843 0.012413478825541831 0.0031516841820382197 0.0001958882748959518 0.0022492627940084923 -0.006599076947728534 0.015020577633581611 0.007205122751680364 -0.009394114707162478 -0.008710497816593924 0.0038189236064662888 -0.007738025409583347 0.015988898928689148 -0.0020898607998993107 -0.010255271899154117 -0.016409024634520084 0.007730480058845281 -0.014909845064768692 0.024737579346737967 -0.0038425242297377682 
0.9492788950789446 -0.0003716531510862965 0.014171508022984027 0.01261158201276954 -0.014003633357434998 -0.007465674592367978 0.0034779060902291217 -0.004536034534221087 0.011262551947353868 -0.009173814815926199 -0.0014086191543841225 -0.01861857921315603 -0.0036821441770808414 -0.008735662146547135 -0.02565095045155826 -0.005725524293952912 -0.0007719358394889598 -0.0008343670294322315 -0.007537696167432635 0.006763470320882961 -0.01257081037986757 
0.9522131283395229 -0.01369004699717679 0.017862225792680902 -0.013973124030457647 -0.007499030898116234 0.018322647880017365 -0.008833093921172593 -0.007219632631343334 -0.023753919670326425 0.013517774290504136 0.0071630553124233266 0.006884377562153353 -0.009797654544871262 -0.0126826982624872 -0.008623758798248542 0.0012038178502574446 -0.003889128274894999 0.011026963022296945 -0.022783696866896238 -0.0044631040870384085 -0.0035814773155972103 
1.0091028620067306 -0.007779667880800284 -0.02124826815638181 -0.016556786140793138 0.0026528664773217015 -0.0031573503408306577 0.01534197386856099 0.01050026458986516 0.0026055445351662637 0.001500392431266011 0.006384923109202609 0.00428322761465468 -0.005157068520126904 0.0028598422304775524 0.008629702609170576 -0.01567810164101488 0.011376205399562358 0.0027319508172029567 0.004587393462268023 -0.012573585084041985 -0.005159921034593414 
1.0206804070132598 0.007953274518106348 0.007312455671419674 -0.0003990839834799723 0.019218966537988914 0.01724771293971171 -0.0073935327037519625 -0.006127673153431615 -0.00016083044785999864 0.0003640176345191551 -0.010460844612529505 -0.009520592050743201 0.00945071092067374 0.0026856657477045687 0.003705207494063031 0.0020539119300913107 -0.005439333560633902 -0.007579599969939335 0.007589811088930932 0.009193409394080644 -0.008523734313725358 
1.0333090201556836 0.0026586211965280017 0.009869392991425868 -0.0002988918918006657 0.009492453730046323 -0.002655678429887651 -0.002592830663243615 0.013578938583097935 -0.0009060862680456311 0.007186404503503658 -0.002150715484901136 4.729541633906068e-05 0.00936186333777827 0.005314915690817844 0.005879147321131149 -0.009351570166754542 -0.007528496418327157 0.004312167520834616 -0.008291982654238467 -0.004455083684503292 -4.99931899159864e-05 
1.0314083666215441 0.017461462501022946 0.00033772879083217256 0.003272665931632246 0.002332805446463346 0.008627809506479676 -0.004298546066065146 0.00523511713367051 -0.006588971344650926 -0.012747266261295853 -0.002573315531178895 0.002410321504948056 0.019277016650542513 0.0068474524897357844 0.0029225978098945385 -0.005053079826223113 -0.004695114306619045 -0.0007230539036322967 -0.004876974588684915 -0.003248796670192784 0.015419641378384329 
1.001468362900994 -0.011471053772821333 -0.013647713061740892 -0.018219933624491102 0.0029237544780245407 0.006488137182281016 0.006113135601931533 0.00860932410202781 -0.008271006039018328 -0.010141839756954873 -0.016102174669888246 0.009349939550957148 -0.026871282089102607 0.013171955389589578 9.247358916986347e-05 0.009745086426779657 0.0101758490208691 0.016150737483367154 -0.01650791675988178 -0.005734713258014687 0.003148418558617573 
1.0154761972329887 0.012903314698166838 -0.01185854694685914 -0.0031359709943325075 0.0017171529903694644 0.014099206008002543 0.008610294922555172 -0.0085591717338343 -0.00068247508671879 6.600295469399132e-05 0.004787393803163388 -0.01627725434312421 -0.011216158050538348 0.011978743162453658 -0.004318285222473018 -0.012181401301915813 0.0026511894269007443 0.01000621730474576 -0.008801499228785651 -0.030002142312275215 -0.012340073746751517 
1.0185154449197757 0.000964399575882147 -0.014597700740649736 0.020832921806679457 0.004348697365766687 0.012245019390419479 -0.00579828639947783 -0.0067975890195083235 0.012765463626997682 -0.003975277006834915 -0.003544108629895881 -0.003735041576956793 0.009044035157178694 0.009258269336659602 -0.00321514000273017 -0.010913347162684153 0.014358206788158377 -0.004927669882530154 0.0039328807492011505 0.0044352894811680275 -0.01278451405380264 
0.9581659865088329 -0.00023868687540168316 0.0015808463521365587 0.0001486835531493517 0.022570944309556775 -0.01561618775817849 0.008160122308105665 -0.008326979555495155 0.005442702538256967 -0.008396009385027808 -0.013182609374929167 0.00777068066370257 -0.0007002160607002376 -0.027149820756325247 0.015895234384474717 -0.014276846202377558 -0.0010871375216161532 0.01284403520030766 -0.0036783280142701036 0.004213748062786981 -0.0020189508809037053 
1.0107788361886187 -0.005241653899942543 0.012561786929398003 -0.025266988029170174 0.012223005705891066 -0.01060703988047107 0.005054007275034417 0.007155077352965193 0.00293172904405805 -0.00780218944987337 -0.007346053091665138 -0.001447712044635757 0.00256429701157493 0.010864987274706299 -0.009220402905671485 0.016063072979152177 0.009620834585675551 -0.014590782453857816 0.011648866383944157 -0.005172814982638076 0.0017532476508779458 
1.0178777140110937 0.011587632770200546 -0.001185051828894414 0.018666542891831103 0.011802444231740048 -0.008207616692881219 -0.005825654406627186 0.00035843624133888655 -0.001600333977474576 0.004953797592131167 0.005549991220042 -0.011427324188752487 0.003579975045691209 -0.03207406309956342 -0.0003212574515715642 0.0029792652376620338 0.0023158659911343723 0.0043961920882749726 0.0008766855311689972 -0.013962927897513761 0.017218130030234396 
1.0101531116176645 0.00444617992945963 0.0038360211738998917 0.010789475843081995 0.0067046739867425275 0.004330249919302341 0.001520125275336795 -0.009197511816253143 -0.016875905351228394 0.0004330963290864713 -0.0011047361953742056 0.006691381351219549 0.0059138738626025355 -0.013378620837121801 -0.017965816324702007 -0.003046490383567127 0.0017880611295516974 -0.00038118074738741677 0.004469654544573388 -0.016259293481734566 0.018383098778229093 
0.9621984271701326 0.003595166367484425 0.011247898588754439 -0.0006809152311566638 0.01732220266403536 -0.014182377689756534 -0.019139703336898392 -0.002623501159508185 -0.007074974115411505 0.008391468028457529 -0.0007877783802521808 0.0034582352922441773 -0.0015688550120951513 0.00041143576600697 -0.010548994131830974 0.008838715890311807 -0.01629512948846824 -0.018518186100134046 -0.0024236903255111346 0.011025514515020188 9.005018236668338e-06 
0.9637853793182765 0.0018490933194047407 0.011279519923190671 -0.0036319205526189565 0.013908768885501728 -0.014543579855144047 -0.008747896851789082 0.0012736443975656284 4.4541277598743627e-05 -0.017711123798983815 -0.009050930947000489 0.001910272533325839 0.0027613156391730156 -0.013257660828801799 0.0025052486132466746 -0.004090299833892258 -0.001643295585811226 0.008612859543215019 -0.011112364863965815 -0.000680846656770332 0.005862608067491966 
0.9457327506664631 0.006427301968811841 -0.00776704146785422 -0.004408052040408042 -0.007461905172545349 -0.02729095726574964 0.0013353880876855995 -0.0049991110412678 -0.0020224510278210655 0.007229202403448902 -0.01464165454691496 0.00042261731395343115 0.0051318407065637705 -0.013899415010277302 0.0029070650868420356 0.00441411368902797 -0.007366292748085851 -0.010781236934178422 -0.005542674781754825 -0.0007555367242912248 -0.004105749236830669 
1.0393917749824546 0.006702616606600924 0.002005297145238576 0.0016872678160344563 -0.022236028920305916 0.001269674628153731 0.0025353843351051254 -0.01767234538317448 -0.006031247058816055 0.012790039105412501 0.0009193736016424205 -0.023861841131477896 -0.009317741670573563 0.0012919773469317161 -0.0006941778244077813 0.011061450919865662 -0.010417672415937091 0.0051614099041457995 0.027158430037214767 -0.008068824229943643 0.008399325763250826 
0.994707660662313 -0.0008740058159521764 0.018138235102137818 0.01106084983969431 0.001224116040153344 0.003841823842027256 0.0024879207754842226 0.005579101331239264 -0.001848310610782008 -0.008118314803463257 -0.006091741565283142 0.016158467729436205 0.013462347740176399 -0.0007853515686858256 -0.003627871797548962 0.008574574532247022 0.0028948284955597893 0.00882353538689304 -0.002253523919484229 -0.006697661733246739 -0.009330168638206338 
1.0308919979428501 0.009976453351000445 0.002265535428323571 -0.0022887212459825885 -0.025178544900405705 -0.010349584244810287 0.005540154305940657 -0.0025332099687494737 0.018810854654934234 -0.008540438424959168 0.0019520406983969626 0.004786133245644973 -0.006052143907267536 0.02721270227133039 -0.007563521925191299 -0.0013183378749659315 0.004603750673886632 -0.0015605471270169718 -0.004297623362421744 0.0015780584811552595 -0.0025953977927900595 
0.9617351520422092 0.005093414786673196 -0.00540591871147878 -0.002931842275085603 -0.014344615800730945 -0.005470636101805606 0.007834561308977134 7.21902013352615e-05 0.005361172958261459 0.01942394793102505 0.00530698300875153 0.0065443826168222665 -0.008185057148069778 -0.002274910896363109 -0.004789842504960543 0.004550700002202262 -0.00041341667735052213 -0.02164217533015349 -0.00481798686990059 -0.0017967679614260502 -0.0230663738526272 
0.9742115025056821 -0.003438088379670596 0.004213020065047687 0.0032340938346176896 0.005958694755661975 -0.008141542365866018 0.02113008048441982 0.012645076499722348 0.009894563430383745 0.009117415266690658 -0.005671498121731915 -0.013377349027953357 -0.016520525273658805 -0.0036185024118365046 0.0013216159351101106 -0.010036944369985255 0.0006600111467922674 -0.001811743364509925 -0.004193572813275085 0.0008198359140224738 0.005332714493318755 
0.9621326872204521 -0.0036995836461557337 0.002819983423871579 -0.012422905971102023 0.017701700993301765 -0.005167414897587981 -0.0018465329745189888 -0.013753983768656648 0.003748883121065227 0.011877477135571444 -0.00045041767836606183 -0.002294638094147409 -0.018522857078385108 3.0456126972245564e-06 -0.01796099535319946 -0.010964084754209753 0.007341867482552507 -0.005582766741751049 0.0025310413368765123 -0.006867575555300317 -0.01867653524049522 
0.9664659355069714 -0.0003238952300323416 0.00178345447251274 0.0020697047320730622 0.0016853013137231427 -0.002228131003578289 -0.003119899862676325 -0.00819380591680722 0.014159370929939392 -0.010907248321926355 -0.007613802038287405 0.0060569532952545035 -0.0077840578880362336 -0.0054650053543001545 0.0002656088467746771 0.004735148980029448 0.004948179995148807 -0.005633796217298386 0.0014179058877800727 0.0016509366072715906 0.007823083055395485 
1.008516442260354 -0.0086954454604673 -0.010209937349030225 0.01120280681816583 0.006258775356549022 -0.006262910652663252 0.011550596028258333 0.0023620541708386463 -0.004016980120966142 -0.026219268353135976 -0.004972937636316212 0.012991742990966346 0.021330294878234644 0.002209074090085416 0.007872999874003705 -0.0030133332377672802 -0.002514894859577641 0.009224217658044421 -0.0017039503327419612 -0.014826793862524272 0.007774934175593157 
1.0138579416427207 0.016482955320986863 -0.009763412819185552 -0.006588147161418974 0.0010448204276130727 0.0011667572796180271 0.010891692750705093 0.01623736190344374 -0.01740938675588903 0.006967998303650586 -0.006269234166875993 -0.006670655497624422 0.005662289479502473 -0.0013134001583128185 0.0030111865571040026 0.01342175075115641 -0.0036545343050001407 -0.010597691835355924 -0.023532265023258007 0.01014494364096792 0.014964463119022416 
0.9707973671789134 -0.014875017199019822 -0.013605994182486638 0.006216821262147894 0.003773494142176057 -0.0055334442158663155 -0.0019917420360765228 -0.0017915828467245623 -0.001081449023573223 0.004373263081529841 -0.01055546061605339 -0.005985102555877975 -0.01695292815194328 -0.014138129174515375 -0.009178565543218288 0.0023570245880572614 0.00877342197157026 0.006970838051904064 -0.008368823591915677 -0.0011837841547475826 0.006170242803515258 
1.0073595408184703 0.011824392440197624 -0.002349887109133601 -0.021357803329450635 -0.005632035220165412 0.0009822911859533865 -0.0008388765609105698 -0.008563823405474702 0.006625367620223297 -0.010083987757497657 -0.0025679336245509206 0.007107911805159182 0.0105782014460697 -0.003943086919851936 -0.009636642343493897 -0.0047619784832862826 -0.008506998947441433 -0.007829271311753542 0.0032685725689590266 -0.006040677539246484 0.005899074916975708 
0.9942981001777962 0.006911986410557393 0.010136313010399868 0.03420974187847131 -0.009059428160609938 0.004103093664389746 -0.009839155865698881 -0.005922818464831073 -0.005751821812034177 -0.006627677709442014 -0.011395240624299917 -0.015051531846599773 0.013135947327735351 0.016683731921612165 -0.007489316213874311 -0.01333252394665077 -0.015519969558944309 -0.009042749593105626 -0.003922854353556833 -0.0027714195662773863 -0.0021629993211090305 
0.9894944828192764 -0.012185624009422755 -0.0032113363230711184 -0.0156764223553978 -0.018050403538353674 -0.020627362459367537 -0.006925812825643458 0.026937272286212965 0.002463297998000767 0.006810006724864274 0.005889866424680835 0.00750927122856686 0.004372025043880013 0.0017154756018198658 0.002723007061819828 -0.007675439794543377 -0.02076723208341036 -0.01571042545819882 0.015701805883264985 0.01156811125555732 0.0010670848123290576 
0.9898779714178259 -0.007498304351267023 0.01109086713291637 -0.005398315157906051 0.010105387519124816 -0.01196734537024391 0.0013352521586740289 0.003797714236575521 -0.004185179805409209 0.004123347098467949 -0.013845673769254295 0.01280235334526165 0.008002858460485731 0.024966841331841138 -0.005774038663597717 -0.008877985164609135 -0.008261363364114274 -0.01606776200853164 0.001687041117990188 -0.006402996634655297 0.0036508111848795695 
0.9814938773589548 -0.00018471106956899973 0.01100065627753691 -0.0033062475553622705 0.011791369599768937 -0.0005614231139504161 0.006839510212094664 0.002853727146554973 -0.01015523532168092 0.0036523928545722133 0.003836961516884085 -0.00557638848457532 -0.007310662228261749 -0.008627354311536087 0.00036744843651714316 0.013902780759902025 -0.013083484164657022 -0.00854609638099907 -0.005081800536189676 0.0002831445872888434 0.002306433725947922 
0.9767274438328878 0.01432057032958801 -0.006645377250701947 0.007466092236312564 -0.00227036710942959 0.002907716719324024 0.006984513450850188 -0.012377268801372089 -0.0007102306988143693 -0.00016753026684038772 -0.004025641252780752 -0.012983568217586505 0.006278188703191819 -0.01966115604868958 0.0055565385362870605 0.0031180639309646807 0.005840200693970121 0.012241951523302494 -0.01881187009605109 0.009626170834836531 0.004540725543365798 
0.9873163860636388 0.0010797848039815813 -0.02154441849948467 0.010250783244907842 0.008770094461138434 0.004169728343235722 -0.0020541590370349375 -0.006238579337703271 -0.003879391172504374 0.0017273569514049698 0.011373470968188484 -0.004038613476591494 -0.002581983813059048 -0.002675927555746917 -0.0020191343034817954 0.019153195418916906 -0.004818579543439191 -0.003625574202528236 0.005539868866932457 -0.00454620762701441 -0.008189701589241656 
1.0429023140227083 0.01097785588241451 -0.004955768574328075 -0.0010720826369933513 -0.0038493102476384994 0.010994754448274071 -0.0036144378109228908 0.019518819865406045 0.00871905791273744 0.012196801715629502 0.005839716546318679 0.0031996168294674016 0.011449067530111143 -0.008509901864962659 0.0069716908593745784 0.00040651703341805577 0.013382630507485144 -0.006556011750127202 -0.005524023984634694 0.004489360200034899 -0.008688164474089512 
0.9459784353877564 -0.007860166242547012 -0.01504547331800354 -0.00045747691862879587 -0.014912909845390981 0.004532348963434618 0.011700498699583211 -0.005715765618732143 0.0050549203135857625 -0.002714612606232031 -0.009756591124328917 0.01363364971666323 0.0049310106961275675 -0.007786612282818758 0.0031528218944456643 0.006549294228863462 -0.008453081085039874 -0.00803233258116627 0.009366826191527273 0.01077177128421501 -0.0200519269109426 
1.0185031881148248 -0.00402435324853605 -0.003748445870210507 0.002140513042035184 0.0062643477159924224 -0.004831929966483817 -0.004904811561207902 0.014311159733814322 -0.015512788830450468 0.0017626212443510741 -0.0012851258094159878 0.0035340410362063967 0.009548888552353408 0.01589508041871604 -0.010727530288671317 0.004351914525982933 -0.009681084140623466 0.002625399895059911 0.005651062188750917 0.026426622652822175 0.001467367466046412 
1.049511826128842 0.008937729133368714 0.015998573511354926 0.016366341953230716 0.006087305714695952 0.0024139458915038545 0.01507007659285567 0.01082101522599107 0.002565958171195776 0.004885776359400182 0.018937927060970666 0.008612917551511497 0.01454068666024351 -0.004346842833782322 0.008475943235444622 0.0019563079034732762 0.0011964315185853413 0.0018843446053179178 0.014150342589763823 -0.015386331654242366 -0.0067510802158896365 
0.9921331840155959 -0.008221009243171436 0.03054984219594934 0.0013978202738517637 -0.008008084028127435 0.005288831836903238 -0.0055897297102989445 -0.016796993318870083 0.007068572988683079 -0.004167092961528694 0.008280729403499025 -0.008825956046443066 0.005198729086059426 0.00587928492444738 -0.003600745802897453 0.005467887905554768 0.013612524039050609 -0.003846197688458158 0.01733500322513316 -0.012656029780041551 -0.016521005074957264 
0.9897763289471435 -0.013177639872978921 0.0021777958695916033 -0.00210194158838166 0.000938396942570371 0.004383303871949721 0.011526239787669972 -0.006086904161970932 0.0024341259917398587 -0.0022352719542613024 -0.005902085925829292 -0.0009238638402220486 0.003375609846198232 0.011674309951768904 0.009648573534330934 0.0056668760774863085 -0.00931653448172802 0.008952585099195456 0.00631278699355545 -0.00274248739368584 -0.007205772105666455 
1.0234722175307516 -0.00873601365354065 0.013019425786081543 0.0052061827830589096 -0.014070502032549002 -0.0051597796748457814 -0.01372313124830973 0.010218421288534889 0.0004063329860914898 0.006152390632466054 0.003863510984934985 -0.005782026181729793 0.0020336481323250553 0.004761349165942654 -0.006294316681958825 0.0023888860704393863 0.002196487588666263 0.006563786236417521 -0.0032183238246861028 0.0010998114732526148 0.0038111660378718245 
1.0589976124765432 -0.0018778678527132146 -0.015579369068007084 0.005634095752136509 0.0027264655778236908 0.001484512362944524 -0.019536780915910684 0.003774582442645524 -0.005126032610195865 0.005371430064756433 0.017964200574670658 0.006410270194764528 -0.0026030290406986872 0.020887505066547404 0.007791694564759144 0.01003501695893648 0.0011815400131608641 0.005199727758916521 0.007440344013090722 -0.008612799981396286 0.02287554232736365 
1.0169056866506008 0.003826172828861325 -0.0061414554257178166 -0.010803328240718935 0.004213835631777582 -0.00794450835301538 0.004474032802250511 -0.009869637342690321 0.00414018963227299 -0.0005839871650130854 -0.0031153775496539768 0.006004708414839421 0.0038129263039006632 0.014421203122174715 -2.701683473591268e-06 -0.00312166781855875 0.005751930169881999 -0.007027302937022905 -0.0006002945340171029 0.00604558101561197 0.01509033868161994 
0.956425720083145 -0.012809773445734576 0.0023590116271517865 0.0032613657383247325 -0.027220218647911812 -0.007399456668207285 -0.0014892906976086567 -0.023049673627682038 -0.003859312302529911 0.0051209384575486286 -0.015777483770915937 -0.012120425466291836 -0.01821395717520634 0.0018664439855002688 0.0005578039131277231 0.0016843059496092546 0.0032550570787368994 0.00523390123417163 0.009230256268936126 -0.0016639158429560086 -0.006150444344916466 
0.9928560106113332 -0.0012451293573669591 0.013224440052017403 0.015819658709548517 -0.004217576416100862 -0.010386484510292478 0.0021506122000487828 0.010816328584263438 -3.1793864188642486e-05 0.007052295930867286 0.0004056700137899725 0.009327880233957486 -0.005424472118147198 -0.004056106155820172 0.020119684561932662 0.006838112691059198 0.021912229952717643 -0.024517184217106868 -0.0020675377752634354 0.007208889874518444 0.007554112385538742 
1.0415057653552127 -0.0021776360918350163 -0.010394031053054953 -0.003153565175783369 0.0012509348877807783 -0.008794850076867169 0.013988014385533477 0.006643444031669537 0.006791960650329956 0.024242939874721307 -0.0019205879266461737 -0.012111113134825473 -0.007293476085168575 0.0040410518933340425 -0.013608407705684769 -0.020683114253657382 0.014774235257318294 0.006116748159116868 0.014300964714173595 -0.0059152084313666186 -0.01255366733756713 
0.9628041726053451 -0.007272889702489507 0.01132352569329018 -0.005837092869954327 -0.009819246187693502 -0.0018267299192891043 0.001855985992721033 0.006382774042365099 0.012761748975275863 0.0054289874877437826 -0.003490780361330883 0.004075907356671326 -0.006426523446633744 -0.00866862841733721 -0.002862935327102602 -0.009881546413703163 0.0033225950955076207 -0.012538279032943451 -0.006935968348688496 -0.015071071436190644 -0.0059541646853429045 
0.9899960732207805 -0.011879113052939198 -0.014443965774453576 -0.0040508965604153955 0.007248984322455144 -0.019822584043508416 0.006500186084452403 0.009509290554881842 -0.012890962572141734 0.011077329692717337 0.009926622091500886 0.002477039482333021 -0.008907728158696466 0.014042086964506081 0.00969410695111414 0.014959801379793743 -0.008138161032460867 0.01256092790647586 0.012658804592861967 -0.010112470897424366 -0.022716835521039754 
0.992232169133576 -0.013429859304135452 0.004379904104586322 0.01227924180867219 -0.008357939365217844 -0.003012220342845303 0.015416643876626822 0.01510738015993493 0.004126408086386839 0.004887811134064901 0.002845098647434432 0.0031899393471630628 0.023332291170591365 0.01734014846760215 -0.0009723834552217113 -0.001883462281062234 -0.0009189739501475394 -0.009269679467083082 -0.014627535655271383 0.008838805781129317 -0.013291533151754941 
1.01738463923699 0.011017157462344376 -0.00021729004693198605 0.016112892346898874 -0.014369700049103372 0.005914288352468406 0.007009675477493537 0.013182091623816767 0.014069701959977017 -0.0020960761916081444 0.00027417053371942815 -0.001244492971143816 0.011707518309957612 0.010368405373597527 -0.016796060640862084 0.011877186602844814 -0.008895311201526186 -0.008719095418809225 -0.006278549599527399 -0.002174259333483717 0.005925525034786049 
0.9782497434052986 -0.01405140403448591 -0.00311965078615465 0.0008490545641319032 -0.012185053627554777 0.016656725587960983 0.004847878566171769 -0.010152183214055605 0.005129734089256694 0.007892598908221263 -0.010137450995554458 -0.009945446582131043 -0.007104930352004459 0.011790141801578833 -0.002985750964976405 0.010430561214137338 -0.002946045905983629 -0.014213830859801995 -0.0014307302361248754 0.009827825080649366 0.004148650305146788 
1.0051411310745437 -0.006463987751726206 0.014084029708918491 0.0008018473797846105 -0.012872371263470267 0.004003271390254598 8.800453953250624e-05 -0.0008955943639889205 -0.01972090342070983 0.012809436814280825 0.01597686887393883 0.010633774917608951 0.0006242536071329783 0.006745683775190877 -0.0022702000132785107 0.004217055588489055 0.0057484122874776125 -0.01758925294480883 -0.004380314962058589 -0.005839068215971567 0.005102703584852686 
0.9783459217506966 -0.013707764840961416 -0.023610647971119194 0.011763448599013925 -0.00393717651802971 0.010655275270891322 0.00504768908086217 0.0015940700113283154 0.015992560571829493 0.008167469618572063 -0.012179180652256306 0.00020198891741404022 -0.010518846513852398 -0.010626764169678829 -0.010299006304018752 -0.009496132029092438 0.013967600067912702 -0.006970510956225935 -0.009372047958748636 -0.0224786415004768 -0.012757284670235377 
0.9993725513128392 0.0020263382512342 -0.01058613758078791 0.0010216724235084602 -0.0028229992734710497 0.011457993922842954 0.003475999406029388 0.01944124284946884 -0.0063885631223147155 -0.003159956591246419 0.005407809846774377 -0.014815796697831427 -0.012234858289759579 0.007902253459010227 -0.003426439414068307 0.008860921184230689 -0.01978034195439432 -0.0041963839273795114 -0.005873588876483782 0.002309316775866138 -0.0003075485287944321 
0.9980670378221053 -0.003772424446749837 -0.005504901559091033 -0.000626899736897051 -0.0033679218774480095 0.012297315684603228 -0.004686032814641562 -0.0043723782150462956 -0.010139252940292005 0.001406181726523057 0.004923133847819461 0.00851019750443589 0.008173219695815661 -0.0010429962529584947 -0.001783826643598945 0.0057459066685460105 -0.005493811662105714 -0.005647758907394194 0.005945888146097049 -0.0008185287999112173 -0.007028847494065999 
0.9808072933265276 -0.0052982798855297575 0.008070731574056652 0.005084527979878893 0.01730939930759948 0.01292535524761403 0.008286962963763933 0.014220903791993486 0.0005698816118202727 -0.014498938114199243 -0.012114438854536419 -0.01524265372279573 0.008946843234878394 -0.0063511485801919275 0.004680270660917064 0.013043504029878715 0.00022110371451835537 -0.007414114620237794 0.006401572547460774 0.009627235903843366 -0.014828034814272513 
0.9509329891526909 -0.014594755111434323 0.006474381824913681 -0.0032290359866139753 -0.01740971547347626 -0.014165944909372997 0.0019025518602784938 0.012791902188281603 0.011370382931034493 -0.016066337634729422 0.0012913564661158029 -0.017600412542009013 -0.0034836752514540202 -0.00294166892526274 0.015365146971182022 -0.01132791210656082 -0.0032100968677717875 0.004915692183159281 -0.021398233101185892 0.0064779008218043155 0.006941254175549137 
0.9876711008364865 3.9666431594217047e-05 0.01850883203764393 -0.0036459968568000522 0.003997257912740047 0.00525506135795966 -0.007417081190227273 0.002142406080507338 -0.010215346310704216 -0.00815754831172111 -0.0035839098092502082 -0.0005859035882181471 -0.0025617693355458144 -0.005591131478836621 0.003346173658642993 0.01505655066536875 0.008089087701654287 -0.013605840834778329 -0.00022404616456459493 0.006161553379130933 -0.0011092778082330578 
1.008907185583647 -0.01406095994815408 0.009848077961468915 0.006901764181235306 0.0047096455706077045 0.01897974104938051 -0.006718590961132503 0.00776317954720661 0.0051281028120033195 -0.00591851863261602 0.003354671572236299 0.007762694792075216 0.01978803058390035 0.0031434703512826863 0.01638687259328921 -0.014888607863106387 0.003072548758976721 -0.008491695221158932 -0.00981596708294346 0.009505875177803933 -0.00290947253149705 
0.9456025065178425 -0.004047347919324757 -0.00138750799057466 -0.0021180444860636922 0.0038017801350125812 0.0011033581514197828 -0.004544657527791733 -0.015080321831268286 0.009838580797887167 -0.01669961754007248 -0.0037502067695145487 -0.009214131508503136 0.008477223135711635 -0.009603585170907602 -0.02277327921972589 0.011818783287723057 -0.01124106951469852 0.011152462205053702 -0.0018925450754196213 0.00853064136185319 -0.004275499175676595 
1.0319738982222382 -0.005243303555641552 -0.013379109195488086 -0.001329967018770515 -0.005633839557860529 0.002588271159190803 0.0005833898990523427 -0.015389967309990756 -0.00024368992153689652 0.008052100788510555 0.008336461181409571 0.0020847671351298214 -0.005806491756873767 0.02722540715264564 0.0076175368828005265 -0.005179201984549282 0.01616585417661664 0.007555751598282891 0.009452207978701953 -0.010008168334985842 -0.0007209347401939287 
1.0131785248987675 -0.012110660581398845 -0.0018818734746893712 0.006398436212147527 -0.00040157358844587114 0.012446325548156681 0.017145275270949663 0.0039515506839746676 0.0059764160031278435 -0.011374723761109538 -0.004131461649038409 -0.0070261295482470796 -0.0006244661999882099 0.0016904470228334845 -0.008394519575937016 -0.013766928737508682 0.009610276267847898 0.001141666253384939 -0.008467689140522656 0.001488188435421809 0.026093657310056795 
0.9521582748489135 -0.02790212583452597 -0.0009545164664851325 0.0028897196595973123 0.013159445527544356 0.010148023938196377 -0.008918594703996814 -0.00417482426105742 0.005686771439247534 -0.006982266358813291 -0.004119094476298156 0.012729501223495978 -0.013828015940769031 0.0009994061987931466 0.004254705866347607 -0.03538809285534728 0.0018786007800387975 -5.898341080898031e-05 0.004422872545098554 -0.016046410542708493 -0.007667000018589866 
1.0507065354295864 0.006467841621047008 -0.01831255153615231 0.002735149741290914 -0.009268573091692505 0.00666176056359763 -0.009860959428820659 -0.00041703739314341933 -0.003210449196639136 0.01155824875518604 0.009183558467987983 -0.005455372372695042 0.00648371566849193 -0.005743855707840571 0.004707580274698825 0.006258719680953979 0.0035508874067152396 0.010658602903260013 0.009308967120589406 -0.012961312106257766 0.0006292515697145693 
1.0052470793558554 -0.0002392171484948767 -0.00889482498281525 -0.008880218886384577 0.0016339060563388696 -0.007243931617240969 -0.021526659965681753 0.01459383379879262 0.0031521867074712096 -0.012088920255609677 0.0012370254891314123 -0.0006034451560440906 0.008913111761645083 0.0006558346866808474 -0.0015353372269811072 -9.66095087090075e-05 0.005179195833049591 -0.0015082042273617537 0.000962208351772717 -0.0009861583807605726 -0.0038070509772371703 
1.0518125824572762 -0.0023512210463640377 0.018440322789751558 -0.004171943304122152 -0.020076423044435483 0.019489284160240185 -0.0034482730578491477 -0.009215585615926497 0.007884854275327233 0.006419723353918191 -0.020971210280431373 -0.013337476936317212 -0.003191290438557269 -0.00528414802696137 0.018152654629115705 -0.0010391706432383812 0.017152826529266824 0.0024718413291254576 0.009872622761178958 -0.013339152962268912 0.005215002501863002 
1.0356129170616677 0.007369050625251294 -0.002177196496239928 0.00933449586056151 0.015195162838410369 -0.0037879757926192843 0.01672202238919767 -0.004277109793832814 -0.011712776829865221 0.017707429720158152 0.006020245220064294 -0.004584754705628597 -0.0033328325765500434 0.0013209392305836621 -0.010080148228359303 0.012182146018787346 0.009864617992193628 0.0037683360093912406 0.0035332688983711487 -0.004721530333826108 -0.00011102112582011158 
1.0485419037222306 0.010971072246196659 -0.009374131249192275 0.012928623437594414 -0.011146535025237363 0.01400805209784829 0.0035737711293073638 0.006420312612486552 -0.009129029521391387 -0.001519438477737149 0.011793453239432579 -0.001398397404343997 0.0029793426366776566 0.0030048045763794097 0.009537089762851482 0.015955855921134018 0.0025291047990296705 -0.0058042947196334784 -0.00026744465427036617 -0.007992415363157068 0.01352702302409268 
0.9631659582877007 -0.008371751059145201 0.003897042651164254 0.0033693962128818196 0.013553488895163165 0.008735454220506304 0.003084004731074429 -0.00789273038145113 0.013787129291659095 -0.0011377358711360788 -0.015162808885090707 0.006670362709621565 0.00882841419973695 -0.002466896360303452 -0.014019921255580459 -0.004432747736192246 -0.012548582313050538 -0.00028770807953332276 -0.002700826004930632 0.015796087423865582 -0.002082910522799338 
1.0373355222713065 0.002929784714927681 0.004149414366978277 -0.01484627554570339 -0.020024674813747607 0.0046867358521768395 0.009016193732845203 0.016704645742494837 0.009295890903490497 -0.0004123864333419108 0.006916096094182243 -0.004581773901704338 -0.00043357155069498506 0.006979763137218328 0.013637687078610412 0.0018094903770136314 -0.001591725084639572 0.012495608018009521 -0.0061616956388106684 -0.008544946242076329 0.012430653011441601 
0.9778942724352045 -0.01184680661242283 0.008784619338859847 -0.00304216144747731 -0.012371708078960835 -0.007604026028453093 -0.01844605999356014 -0.0014268835315052436 -0.0036855759684896743 0.008283004076319794 0.025003572211622974 0.009262654205660706 -0.03173821196795733 0.011986078826408958 0.002794728999833837 -0.0028388002749118596 0.007880399769056325 0.0030903704179273206 0.004172476922027623 -0.005407201519087498 -0.00430502458540902 
1.0058068488573968 -0.01468737066350973 -0.005304003638227119 -0.002378678712135503 -0.010153553875309149 0.014096954424237645 0.01548003127804211 -0.01781531216491588 -0.014365828759141337 0.008477029367651913 0.010798583561845437 0.007283681448073869 0.028430045345273776 -0.016781926637081054 0.02561078816252495 0.001445557380883534 -0.005761660194550158 0.003911825947310615 -0.013526811483602559 0.017328990964170392 0.00035479286649472237 
1.0211402102128986 0.003882567366332786 0.005958993193706456 0.0021955772632135805 0.0065627342454273605 0.00454457158540163 0.0009857777999033909 0.011814489131521071 0.010634196418861978 -0.007218684755267358 2.9629955227348362e-05 -0.013773407659919142 -0.002465864701436214 0.010544503431892702 0.010178753590827221 0.00034847518831558004 -0.007107786495836273 -0.0002970045511564294 0.0013378475276905712 -0.016091003692216457 0.009325547592914098 
0.9265687814763278 -0.003181431478810133 0.004126029642714561 0.0006025042592538669 -0.01579817641398811 -0.018212819173048293 0.015930508410507555 -0.0059722268681802835 -0.005335285200784549 -0.0013915952909468034 -0.0016166544632303618 0.01691945158449312 -0.007823330038857886 -0.010324585947231932 -0.010456987166624588 0.010602179082789603 -0.00401964258411662 -0.018401969356883027 0.007520553778276194 0.00459473611896019 0.0018037216123624657 
1.0110330068002398 0.0031495475568479635 0.012553355238424904 0.005936176071048084 -0.005583534163839059 -0.00749222779232 -0.0020200085709053883 0.003031071650648537 0.0074400884482966135 0.015358356584536673 0.0019157002225092244 0.0035886203011767943 0.004453561462716274 0.015954118748821803 0.008612058323926641 0.016685435026147225 -0.009117876734059362 0.004606941131339017 -0.009589722107538421 0.000533783847370176 -0.006749919303807915 
0.9899373596420271 -0.010079276382488107 -0.011181365054511066 -0.001069015709460509 -0.01144679946300407 -0.006119195712342804 0.006429486687917425 -0.0044957506857316865 -0.015343452488244421 0.006342421375247769 0.005658744689780313 -0.009783742910827833 0.026143780323233962 -0.003046374165396179 0.01801209429989173 -0.005155681226029147 -0.009381797101931922 0.00620453078113536 0.0030542917057787963 -0.0073502127040347125 0.00864315682647025 
1.0253669349491197 0.005304029278685086 -0.006937759998016915 -0.016371858172695646 0.016044070749075698 0.0008987404665051627 0.005566416128080203 -0.009186074910188113 0.0030175339355590987 0.009156120433383565 0.013322869607672313 0.018244780276322977 0.017038708944427737 0.008036415167436594 0.012614112056981904 0.021081777473981295 -0.006941154210354667 -0.0049685515858750775 0.013405972817365113 0.013584387410580536 -0.014400772856100714 
0.9924638987153512 -0.00032284742527555844 0.013043141432667214 -0.020688922036822467 0.01196266720693319 -0.00011449716881774251 0.013679345305240863 0.004460514909027583 -0.024788116851485856 -0.0034145487900695843 -0.004956157201102226 0.011327543720181122 -0.00932256862079998 -0.005947669680727339 -0.00475798143008577 0.014069310500416148 -0.008993438572962488 -0.004255108005619113 -0.007196690192859661 -0.008243988560264362 0.01773586844465095 
0.9882797051823053 0.015788871521800637 0.0020734417041428244 -0.019035515988523943 0.004796934017803809 0.005395094865649229 -0.0024676147323114284 -0.017988303044593243 0.0014785635461805505 -0.017750230803034176 0.01631976699105079 -0.0063836672806841565 -0.009334160264040771 0.014717166521157626 -0.01631321099140841 0.007022390307500452 -0.01803467988428801 0.011391989290108184 0.01425795915866125 0.004945340380489376 -0.00662040014105822 
1.0115885009026906 0.0029714781015620605 0.009565759072124235 0.012550474020355494 -0.013302302465805653 -0.002358481710906673 -0.017433281905576383 -0.023140041003263435 0.00934423564023488 0.021957267412881783 -0.009277930606935148 0.0027897819121601814 0.020336540604121916 -0.010934508860550063 0.002656167275940317 0.02073155847978395 0.00016382459560321063 0.007906292666527261 0.003026314044364693 0.00418530824599818 -0.0006430887150446087 
1.0190396410318894 0.01399297576569479 0.009491869934723203 0.01841442965785391 -0.0029923172384503424 -0.023270446346334746 -0.010792313354010579 -0.004801371822820007 0.017217730993135807 0.003981111275769218 -0.00474056567367589 -0.008298655359418285 0.004219199147874937 0.0038321277694314555 0.007479339636112229 0.0009328943702135031 -0.002196640644467472 0.010938373438340926 0.010281886970105373 -0.012216225161964609 0.00036361712468651144 
1.0529433188693111 0.011536402950417848 0.004074145808449952 -0.003636950379121722 0.006297804631143242 -0.0013378152919243688 -0.004551562209750332 0.03034371717820876 -0.0019737497466695867 0.005575297120663131 -0.021167208022218453 0.004467357026410482 -0.004864201366101453 -0.0006671129179411545 -0.004587685909855196 -0.016951907531001315 -0.01140865447587129 -0.0005027598729459348 -6.410290180398536e-05 -0.015875597720009932 0.002284376434490997 
