column1 column2 column3 column4 column5 column6 column7 column8 column9 column10 column11 column12 column13 column14 column15 column16 column17 column18 column19 column20 column21 
1.0031034897151336 0.0050366853724970765 -0.0038372766603254195 0.003146083432216114 -0.0054938678866388235 0.011387477311031888 0.008255956548546262 0.007709763065910647 0.008981206850254836 -0.012678679115657796 -0.010001479518351484 0.005896062447780899 0.00335041751425676 -0.01471150425835743 -0.012894160637715216 0.0016795934408016461 -0.0057941256663737355 2.7286567295707795e-05 -0.008538019358310642 -0.009932892359208651 -0.011527172135763134 
0.9888957733452438 -0.00021491018091088768 0.013637615635884948 -0.004496219337478916 -0.002564195014346022 -0.010169253875953103 -0.012396474080958536 -0.013753369414355234 0.004047642714674719 -0.015278496986800554 0.007741746132917504 -0.004276261078375641 -0.004935637944101485 0.0011288554917559832 0.016622511453015906 0.003640444182359791 -0.005942607080118838 -0.004550310752405719 0.005512916298805811 -0.011576929687926127 -0.0013945597750154382 
1.0137604915012497 0.0014015509279582284 -0.0018625381421936316 -0.013971609295593655 -0.01016661812828761 0.009164917670242299 -0.004402789955242943 0.007913425293326925 -0.0015814968831767355 -0.0006379662204352204 -0.006052804633637551 0.001392670332875447 -0.003280883886527494 0.007026950014632677 0.0008308823993678474 -0.015365653586620733 0.024733721180386838 -0.013797100372620543 0.009415015933356563 0.000277382247767788 -0.01092965801856228 
0.966117982295732 -0.0006081400067363389 -0.0048223435345482405 -2.8306504795199645e-05 -0.0072553988814444735 -0.001789014448884876 0.0009753152357746482 -0.009190550751336514 0.007822462661948627 -0.00643752373170039 -0.006565711313256827 0.018701047027680922 0.012208398497855 0.0005892324612595993 -0.017884093209318188 -0.00285156577504104 -0.012725326732649828 0.00400378034491676 -0.015199208804543294 0.02024355320544105 0.012926949346621792 
0.9892268645695035 0.0024515181351710867 0.0039676676428189095 -0.021616038078480556 0.013383666035449498 0.009690121981905416 -0.008216016863415374 0.011131436160853521 -0.005741396829870362 -0.002383385857454968 0.005635555822622737 -0.00787829477048909 -0.01810746543171835 0.01133052641864726 0.0036044952495750474 -0.0038246984921585527 -0.007162195196414169 -0.00595156991948553 0.009451027274574112 -0.013742514176926632 -0.00414892524414443 
0.9800399681144146 0.017464847823322943 -0.00842915896163042 -0.0061198884292573905 0.001648343564991302 -0.020112552361273097 -0.006397479718698533 -0.01672807365936924 -0.007784765405290791 0.007010013499442048 0.0038534115768357365 0.007385829518821238 0.004315946847596758 0.0034772197321365477 0.0040139631505905875 -0.0058093619800212715 -0.00420990931151172 -0.002021918811004797 -0.0003806881717469566 0.00021129326698711933 -0.004912976540474199 
0.9893553154818698 -0.008011010060195632 -0.004847168012971532 0.0008488857128969633 0.015019026231755694 0.0008463866915178241 -0.0149195735345346 -0.006355253682699731 -0.015319491597278951 -0.007254960947840877 -0.02114325599238886 -0.00886248974325888 0.008714691794185894 0.014187287036100917 0.002852550090401767 -0.015369026092720795 -0.015122675818210099 0.0025214017622776177 0.011190993802131522 -0.004961863950382328 0.0088525920253517 
1.022988966377944 0.00026598275363712493 -0.0023964876907055805 -0.005234788854246073 -0.014507025223090284 -0.001408565978651331 0.009239876962760634 0.0045778447276738285 0.017766004608262945 0.00404212758018496 -0.027308691840335717 -0.014298207586201999 -0.0023781679432494465 -0.011670735770177482 0.00674608739610708 0.010434519419316952 0.005445400054737909 0.009596431460991107 -0.008025142133850298 0.005555627636375251 0.004046908394016054 
1.0663158729342332 -0.0014365682474892967 -0.0038381375217866704 -0.010943806689102276 0.010194463234860356 0.010879355811296247 0.011615985587208387 0.005018434758555384 0.02607213808808294 -0.017892016907544623 -0.004892805133227769 0.00022584775937210499 -0.00045960465329980874 0.003850505354370577 -0.008347045543295784 -0.011093898757740011 0.006645714857332246 0.0025924584923339156 -0.0021742714202246743 -0.0043270696112377854 -0.0018983547182891442 
1.0076454055209814 0.012263748620315856 0.002660209057938956 -0.015983913749246178 -0.005371600600216866 0.014748600753273139 0.004463085891290381 0.02461015565609824 -0.004725308662323371 -0.009105434761578048 -0.009360213448369115 -0.009445743597841961 0.002030516947396381 0.011547457431986517 -0.006755414545043871 0.00155437022173799 0.002132219374504768 -0.008535747857961918 0.007284765393568435 0.013724012715819241 -0.0014384206945012657 
0.9778968141105937 0.005615596962241088 -0.009760524278407587 -0.00467484850671178 -0.008246041628275394 -0.007685148564741911 -0.008907718368899005 0.0028713368274775344 0.001899993747457718 0.006115448503990324 -0.004499005611215211 0.010517028465768928 0.013339762187881321 0.0029065224256314983 -0.004503972438224868 -0.014197961923851978 -0.007376307362810465 -0.01849481978082759 -0.008168462063809155 -0.003678739991696544 -0.0016910861441541902 
0.9989206466073258 0.004518799463873755 9.561406148935717e-05 -0.002679019344817157 0.014455742398981002 -0.013787433017808317 0.007248519119922289 0.0017573612978205257 -0.004431699909287226 -0.0014793539699556974 0.0038966192451183644 0.019842199587666205 -0.0004756936864976027 0.005254651853782594 -0.00130303303021544 0.013530929751787647 -0.0030119930309904152 -0.0024766581543113723 -0.011627126123275747 0.014359605643818663 0.011288207082792536 
1.0191323450757852 -0.0023869405955681666 -0.009595303441311761 0.011670315327333043 -0.004253979098341372 0.01018244104132366 -0.015431609368414048 0.014621792605162685 -0.0038187086805367538 -0.02055969188090105 -0.007574779013997671 0.016512688399266697 0.000533545563768193 0.008352673137434173 0.011046520634125636 -0.006303790797697763 -0.002515984948822749 0.004770829381473072 0.006880101107932517 0.024258273662795298 0.010268341099307118 
1.001053766863641 0.002820541814246787 -0.01151713373517246 0.006371030813388554 -0.014010956675569394 0.012141309550562657 -0.005915505708414172 0.00888215047926564 0.014774146688225296 0.007329836452800415 -0.010498468757138649 0.011962749517114074 -0.003952087894998008 0.0008358588025585189 0.008157583904897426 0.01687529443333459 0.017167577841347013 -0.015463740388047096 0.004685513791473441 -0.008845475784309113 0.003193647420838655 
1.0056772300555052 -0.00880700384755582 0.007222208199516954 0.012854596861049616 0.004521644190730524 -0.007447391391212777 -0.00721105192198352 0.0002132776288422473 0.00016201611913317228 -0.0006786525243765368 0.003438013616885972 -0.007647915176776938 -0.014744143671520975 -0.004537623762537429 0.009750519517288933 -0.0031327436548415273 0.018970094145043265 0.009813775720150407 -0.010079568706495557 -0.002970551573061977 0.0032537070768360278 
1.0552957390976017 -0.0029977757924910782 -0.022617544108603442 0.006958974250208094 0.0009263157766097621 0.006288073695705497 0.007350899236043635 0.017814277231495253 0.0012823674644249048 -0.007469169008112691 -0.015548785569083194 0.008406158425359581 0.006246092109786688 -0.011202801262567532 0.018962431201975615 -0.015073051978731855 0.0067548450137784625 0.017356830230797007 -0.013698056947812714 0.02379590702025754 -0.011284286155262226 
1.0503470551642797 -0.01108269115963102 -0.006684283967902466 0.007859724084642765 0.007692416760877159 0.0018843586071943268 -0.005903863455598422 0.001826236942477042 0.004783829785764877 0.004600223711381901 0.0029751509330932743 -0.008678438896682334 0.022664986000484996 0.0143299638690808 0.009420354029372077 0.007750757909179056 0.023319382852060012 -0.0027300200702308464 -0.009826802488507745 -0.0024957071420411516 0.015939992207125185 
0.9848621219219446 -0.021789290811800255 0.0010199669829204774 -0.001907131420788549 0.003476079915899304 0.006800874018053905 0.003531207641163295 0.0005738131465381943 -0.012774270125700928 -0.036283256685634396 0.005280137933760136 -0.009930567065945691 0.004720643212020731 0.00783296820085728 -0.012626483318986954 -0.006798117486825236 0.01818144960148759 0.012990770903629602 -0.015812427158234305 -0.002238408610892728 0.007485444600958249 
0.968567659106128 -0.012500286831058678 -0.012228107947380582 0.008417505967087393 0.0047451729655768335 0.012305242604082703 -0.0010102896841139588 0.001032762451889143 -0.011913274836318636 0.005059266240967118 0.0019406670024135126 -0.011847519577432812 0.002817343403881503 0.0021508816735228728 -0.004506827530766456 0.010386388766106787 -0.023829882177932863 -0.0011996146616874087 0.007048383052483932 0.00012053338287356122 -0.004564765949763266 
1.019372361056026 0.010767042840475628 0.004666112480937838 -0.005949302940331275 -0.00394967855642833 -0.010268532909335618 -0.001423872613868518 -0.004682032499866582 0.008611641381957849 0.011473254610300234 0.006644048232785258 0.002784417840534571 0.006682888511014907 -0.01704439057794725 -0.005266892168435421 1.6092540049378858e-05 0.004147408611989129 -0.008795951208235439 0.008348183468861828 -0.002701528384823655 0.010361793151100364 
1.0187141521322727 -0.012759575076962112 0.003076623758372747 -0.006341395837747335 -0.002415801981231109 0.005590807378215232 0.019769414716282012 0.004630621146270259 0.001658497707507655 0.0102758174451364 -0.012224388816514777 0.008689951670753999 0.002737209822945846 -0.011598605318322224 -0.003314225760760352 -0.006270614278644816 -0.012867194192744218 0.0175788966003981 0.017551214624838482 -0.0015915829180605532 0.01652573949750769 
0.9803067348938215 0.0053542225166069045 -0.008421302646121247 -0.004609314447830916 -0.018714940541635455 -0.0028000500561224098 -0.003578292789951281 0.0008942550472088643 -0.0040140646728031686 0.001526876309018762 -0.0007625822286749986 -0.003720855836887173 -0.0019182232633647353 0.02055632225706883 -0.005546597509845363 -0.000142933331441954 -0.01409405972547259 -0.015216362785593147 0.019171940978677096 -0.012217035621493655 -0.007962853234242829 
1.0862395287850048 0.03417907409622184 -0.009579890065278943 -0.001297007205685163 -0.004323778617975447 -0.00012790241376109304 0.0058615355870623165 0.01248430767201419 0.001666870504067244 -0.004007929990932421 -0.00855295149487993 -0.004580016351150937 0.0034400130961301616 0.01698357793852614 -0.006043921038339738 0.01597246785893746 0.011619073312864579 0.008340588892073838 0.007758339746332049 -0.0178421603583652 -0.020125508894745407 
0.9877934576138598 -0.0048750099330171276 -0.011259791014121341 -0.0006298503871354336 0.0020789050906760828 0.0008109170635673571 0.012374533334994248 -0.013363355245940319 -0.015983544139387188 0.006308862734983953 -0.01021199129333824 0.0070944557721480915 0.014200786693747493 -0.010035032543526548 0.003734672595460651 -0.006637081235442086 -0.009468676852370059 -0.0028365354928119174 0.021822915366462855 0.004388190880219464 -0.00869774574547404 
1.0196797877391335 0.004519117929286969 0.009387945945915339 -0.009585495239915384 -0.010393532799718514 0.011081723995590322 -0.00403172678051401 -0.014882502348309566 -0.0002903618808117603 -0.0018215128184331535 -0.0036479137204243977 -0.012976862140665528 0.0065918379399903075 0.0020107907790980787 -0.011829154811815918 -0.008530906779609809 0.024658959836836386 0.016026288298483297 0.021037507993317335 0.020603638388030875 0.002174922589517906 
0.9976188432212059 -0.0023615602374482078 0.009341558538365987 -0.009382328732111067 0.00708999198798833 -0.014634638541544178 -0.0018005243005576213 -4.1615695762617584e-05 -0.007153273066247462 -0.0036071197507329556 -0.005090704563966937 -0.0055750348563834385 -0.00995828853497466 0.011753021625533473 -0.0010715548326820582 0.006669976479183904 -0.0001661574365486423 -0.009705452507002386 -0.002920118967639056 0.005198454994701208 0.004484508004344771 
0.9661876571686833 -0.026710351072539378 -0.003974164577097975 0.011269558822041779 0.01372675082173841 0.020355919123413585 -0.008156317395053111 0.009320329487714328 0.0026869346971344294 0.007670424479019408 -0.0008249241042306244 0.016180023411156028 -0.00689034315236752 -0.01422863125089749 -0.011401848122075894 0.005789051823971048 -0.011016185628914422 -0.0011077826195200046 0.008704123141093586 0.007249111440293275 0.012638595519806424 
1.0120725609965107 0.006728124133186166 -0.010869582955653281 -0.017007069470989622 -0.005845461294105216 -0.003015745244957166 -0.02421315382639422 -0.003386316492987316 0.008478489425868794 -0.005253596267305223 -0.0037239403282382146 0.01758867848712386 -0.0022041019379946884 -0.010945055610881653 0.008266360236060291 0.006140188222038058 0.00482164524372389 -0.0018839463850891843 0.01684449140157878 -0.0036259858728911382 -0.016955294937806422 
0.9523212038122557 0.0003688641902724283 -0.012639529976271187 0.012187417259989631 -0.002299128913955351 -0.002017786174280727 -0.010518029583070526 -0.01852811887851509 -0.010761504240076191 0.009526143915358309 0.004296767531073761 -0.006736872369262018 8.502561581795734e-05 0.010957090586731087 0.0005421367384589222 -0.018423129680322736 -0.0004740561499916366 -0.002143549134367567 0.006888293903432183 0.005249541857771988 0.0054440821787768 
1.03503934905894 0.012076822629732765 -0.002320128563288013 0.0006919453882641125 0.013529905682718824 -0.0031989103969951535 -0.0006783714151833817 -0.004432178105149944 0.01751799251101213 0.012481908867052397 -0.004622478705974898 -0.010331919290141113 -0.008221803941259924 -0.0044710838910204075 -0.010755486865124562 0.001405785648578484 0.01794849027341778 -0.0015012743731397354 -0.01447272128013633 -0.008793971655823627 0.014117449125610113 
0.9892952224765748 -0.008747285717447754 0.018714566447652785 0.01946767006068565 -0.0036979188783334773 0.0024805802231669255 -0.003536685292264603 -0.009638183620922548 0.002360595310343073 0.01024043489172577 0.002408632396953125 -0.004466275748193568 0.00420602919473365 0.008624028225118815 0.0033037433149887257 0.0026232136623842014 0.008171875969938043 0.009322399140732138 -0.011130336207024279 0.006491230707568803 -0.00043477562714970574 
0.9984989979324674 0.0025649237994874374 0.009346230259312539 -0.012239336827473912 -0.005529792718171702 -0.004781262137939436 0.026540072755684874 0.007124234585838107 -0.0125363164178567 0.0011930051820516064 0.013907205403061932 0.012938217617217002 -0.0032126386967942628 -0.004155438117377665 0.0045300381274269936 0.005581872941823019 -0.0005250785276044034 0.00208419500916252 -0.001448052211117189 -0.008497455987386045 0.0075816588165214405 
1.0171117504778233 0.01989795234346222 -0.013683113646898715 0.008759638787646235 -0.01580891159970435 -0.01562763934004381 0.004478336967519321 0.005858191256859123 -0.007575541620958214 -0.0017056997204159382 -0.012541425031387665 0.006419145972656191 0.020850118975376804 0.012417505518012642 -0.003001290625395279 0.014001749638027082 4.196589207900354e-05 -0.002456281339348755 -0.007003393724886731 0.021408461038424382 0.01136206742735788 
1.0324083320228428 0.009446852236363004 0.005074756150218041 0.0035349622485309033 0.00450383499573288 0.01181440893222939 0.001578220964279768 -0.012534662524411346 0.026616440627073374 -0.008051665013612343 -0.0014957928783272917 -0.005885505959237686 0.013329215496057888 -0.004529162016683938 -0.009349586554517083 -0.011007345982783877 -0.011653200638695469 0.002773524472868728 -0.0060982426430239035 0.0079325613336406 0.005006621122151124 
0.9951943968646001 0.0028014808622176053 -0.0023283734508412813 0.013188896259800633 0.020211241628191334 -0.009406999604783878 0.006641554085772851 -0.009036712125680756 -0.0026994315429790887 0.0003622604553533232 -0.015833123029293905 0.002256778860137102 0.0039892594363354255 -0.017539926226400434 -0.0038383687393673768 -0.004108226192731412 -0.0046967684163467275 -0.014040399819524468 -0.013516475131385429 -0.027180237610584232 -0.01335518618688421 
0.978738034826491 0.0019440019426098041 -0.005974566513587443 -0.005106648385589068 -0.01964434468029114 0.0010394315503043953 0.009150589414798314 -0.007847861790537975 -0.01610425541204708 0.01108877631628713 0.004757561051333016 -0.00262529628524829 0.015382687607421801 -0.008912620177642099 -0.005747344041831726 -0.014078052375286492 -0.0019290761118391567 -0.006892628005240291 -0.002640777913609903 0.0033604029483350084 0.008854373261937354 
0.994438461260374 -0.02261766506702835 0.011597529517009526 -0.0107014960489631 0.005897782018693188 0.004928914804120209 0.016969919885260438 -0.0029921148603181415 0.009273506894306045 -0.005276980001197774 0.007246184320075233 0.02011006249902947 -0.004741300429308439 0.00560978938896925 0.007418654095869063 0.018313077951623912 9.600711959750011e-05 -0.003583254319942288 -0.0012851674263645784 0.0008949477955182272 0.007619094880241103 
0.9670259404272804 0.0006809059618528746 0.0001278185231174601 0.004830907503908562 -0.019996246798312547 0.012427545830805922 0.004821678076801848 0.008922547917046166 0.00602900456838678 0.00236534076467484 0.00019588414718842265 0.0010281098839985678 -0.006126268041567359 0.005482161353498191 -0.0035207855591931985 0.013180513670812345 -0.015793988397859476 -0.016953979959735157 0.007608106656508383 0.001762143862044669 0.010511791608199568 
0.9240464078655833 0.0018070927318653142 0.01595520832167464 -0.000230888127684998 -0.010232930850422062 -0.013413948465503516 -0.0154617678020401 0.005239130487885445 -0.0186499622692626 -0.01524646534577294 0.005800283318267786 -0.026937956750257962 -0.01927978027472261 0.0032839508226738196 0.002472294298937133 0.004696756719031768 -0.0029511007600188355 -0.007305316058511265 -0.0009084228377112762 -0.004298542353207206 -0.008154620059686193 
0.9680040402577527 0.0212778892031052 0.003557635229825903 -0.004808565982134635 -0.01231584873610993 -0.0004333835420034993 0.008937874231192496 0.00010883080613134072 -8.944543672632043e-05 -0.006302198984630975 0.0024482622842359014 0.009367211440067085 -0.001705647434579944 0.010608890556498905 -0.00583866114493592 -0.010013551446140686 -0.026763594605557443 0.0036235766268646144 -0.007432532649419585 0.0012592911950708471 0.011666538132248785 
1.0294540538536496 -0.005131215848981333 0.0018455476031182566 0.013090577495420417 0.004730319224095719 -0.015719499040347137 -0.011123465253634366 0.021584556403208357 -0.004679577272118342 -0.015272354486453822 -0.0009536555381330901 0.007886110950319231 0.008534865438042534 -0.004664568023908473 0.0022139170374169586 0.004981444820874713 -0.00042989829790244415 -0.010235541377312944 0.016085056073653327 0.007710132456118586 0.0054834116354342466 
0.9939561906887678 -0.00854192472085098 -0.01409676489958887 -0.000538866098818902 0.0038898822980363373 0.0037359425060204997 2.717832993582487e-06 0.007313259455732884 -0.004312933192965475 -0.002772243903914112 -0.00594649433086216 0.004232545807210487 -0.0047687002509728986 -0.0009757714888509636 0.008725304031234999 -0.007299249147623404 -0.008457219351448221 0.010538236997249435 -0.0033900125678084886 0.004888197506667979 0.01527143197715243 
1.0386881303015767 0.006958928527251677 0.009957760177155424 -0.006567376911421633 0.004310155198043464 0.003644210242501369 -0.00040144110432513365 0.01825849830751816 -0.0014256521104006427 0.0036907357287410555 -0.019277984062132495 0.0020392676024839234 -0.005035250054333008 0.0037477159898483465 0.004857360978950685 -0.00014453179966567286 0.0011099087891949678 0.00821553422040985 0.010073255219415645 0.016461137603886497 0.0002869365173804304 
1.100493012958909 0.012552605792280284 -0.0005623418920292447 -0.018146970556994588 0.02803322241433203 -0.008207471682648985 -0.018531063274507865 0.008795502709550904 0.010385547949585478 0.003955792850920158 0.006320219603190557 0.016767565722968922 0.012547654938280287 -0.00024693402705494415 0.013637997589966852 0.01329893581127088 0.004512319559963494 0.016431436035930783 -0.0011862346870165424 0.015207871938340105 -0.009759150301962748 
0.9945746904897917 -0.018405657647639167 0.017232644373589283 -0.004790003956473755 0.006061397941080475 -0.001994047664231969 0.012057079313553827 0.0004378121196471526 -0.0016840170773457508 -5.463699702643835e-05 0.004798320922203198 -0.003008972298579802 -0.002951477651841567 -0.0060372088749799015 0.012388883045688597 -0.010269514820077383 0.0024292543925005677 -0.003968363508296288 -0.007399662317052107 0.01348686536819683 -0.006344194958093224 
1.0127583524914718 -0.00946888906688422 -0.008717959372233746 -0.01874516170760278 -0.012908693281394748 0.005368576209034398 -0.0012402910971713332 0.0043852529100093934 0.003394630574748842 0.010047237771899113 0.01468346790320741 -0.008910094073398942 0.01030136530778105 -0.02258437356728113 0.020626430140765227 -0.012042940051828113 -0.001734769843003194 -0.0012732952713417403 -0.0020120234976004404 0.0012912203750605445 -0.0033422403551105263 
0.9347755646128676 0.0013612807999361686 -0.0014782679364634295 -0.006220327439578755 -0.004461400141384193 -0.009893087154720074 -0.0071115225412395925 0.0009074124816216759 -0.004541230178976601 -0.00043668107975370875 -0.008525253185039406 0.014778316065517279 -0.011260353882656386 0.0046574134509513405 -0.006672940981521236 0.007435459704910661 -0.004139956887511293 -0.011309971340267715 -0.0010134773235827678 -7.38739143961055e-05 0.012627783793833296 
0.9425973292159051 -0.0010946254551627724 0.014461457455312661 -0.006195845768978887 -0.0006833100155227273 0.015092696429032116 -0.0009382006275020237 -0.014324305702989343 -0.007306369099802193 0.0013956285545366862 0.013535270657867374 -0.006692495483983264 -0.0017093962213026123 0.014218613750954899 -0.007929870851691886 0.0031222099757291376 -0.014917560732368837 0.003002182344495976 -0.009035034317047677 0.00589607652426034 0.017917289119436876 
1.070653408150959 0.0020733942760394536 0.008511291268750837 -0.01049183712372456 0.02473125286722212 0.005600788526139883 0.00942215328761326 0.002673909934534625 -0.0002836478392509857 0.02868026221512538 0.011060481192263686 -0.010423249944563548 -0.01815495297743616 -0.003057222321002601 0.008278628759074973 -0.010699883282742777 0.00023967400454337227 0.013254080228819758 0.020021827982911588 0.008872071890946112 -0.005587399819803722 
0.9818179764468125 -0.004066566234103117 -0.0041734037835519985 0.009375642800924762 -0.011328952808561912 0.01190119493595044 -0.014337783319552615 -0.026119108225596887 0.016288320686831555 -0.0025958322890975165 -0.013129930103834127 0.022465154710647712 0.0031101859487855927 -0.005144258998444122 0.010781616415677167 -0.011405536325471114 -0.0017747741327566438 -0.0036639096090988355 0.009291354521772014 -0.01469145155055846 -0.009952113476668563 
1.033362592771309 -0.024826083131932266 0.00455228884126394 -0.0008363050261518682 0.017994319140643752 0.00043624997038970874 0.013863643681697147 0.013198272620670361 0.022245296160237956 -0.0009116656459873701 0.001134448424828249 -0.01890190389271724 -0.01148077182833463 -0.007690620195233329 0.006550350975857689 -0.004342831991275018 0.0002867384214696358 0.0011860857589951852 -0.011470740159516964 0.0038862417084192975 0.007170277838271141 
1.0452219938944796 0.00933113053794758 -0.015399363671244415 -0.015338456656233615 0.011822421660975968 -0.004273050653587497 -0.007759896410264986 0.009332581614191348 -0.008470212042790312 -0.0024382572607390333 -0.005991424181892331 -0.001953354068155549 1.1339935130299048e-05 -0.012167943753513509 0.006686727005156692 -0.01277335429799197 0.006067113587689661 -0.0012587694395269874 0.009646504353632021 -0.01451269630393556 0.017716350318557172 
1.0148544745984411 0.011337832877517244 -0.011811264965180389 0.020528695538596004 -0.014466812543417609 0.004369547300567644 -0.013512527503745209 0.011086965013027122 0.015620424800349897 -0.004658628807165602 -0.010000346340744558 -0.004838873558171266 -0.02191378576409622 0.015954464484701784 0.002024675170500902 0.010592789074254833 0.0024702613926647055 0.0069905548779468545 0.01867238195811753 0.0007210388257466959 -0.004760115815108477 
1.0488657912928092 0.0013565853898659505 0.00531895218973819 0.02156247607739026 0.00021428268494994476 -0.0009231625141268006 -0.004436560675629595 0.010719589007145279 0.001473994502767784 0.004435560764072168 -0.006336561525956832 0.011342278259241913 -0.00034322401642443803 -0.0010477112761971801 -0.00043461266408822714 0.0026406282972991297 -0.002588182640607597 0.00957589152987725 0.03742694390973565 -0.0044640085101813245 -0.009644670031788314 
0.9961660579302345 0.001140295004790682 0.004176641902370533 0.016843052721217572 -0.01253900109309795 0.005701579015884111 -0.003253662760829675 0.007555080056005948 0.007946213056482273 -0.008271593641901255 -0.006884305542402147 -0.0030631204145903763 -0.00035120162074556404 0.008606857532948394 0.013627642195411268 0.001415935991671811 -0.009428508620986547 0.007689133697362285 -0.011341991759246424 -0.0034513145911516455 -0.0044819104673187405 
1.009900764251895 -0.00025969252999029694 -0.01068972596748566 -0.0015544166571706997 -0.004674709593990681 0.000390747857451759 0.0013829721992232313 0.006993852795187338 0.006311768318486115 -0.021183660374426375 -0.00823883920592318 -0.004994713568744908 -0.0006487389564977733 -0.005209550622939378 0.005420047331025218 0.0017833763382071961 0.0049945136222162515 -0.013672703850667486 0.008094989041172984 0.01132050556632863 0.0003552513775628268 
0.9873247178842189 0.0026646652415386707 0.0004053671320619507 0.013493474886548172 -0.0123477061754143 -0.0053997660915706845 0.01669237887159786 -0.008595457104434065 3.377960409831555e-05 -0.017883545247394543 -0.004735679318653401 -0.003202150084944404 -0.015531245827417516 0.007955256390872453 -0.016842214468899646 -0.0007833381179442322 0.014404799772144636 -0.0010368202084977691 0.020255224879988293 0.0038009879033012216 0.004679538081298008 
1.0364403267023368 0.0045188020952332915 0.00669003009782122 -0.01669128052899614 0.003109891757389749 0.013394998804570114 0.0007711155073926545 -0.01181981669836254 -0.0064285560599127165 -0.008280195772855265 -0.0034414675590024014 -8.97544762608502e-05 0.00043618813034968645 -0.00616254904314456 0.017916499520824126 0.004200219588656527 0.006960351584820565 0.017961036512868473 0.00035858859773804506 -0.00529697497057909 3.244725091287141e-05 
1.02560826459089 0.011390801965313033 0.007312144998251947 -0.007623886942761172 0.01097041264881686 0.0019461288466894855 0.012942702862367055 -0.002079412346376834 0.009360620714038778 0.0030375461664327447 0.002470077120501874 -0.006661742091620943 -0.0006578133920620487 0.0003720554592638505 -0.017826797484630747 -0.005800457160482925 0.004046106285159924 -0.009600409617026344 0.0006919042229220211 -0.00035112955821094464 -0.011023249410738994 
0.9814619050439187 -0.01562297459976774 -0.016298361181584828 -0.007803232515617957 0.0035004878953861676 -0.0018352595224707738 -0.006749616919019514 -0.0012660298351531052 0.005121718394175702 -0.012382951145180836 -0.010155590853460558 -0.01850499248586362 -0.016168706546682364 0.0009421530851579 -0.012112657254998254 -0.005750247307690014 0.005729102811313148 0.00552686691399029 -0.00960050264847906 0.005768127067321751 -0.011878741851343012 
1.028826866192569 -0.004417361246960376 -0.0016923139379779741 0.012391096483107518 0.0036470149345420146 0.011545784108614083 0.014180447759175685 0.010123946885215689 0.001004818576053526 0.0096612148282326 0.011851008577152078 -0.0029816117429290034 -0.003932070913580326 0.0203517024415807 0.004725535446312946 -0.01002388196406128 -0.0003502254769266704 0.006019027975791786 -0.0018715548667875045 0.010552102761751782 -0.005262302863171443 
1.041567773028845 -0.018091683870555233 -0.004852968997639598 -0.010084798534541651 0.0030494221333721696 -0.0014160276098841391 0.007600237374150738 0.00618069080089568 0.009803822568325168 0.006624042342377316 -0.00040141418599548773 0.004686758143550488 0.011655080308348916 0.0020839228802094724 0.006823744331831593 -0.011821047693730644 0.015009889866817876 0.0004902668676335978 -0.0011917515583270068 0.018120049886250576 0.006710991932006058 
0.9834952150368652 0.005272648373632339 0.0019621296000100455 0.010103191096429773 -0.004539264319538196 0.0032094172142881094 -0.002173873647400333 0.005286179207129036 -0.00033354535987314396 0.003633909898669016 0.019028256313032423 -0.007875970035313222 -0.006686731959271123 -2.2025009095699793e-05 -0.0023210373713674795 0.007951717603184083 0.015335127276568786 -0.0110177188894233 -0.003086990870001656 -0.00043771393360060134 0.002197708041866007 
0.9617968129792824 -0.00500384963870283 -0.014791141696834192 0.01633034846026191 -0.00833281595749369 -0.0005084289792370242 0.00209945606014643 0.005876084480640827 -0.00915661065495551 -0.011169345360020837 -0.019914571546366725 0.0018009630237919663 0.004942840408070414 -0.008771160323440151 -0.0011144642792903232 -0.017130272195957523 0.0054972231220511095 -0.018122418152722725 -0.01668398491872743 -0.0016029582622647666 0.005996398206498882 
0.9799253108923986 -0.019479439821189732 -0.011738987972129777 -0.012866128654650229 -0.004638349439675556 0.0023715421974892068 0.0036423293297856325 0.006085917512764779 0.010387296521285018 0.013865581757633716 0.006649149490285599 0.0029070288729149706 -0.00783714079525095 -0.011203447540385453 -0.005614497878113919 -0.00341667577393019 0.004258965579684986 0.003413811180769594 -0.012782363517498152 -0.005693607899116969 0.0009375087784276942 
1.0180105068182272 -0.014499693102168157 -0.004627684300789907 -0.008691856338135087 0.007850383699223407 -0.017559485058078427 0.02943442911097183 -0.010643033148139691 0.0031230955630093117 -0.0036813959325059827 -0.0006372275765503062 -0.0035040290276847135 -0.012646171195392264 -0.01212940442058519 0.006456869156214938 -0.0047843325148893565 -0.007529093766355004 0.008773813087027783 -0.004915840644255616 0.010381091757355918 -0.0028684159868088426 
1.0067591611760478 0.0040532555243394846 0.010316766755325111 -0.009802968504327846 0.008089683309516964 0.012925085460973961 0.006195676651622415 0.0044909761416656105 0.0017806402491667716 -0.0062330723586872736 -0.010550848541174803 -0.000900627793649345 -0.003975641855480617 -0.0071622953934285865 0.0032717318079207207 0.012546928556101249 -0.006958789054574553 -0.015090875159479327 0.00025720340213008407 0.009093675177557744 -0.011737759453339163 
0.9554967382275422 -0.0097119527886251 -0.01326023288968058 -0.002865012698109415 -0.005812214624216674 0.009918932941609506 -0.0045607533145282635 -0.008798740092895661 0.0012290303203960488 -0.005592314403155332 0.0066677149292439135 0.0011786392897506768 0.006085978591748174 0.012326888432295414 0.011631614209797 0.0004934852464452057 -0.014262476138897275 -0.005115764354514477 -0.004368842990962926 -0.015464068401380489 0.015087087243903577 
0.9637753554888026 0.013353484531471116 0.021303790475282698 -0.019387821937851168 -0.014364083352495588 0.0230838365612464 -0.01418970826866939 0.0016719305560717642 -0.002217669202303297 0.004356357793311375 -0.0035928880703448548 0.002834009525745905 0.0038183421979883724 -0.00831950889793274 -0.012943962726942029 -0.005368230528744514 -0.00388096871780404 0.011249060932156942 -0.01431437020910443 -0.01407040688343927 0.006377411915259987 
0.9764808286579237 -0.0024473199368234833 0.014063345674199873 -0.0044711964374011 -0.0076193594792218315 -0.018549570423765337 0.00035319308603788804 -0.0029476794717280285 0.0035022382949148447 0.0025377438572210713 0.012397312232348657 0.009106363678236824 -0.006772408716397147 -0.0028967494542826056 0.003305787572620213 -0.009430425453410714 -0.008568222282423968 -0.012613339891288804 0.00022132673884175111 -0.003156387679390931 0.021804584089362304 
1.002137017427587 -0.005359502413432823 0.004790985770404602 0.004498838903411687 -0.013401420324458022 -0.01417019940836206 -0.011110913985004635 -0.0030509238425860913 0.01230395040257652 -0.0007422640978914355 -0.009912957094605275 0.012017535227813915 0.014923323435304406 0.00550149724223776 0.001942613331055358 0.011653335214557537 0.003148387246871655 0.0051572122960708835 -0.018254601774798478 -0.021969033104924034 0.00611819031907605 
0.9555510666285516 -0.0006215725200399009 0.014576875571094107 -0.008447183235974012 -0.012528077291823337 -0.0063007024002784615 -0.002263190990050508 -0.004245262753891649 -0.015787815461489284 -0.0002732249677438398 0.004916517605690367 0.0020243851886256716 0.005953941491755285 0.005951876032778765 -0.012540203307327231 -0.01058670338236974 -0.000290658038017184 -0.007687132429248355 -0.002356446192896603 0.0029908506169135747 -0.02251780072683515 
1.0406105075582588 -0.008985664965854415 -0.01824835414060281 -0.000803653575589049 -0.0006375629387140748 -0.0094010727324378 0.014308779982382294 0.012790300379500552 0.0038265330203687466 0.004949746000180948 0.013481287735748845 0.014859759163113537 0.00848113652171428 0.015085060254927698 -0.010532600987515914 -0.0020478709950914886 0.005442754659344919 -0.006141373332344864 0.018047456422708642 -0.008890006584207511 5.8349350843574875e-05 
1.016846995818801 -0.0034156135410286247 0.00250079173896265 -0.0031409867520304398 -0.0005291895472915547 -0.006567058328689739 0.002387919247613715 -0.01575581241986304 0.012485194999148064 -0.012682478029957716 0.002311018530592023 -0.0014430658510036034 -0.004992116598730364 0.012907375262901514 -0.01152353996870491 0.0005998028038258974 0.022949837920651247 -0.00027921420009182284 0.023237296576266754 -0.005034158721953139 0.00891159057432018 
0.9819302223694049 -0.019355832197493497 0.001495339791824028 0.006734587689047723 -0.0133615669911531 -0.005086431751718511 0.005565220343010198 -0.021899301265596412 0.018557678709821494 -0.016495878996101117 -0.012722776476498892 0.005652254728891259 0.005474353865113623 -0.002244577629338253 0.006496586033412763 -0.002640922787095837 -0.019261750299684098 -0.009997896919576447 0.015120069043209061 -0.0008045546039551705 -0.009280852090914506 
0.9589206786341098 -0.0055983507413875 -0.008423628457378502 0.0037083556373028155 -0.008330973278834083 -0.0007117747465496394 0.009238239840556649 -0.012747137434984629 -0.00297734815303476 0.011928756589687972 -0.006166267626868517 -0.014542174988199546 -0.012999452433907162 -0.007860830085714926 0.0026009816072468765 0.0005725420197409813 -0.005994066954306868 -0.01648354127868977 0.01667783976438916 0.007206293100014439 -0.0010882180532767122 
0.9558879397639906 -0.010703790940237183 0.005094539426244189 0.01635167395141763 -0.00843499175881352 0.006940437300887069 -0.0038676393145745487 0.007875577370946268 -0.013821388133951559 0.009247150977568064 0.004627187915706471 0.013919167035854205 0.0046021003120837204 0.027248529956264412 0.021364771194606474 0.016777527393644454 -0.01353720426514693 -0.01542746317882589 -0.014096482097391306 0.0169961448466035 0.004217725229873569 
0.945923917896192 -0.010705902803842161 0.020036960001918742 0.009372539045481186 -0.006044616552808507 0.007159832546454591 0.00035764129738333206 0.015301342800305467 -0.0023381400065060156 0.003578795322889423 -0.000569371629303326 -0.009987938768678702 -0.01565615991972664 0.010073925311426968 0.00101926354649888 -0.00971849485149429 -0.0059817019874454135 -0.014452402038197356 -0.005169529947740598 -0.004610163830263149 -0.005154838074292206 
1.019292646561601 0.0009417753276504488 0.009618199309224126 0.015991142594943265 0.0009159275135649782 0.010587733324930832 -0.002472643939249907 0.0007827264539979502 0.0039523368881336585 -0.013226974063913866 -0.0027220049270095205 -0.005753703322380117 -0.005664422834213776 -0.0034087096904887432 0.013404621390865049 -0.005776369132839181 -0.014629133768740778 0.015379137332244337 0.000629551244017097 0.01639206775013051 -0.00991454609810142 
1.0374242136037874 0.011452529953899636 -0.005597077526798111 -0.012571359386036415 0.013934990177811874 0.0039685502455499766 -0.009203794984988111 -0.009448356859743705 0.003589479809235919 -0.017133292945975202 0.0020362679858845394 0.004799629865859817 -0.002710833370016901 -0.0034144905541208005 -0.009027477607870876 -0.00942771976481187 0.0021696354027601695 0.004429002880267341 0.027958196429920555 0.004251954995955888 -0.0057445400322468755 
0.9990350587875717 -0.015454567332979341 0.00603786868485067 0.00021054750168418178 -0.0031281469929841568 0.008255717421531727 -0.0005308728161060476 0.0011310693872852422 -0.004158075374163744 -0.01434127162699759 0.0045364313754026496 -0.0057170851291328696 0.01494865303414887 0.0025654126871980693 0.002434123805038417 0.0019315432411021645 -0.01022677737202314 -0.008313809388510476 0.011755829546662077 -0.012264438946378513 -0.011401067011116095 
1.0367305656691326 -0.023234214503232348 0.01267910454372154 -0.000171371329406294 0.019350941024305048 -0.008196814297508669 -0.011255701266413365 0.010828818859174978 -0.006853676764249852 -0.00249027867928805 0.003616620986220281 -0.0008027292188295282 0.01179179782491704 -0.0024255321996389453 0.012591871597695377 -0.00218900633579972 0.0022368795043805766 0.00923674487175861 0.010792947952782286 0.011520554489195046 -0.0020093104186949483 
0.9732512778284953 -0.005264776516161691 -0.01256180840829273 -0.014699215453903182 -0.002542166547449947 0.006244608690844052 0.006655145444056471 -0.007312041594416075 0.002304110558768443 0.0014717551008775031 -0.00823589998403374 -0.011245440023791405 -0.009697865264510221 -0.020612743367524264 0.005551008821936627 0.009539967333802767 0.009342609078358054 -0.01609913676725958 -0.01349610610668291 -0.006261556571959901 -0.010100192698973783 
0.9990324241955014 0.0004576923906698354 1.584880811205983e-05 -0.004239209943234533 0.00917586588820702 -0.006092266502456316 0.006844264375458879 0.0046232914021953194 0.0013204843742933407 0.005327769163246656 0.004279096140936888 0.01592694274835273 -0.0099340571943605 0.01775551738571893 -0.005200173454239871 -0.011727728720335947 -0.011480470828397291 0.010494285362632928 -0.006494822870346528 0.01300088598049279 0.01765515913133731 
0.9605019546446419 0.013833909323696056 0.011316445571804537 -0.010352826448998861 -0.009961089130607557 -0.0018590545044490855 -0.010724546665672428 -0.004518270167697839 -0.00025230946754405 -0.00024989303404334096 -0.00018202813847637591 -0.01986854113173645 0.00390478425817331 0.0017013322346239289 -0.02541336394060227 0.0037592315245105834 -0.006283118561802861 -0.003089479560423772 0.0055906305309748215 -0.015450382485928905 0.008751316465845543 
1.0576548969455772 0.011352586230959761 -0.011068498774741444 -0.007689992095894573 0.0003192529604687009 -0.009097336836251376 -0.004322825686078793 0.003304625819352833 -0.0062325517476919 0.002416624232334985 -0.017436661286692388 0.003327327849817136 -0.01056413861474885 0.007970039837834385 0.01375204549475547 -0.007130022768148965 0.03454988126626855 0.013167360035642948 0.003693566110851559 0.017364298834308133 -0.0019357327795086116 
1.0696442946322766 0.013049860446387528 0.011643553520737716 -0.001937040373193906 0.02035518163364403 -0.010964567519428937 0.007646345593078572 -0.0017586220201994771 0.0002670592735428375 0.0010826093983902249 0.003157575212740721 -0.005875952989289446 0.0074516884060428406 0.0014617249100374735 0.01968078091465024 -0.007758678575138431 0.0011346503726347773 -0.004158443159651019 0.01261777406695169 -0.0009060603604857912 -0.003887683648227379 
1.006679573316716 -0.002164169717897526 -0.005838418006212078 -0.004743873962885315 0.008327165318746606 -0.007353346724841029 -0.00011702264374030963 -0.007271065212516827 0.001371724199184574 -0.0016002104435020672 -0.0010747515960105743 0.00017073523617574797 0.010010653031219586 -0.004246201658168947 -0.0026136105861101254 0.010470646910989338 0.00828257152645648 -0.02216922194539019 -0.0006426556619344567 -0.012227152444557209 0.004470937570494264 
1.0067463505475618 -0.007835179862803791 0.017961245922141 -0.007305121907890642 0.0015425017612639932 -0.025968089997470356 -0.015766483141381557 -0.0067076953736987955 0.022553657946949777 -0.01753785240800337 0.006424854125582982 0.015478550101428235 -0.0016023834035406054 -0.010513687662019695 0.00909244772115975 -0.006473026624791468 0.010210216410479403 0.005745517833157143 0.01285225375055922 -0.016484172804852745 0.0047794196243576195 
1.0312460217539785 0.004446016640535039 0.016991268266884234 -0.002298704421517669 0.013306619651193294 -0.012021404275843044 0.010035345433511722 -0.014762059941369013 -0.003081636474638206 0.0011959475812518938 0.006195667926624918 0.013584156670886936 0.009344585754403691 -0.005136048101338724 -0.01469869833646777 0.011942248861672054 0.0010133701363493302 0.012017293671175516 0.01960398234325715 0.0038427760786671063 -0.00372485761623238 
0.9903027295658388 0.007319845409593635 -0.014970460853437067 0.006419432383080237 -0.010751989793529163 0.007588237370391305 0.006031770916440339 -0.00926202889356867 0.01122316693851755 -0.0003045678308162037 -0.0021650430168962055 -0.003852489291695083 -0.007324934650619418 0.003648892168812517 -0.003991852889393593 0.009225437733588096 -0.01566006729505331 -0.002962776925890904 0.007306495318808835 -0.013892179621538792 -0.005528463310690322 
0.9856644133602896 0.008046082951357706 -0.002289233947967745 0.0028047640902736375 -0.01660679464450816 0.007321226656234189 0.009792934696743822 0.005662707219313087 0.015095343205242738 0.0040866969343810065 0.0001694866791162661 -0.006282754819931496 -0.0053667306229002185 0.0003885842128042329 -0.009487807503225122 -0.004070992311395799 -0.008314542982225524 -0.019102463960250272 -0.005042572952297454 0.008154443148335728 -0.001553052990848351 
0.9981477237934183 0.003296141937266222 0.006016541389067929 -0.00033623783289679057 -2.559839873325411e-06 0.0012966228388926588 0.001363962576589655 -0.009561541189130449 -0.0058446477944407715 0.008105937332390806 -0.0012417177478190194 -0.015192504987763738 -0.004425368877367171 0.00047403686578636843 -0.003909869240139145 -0.0020531691770240014 -0.0040438681386876524 0.013119341733897399 0.0007419986414962101 0.006564313805042801 0.005020071616111898 
0.9924224679971935 -0.002324933485649127 -0.005408098115164634 -0.009627324461849428 0.006972910000347613 -0.008415814462212227 -0.0016395572898980824 -0.0033394063740622357 0.003169135627090078 -0.006384208283288806 0.0009382314089480733 -0.011360095084637905 0.010252441734706384 -0.008215456377729472 -0.008320426151189043 -0.00557731154670643 0.004646684417356455 -0.01169762719697436 0.006016164936924977 0.0023948544829843345 0.019751543992797327 
0.9753534173846098 0.005849255992519775 -0.004954198655831681 0.0034475399208894935 -0.0009905247814705669 -0.0028312460600847895 0.007346985934699016 -0.01002658322704432 -0.002855223074579243 0.0036700723098253792 -0.00159248421322779 0.020722517992246354 -0.005553984564798873 0.02108817639208677 0.0012468505568193342 -0.014203419835518712 -0.00790160931904936 -0.006498820764733751 -0.0013897020434736113 0.010215033960890699 -0.00142312994004995 
0.9820518625616657 -0.0031464051533329892 -0.0003884657932698566 0.019788248494686526 -0.011967359072939523 0.010774166438416976 0.007490946480168189 0.0014200105719689216 -0.00781335930604755 -0.0023648824656963712 -0.01892389610105036 -0.01694083335468145 -0.0006753022776511279 -0.005609754586831995 0.0013247717044884422 -0.0073039197587119326 -0.004666174748320838 0.007072481008587593 0.0024619932097326475 0.012601093433939142 0.019835294026295837 
0.976955042062956 -0.005026501155290895 0.01170147044160963 -0.013510666166159885 -0.009606648320466092 -0.005914924225791166 0.0014666806258338272 0.007202989506888377 0.004635673310962803 -0.005946994671798051 0.01655048776176504 0.003279930198519612 -0.007292124363629097 0.004058880320260507 0.021884980135817203 0.019789840600276245 -0.0015855677387470557 -0.018613809836695857 -0.018469376668373245 0.000946668021714203 0.011299793789353887 
1.0279643401533871 -0.009537105750128384 -0.006616847632957591 -0.007229210450255375 0.00018430851299369678 0.008893888087684895 0.016615051257371876 -0.0019721765576804742 -0.01839451471571742 -0.01134342185851332 -0.0031833644239639487 -0.004664161185077505 -0.01257345014208678 0.0038786455027608373 0.016749271491855657 0.025560921646635638 0.01936124419901878 0.011174503290243847 0.010412515310559445 0.014330400370337264 0.021272404011205087 
0.9440146772605345 -0.016235082486251735 0.008972319626695882 -0.004761763617929548 -0.010496864572243603 0.0023475303015739503 -0.0011256782505324704 -0.008090953890705951 -0.006846182094893905 -0.02279688923014605 -0.006609763058743633 -0.011913692236375482 -0.0043813432795636155 -0.00946493166212529 0.010502427922019355 -0.003368104910134333 0.003919394750145687 -0.009125882210270447 -0.01716214647805787 -0.002864484414846217 0.002082601936464357 
0.9701215349786577 0.0043016540628976144 -0.0023706199095111964 0.010978542469700883 0.012016227712651846 0.010609949323518417 -0.013502442826597814 -0.003861467954398448 -0.0037328826749767124 0.001346451505724131 0.002533412700961589 0.006409993128993472 -0.01146042889759946 0.007178588848599449 -0.0028830264979152653 -0.012403371022252165 -0.0039974966833263076 -0.005522546975210153 0.019100589653455298 0.0042952361337416116 0.01217918233831879 
