column1 column2 column3 column4 column5 column6 column7 column8 column9 column10 column11 column12 column13 column14 column15 column16 column17 column18 column19 column20 column21 
1.0240833356663717 0.014918994113295739 -0.0038255989794918443 -0.0029177411379630526 0.002178207369421597 -0.015571806219629983 -0.004127339966475792 0.015124391888865791 -0.0018080941536691589 -0.01015658988342127 0.012785589433898249 0.01132475018057009 0.0005747110279330504 0.012883544619340642 -0.0007641837546559965 -0.01785104907629441 0.010375163150102045 -0.0015112692687334088 -0.004705038094176146 0.018247503690199833 -0.004731351856914834 
1.0307375376594745 -0.009297507299005183 0.01540994452716937 0.00312008995504298 0.012786335970563625 -0.005444368961067646 0.007844113615862333 -0.00022573480994634462 -0.011704393902060973 -0.007010068848920275 -0.004167706262332019 -0.006108307270234823 -0.006450232096891646 -0.008177716317030279 -0.019705014305605 -0.0031327183347603263 0.001730805003162024 -0.006302882186584894 0.011259852998144528 0.0058790705931567235 -0.025164138030995813 
0.9512444866852614 0.007421280580915158 0.003341546413770507 0.006048801270731469 -0.007151322817036706 -0.03224953312977106 -0.0012715770447248895 -0.001455007100008998 0.035499746815876296 -0.0053715644871176705 -0.0010935466300920384 -0.016196135276763297 -0.009832862108084301 0.009728747587928943 0.006352792484410945 0.006305737096519208 -0.016375718709359707 0.005208202319339126 0.012553791918550381 -0.006197968880853547 0.0010026859480548151 
1.0316790960180797 -0.003251487011729623 -0.004252636074972356 -0.0030281605643604744 0.016673411391549535 -0.006975500694625764 -0.019387032855791072 0.00802321217337996 0.015851790786451405 -0.0005702686072490569 0.0076959500758557635 0.00266694625883521 0.0051297989485796485 0.002736234659358108 0.003189926496077758 -0.012588576171884145 0.021523971982611016 0.002394031898367826 0.0068552618133757735 0.019737119996134492 -0.004116665360361957 
0.9987438861862169 0.008403386809532601 -0.0009588920580160606 0.006337366568105974 -0.0037665104420870955 0.021807796717387785 0.00021876072559986307 -0.02067753999443189 -0.01242802168759459 -0.01545767072317789 -0.00033369930676787013 0.005126428067730289 -0.0007689576664002143 0.0002997407719132361 -0.012379837909360645 -0.005196762824561451 0.018656128955947197 0.008644888226284717 -0.009927330084180825 0.004842335401620042 0.013793763893487724 
0.9842493115599115 -0.011080643000604254 -0.004953218838637738 0.0027597557283616505 0.01769147175602668 -0.005373509190817747 -0.0035801613760739997 0.009928053237174758 -0.010156354711275569 0.0027734374455061074 -0.0033603551825489037 -0.016666487143387174 -0.009522942897984787 -0.0002756778577629487 -0.00502381474733888 0.006127906441294205 0.012727389199551587 0.0072170514952171584 0.0010357580291115573 -0.0018949419960584846 0.0023942132936073386 
0.995968801712349 0.004865377440434293 -0.005830401208229485 -0.00986358833959575 -0.009472793342623406 0.018902811524109074 0.015875871518929673 -0.00812132033648442 0.006072900418439013 -0.003067904270918994 -0.0016346440641068485 0.004598385122973932 -0.00908211638852033 -0.0024918849681023485 -0.018316726957528513 -0.007718509595771365 -0.023138079500081954 0.0053618502132081695 0.0029062550918419285 0.0022077965461574675 -0.008641049487275633 
0.9761059324428605 -0.006812154306139973 -0.005605276824580197 -0.00679833240272631 0.003407394476954473 0.007834212880583549 -0.0007023779197134704 -0.011505493232361205 -0.010107181017887362 -0.013236797921220867 0.005174020241713411 0.003913669315922545 0.01398718960493184 0.020978836460827127 -0.0029595962986023894 -0.011009714502135589 -0.0020876933554740537 0.0071568816757920095 -0.003115096973549705 -0.009155378311172524 0.012605363217090526 
0.9979636281352641 -0.00213086159346189 -0.006903278331707036 0.009737993366746406 -0.010890774772517686 -0.010997991379663943 0.006911990308613448 -0.00025955834227998095 -0.018155915213636985 0.007229117374054386 -0.0021561241703898855 0.0014555909095603106 -0.00566510857393815 -0.005382817735121873 -0.012081882743701217 -0.0007225302939115804 -0.009680703523291175 -0.009964381105617958 0.01197056055459692 0.016026991258009448 0.002141156183687132 
1.0298324819162414 0.00590529511009406 0.02103397867656153 -0.004617851267152891 -0.007391792420535516 -0.0010669287177764674 0.014683774906184992 0.007429060332780212 0.008203142537377528 0.009097861189418615 0.004792388326109015 -0.0027685884177931913 -0.010706455761564749 -0.014208614467710007 0.001194426530514558 0.010093462527906986 -0.0027442863994239816 -0.013451252465141594 0.002035500998952496 -0.0008780641146807835 0.004035978927297784 
0.9773556948577952 -0.005675438504581175 -0.0017013746897043614 -0.006307977032264174 -0.003127407699473906 -0.0033744068890470104 -0.002124728963782638 0.006465979600182155 -0.01714602765964872 0.0016935091951826864 -0.017087970138904753 -0.022688660222359984 -0.023239130364278517 0.0028415758746696555 0.012080005315212894 -0.009654725951302803 -0.010483944449699845 -0.012545415593089639 -0.00905228010922389 0.013588019672831488 0.00144272307261945 
1.0461359849938363 0.011902915200499973 0.0037325759072062304 0.005175982151577176 0.01111101147740266 0.02704842374563131 0.0014697349001188415 -0.008986338307388611 -0.0075715989532193365 -0.017900110800087823 0.00946062160549355 -0.0026355460345195304 0.013412647299298837 -0.01648486013810768 -0.01738259424066456 -0.004956403081333972 -0.0100797244375028 0.0037722260841773552 0.008742084562041279 0.004286951072409293 -0.009962877145894302 
0.9524858092781273 -0.016036839826325595 -0.015073210498035514 0.0031844017250829536 0.011861941173971702 -0.018732674339018276 0.02063521853939527 -0.006050655321686677 0.008248816422139059 -0.022838441628296253 0.005076459264794513 -0.02079218456991669 0.01045025640134516 0.0038606826789300713 -0.010774965416980043 -0.001442570997797801 -0.005395432157813374 -0.009246793720921664 -0.003175897453704953 0.0019965622266521553 -0.0017469116278422134 
0.9721789827643961 0.00627406692847052 -0.014068546196866785 0.003217583274866275 0.007573888713274573 -0.00029306607234115057 0.004446896581919361 0.0034000111836663674 -0.007106307157022327 -0.007497266711972574 -0.011992494852789042 0.003462262181806321 0.010752971708494942 0.005423054944645436 -0.0007561501502488034 0.009029582592389127 -0.02195481097990591 0.013737556422172092 -0.0165918189813604 -0.0013746871390075501 -0.010928300270497508 
1.0674931624972497 -0.009916180684769751 0.001256276232191911 0.0067977205676245855 0.004749400966861606 -0.0019229241199483263 0.002657042189145142 0.0042616422196570655 -0.0009481843920859042 0.006109934295103986 0.013533271704352064 0.008882815726026064 -0.00038254715819215177 0.011456853571109038 -0.0006166046242554549 -0.007017056619604516 0.0008029412675373635 0.021508562855894687 0.01565545492342583 0.014175167504091472 0.005156298682985085 
0.9794657014806144 -0.002430230240080858 0.0028914098345578262 -0.008379768243995054 0.0008690670121209242 -0.002950382526293198 -0.01532567055972827 -0.00744822640506011 0.018617756664011356 0.01852411929080019 0.006026733544491677 -0.013712016684784672 -0.010730979351899091 0.003930581611975186 -0.0010034086404380935 -0.006322429883430839 -0.0012827086826350653 -0.002379071406607188 -0.00996212157071212 0.0008991426430696319 0.018778719280343838 
1.0350894771684909 -0.005844959901316287 0.007964437925179866 0.00013247344388945273 -0.003091072065276726 -0.0048990362326533235 0.004845337056847391 -0.016547784353213774 -0.0007573741901274932 -0.012988473365790437 0.011315296099689665 -0.006620919373961721 -0.0056089198569034505 -0.02466821065407971 0.005345758532706295 0.0073638477849860004 0.017390086470217895 0.009820128515983078 0.01319012178618581 0.005883399527254938 0.016941581929728295 
0.9963662964715871 -0.003741109304538061 -0.004117941061225811 -0.0019445511287838292 -0.006302474007524557 -0.01259654377739118 0.0011593645453153631 -0.007928795638888004 0.01030922737318382 -0.013735587557070996 0.008229463087491274 0.0016568501517884885 0.004676622971694736 -0.0021798424245755388 -0.009342651714833264 -0.005229334942526468 0.008998320001693302 0.0015548230755912708 0.008032036148895708 0.013397948071547788 -0.006573149292811909 
0.9259506205915844 -0.015840232811409182 0.0018343380337916954 -0.0017419953358734786 -0.013141329341305567 -0.00764895278833574 -0.0239783704928925 0.002456265127603438 0.007036128522284412 0.014834111890795608 -0.005392036049266043 -0.005196306271307809 0.0036209228939899 0.008894710967968063 -0.003094067438635393 0.013057197790615916 0.001947314022249986 0.005709968202951049 0.0035051389400866757 -0.022460695948222868 0.006535489468769481 
1.0205028771338374 0.007314612589232684 0.00495841026669481 -0.0021795913334364037 -0.007276046097713527 0.017677864430781568 0.018929497446649683 0.015490819738459604 0.01207391301553883 0.0014110202925844695 -0.005177032188675594 -0.005177273132545936 0.0035099894611353927 0.004687550591169347 -0.01765086783068788 -0.001575784687232774 -0.0036959639551088675 0.016536725819940395 0.005292878515407134 -0.005841546966758171 -0.0024649205391952906 
1.0189303907708565 -0.00043938022263297804 0.0026075164059305295 0.007986813692569216 -0.007886083195367937 0.010768047114040082 0.0015444594714909322 0.005326617651704513 -0.00044710964303231447 -0.0004693564616123001 -0.0027875822410430807 0.009857289479169216 0.004763463347064516 -0.008713798243324473 0.0031168400954407617 -0.00043970019635119014 -0.0013383821658482316 0.0041709407302964055 -0.007100325290760461 0.002947157004405285 0.019663428892448823 
1.0240261287288102 -0.00800193902969766 0.018376871908417573 0.0038429343759672887 0.012360816095457725 0.0018767642595948577 0.0018176513423658605 0.003362281351441793 -0.009470452138700083 -0.01131588731064345 -0.0011945784465530879 -0.006187499520107562 0.010787507058292345 -0.009821198714167626 -0.005037331880380333 -0.00748597383878108 0.00950689369180304 -0.00015938004752013042 0.0027849425834929535 6.974145124219667e-05 -0.002699657137990677 
0.9975314025717096 -0.0044037926265110645 0.011870742915674179 -0.0042395975083932115 -0.00672606675386879 -0.01712271859340471 -0.01021291297101198 0.0013112573063637691 -0.011215263686899443 0.0010639579572611782 -0.01201886253699307 0.008482765673118375 0.0045950634657053995 0.015316556871524105 0.009085155749939493 0.010853621387288619 -0.014599524052252087 0.012041288495490457 0.000165718909979463 0.01010758396462794 -0.007557382565585389 
1.0081712688380458 -0.010907350701077956 0.0021743874295527747 0.011423788677578919 -0.0033468847963604494 -0.006081262202080488 -0.004377200238305198 -0.0005740079797101656 0.0005193785074611189 -0.004452640610466979 -0.0011793917081603716 0.0031036933791310246 0.01690028228979369 0.002194417094669433 0.006136599228963202 -0.002524319685062946 0.013001895681398793 0.002509877730484779 0.012027683653874946 -0.003784878123948955 -0.011084451950146446 
0.960927770121641 0.0027444727208412985 -0.006251905356194481 -0.0015299933898956842 -0.0074876075130532295 -0.006409305596982872 0.00012079961751776829 -0.0005366245151466936 -0.018296654957981398 0.0009909436772917804 0.01942721478185762 -0.016652252423302732 0.006773919323563533 -0.0027172896298566485 0.0035653528547483953 0.0002213419677974612 -0.012252171804693755 0.009769755517271939 -0.0008722695190832172 -0.01717485499406616 0.0046141057769930076 
0.9492149811318038 0.012689515865552052 -0.012747803002629765 -0.017812131825003814 -0.0029093554995133553 -0.0012840179270871166 -0.01894962619901353 0.008950275393483373 0.010100315763926915 0.006731292560058435 -0.012151552430573271 -0.007818161124770956 -0.006061081289504572 -0.015509374305471313 0.0024747889913567236 0.002794110490083458 0.011911837904142287 0.008189733879429523 -0.001027257250776681 -0.016585858439442845 0.01067557556519278 
0.9562633811157816 0.011177833206235688 -0.014005562448344513 0.006499276957776393 0.011458063055803061 0.002446788392278162 -0.014771092474811403 -0.00819634232195416 0.009501270260390703 0.005661297757711089 -0.011983628432687674 0.005483875125064342 0.016350506714501275 -0.003568707363791765 -0.007728507898795878 0.006303816541305721 0.007635335251156172 -0.004797711012867023 0.005953388395946687 -0.014661203594704034 0.007149869140741303 
0.9786996316189684 0.00624151501165474 -0.016278516031359064 -0.006623476764381131 -0.0031548515975184195 -0.00846407925107238 0.00037988994631081254 0.004759237667733829 -0.0032676542325336877 0.01292057924770995 -0.0005169754063067928 0.016151827812070436 0.020914167710833126 0.0006898241522218903 -0.011387198864768864 0.014160081278895032 -0.003145649601451932 0.02770898312676199 0.008312097485234714 0.003989575817180032 -0.01696992925342854 
0.9840237329918722 -0.004029427362670351 -0.006416589365781376 0.014761427399551538 0.002061338701143575 0.008919134002009985 -0.008808989015843175 -0.0024289650902605585 -0.004975741424030797 -0.0027904270368106715 0.013257647206795791 -0.012982522774073411 0.0024325352897531737 0.00032409109089884237 -0.013558862225357444 -0.00014671717505225956 -0.0009318921274536758 0.012536189588534995 -0.0064537951638291525 -0.0009251157363998362 0.004404869340210604 
0.9945194245285641 0.017252094450586477 0.0014659869988632695 0.005164804725148651 -0.00199530921235001 0.012153397828972146 -0.0036264313393572357 -0.006918088147997071 0.010309828982704904 0.002457749649117317 0.0026589212711822002 0.005784263283864555 -0.003681611653513244 0.002542348357597154 -0.006999301836244012 0.0045401504748891095 -0.011806440535949717 -0.011904875736873679 0.009619506489909162 -0.008637960998869097 0.010720915697730647 
0.9636826660329376 0.0008018771798167497 -0.011476463586420571 -0.022659940958887327 -0.016566198628820538 0.0031976480883231717 0.008216198437304534 0.00551197260628029 0.0038211134081054428 -0.014316769592926474 0.002640929979001867 -0.008156435799360531 0.004328066977721148 -0.0028524016886742076 -0.011252578566740182 -0.00175566484553862 -0.00786881448412514 0.00935874282416929 0.004479419973740528 -0.009257561034197179 0.015602893399371896 
0.988644143299747 0.005862906216795198 -0.012891192689965697 -0.008835882946193948 -0.0066488122644751055 -0.00981257344584977 0.003554854749330834 -0.0068384744245968835 0.002246594375993999 0.008000934791125043 0.013331561186344152 0.006957082899455597 -0.0015759451662511403 -0.0008526243529723788 0.01532449387204383 0.0059737680075288195 0.010775931538149366 0.001383697867227433 -0.005024424559623598 -0.015452924662192702 -0.003512789067840389 
1.0691313356804915 -0.017059330598561604 0.007721556358623608 -0.001625277946981895 0.018998986467689948 0.006138795736354279 0.01572506195708105 0.004571012337881564 -0.005330420457501681 -0.005553635973906572 0.009783723285565043 0.016250148033767255 -0.0004099591589888461 -0.004206710910876086 -0.0048404703469145305 0.00468580507661711 0.002276517867908396 -0.01906618932341732 -0.006210452605810767 0.02022406841155412 -0.013453178212159904 
0.9670819326223498 -0.0040778376440967845 0.0028542862353128783 0.0012256370175763385 -0.004207895273052785 0.00864049799449692 0.007381752682749369 -0.000432825339907865 -0.01167912518676599 -0.010907404403763319 -0.019430526872180786 0.022402110987212884 -0.008140800852293153 -0.0014204292445416469 -0.0053892362719541965 -0.008450849036165213 -0.0029569502562938016 0.021859562658998688 -0.02021233531508695 -0.009126535376043991 -0.0019558164131047045 
1.0056027914422976 0.012497437933192855 0.01285246731717184 -0.007623281699707308 0.008727279348980375 0.011184668247320022 -0.0022029007011597104 -0.0003445579363848227 0.015332447192393907 -0.0184539374709437 -0.005465372714428314 -0.0002622038697551507 4.705185731122163e-05 0.001347039836928779 -0.015841743002831834 0.010316443554778154 -0.00240052073922059 0.006922368482492567 0.0015788382827302194 -0.00033496332023100575 -0.019208346175708147 
0.9886666527740641 0.002111055879705722 0.007483183824820629 0.00010930452835060221 0.008965786221469157 -0.01056322234273927 0.00783120098803877 0.0014788185915875888 -0.0051857220218270205 0.011070464664040998 -0.008635142159767137 -0.0014244042295901965 -0.00469901360644157 -0.0012639285279449459 -0.007728552026866572 -0.005191440325818387 0.005902193732264139 -0.010407261358803722 -0.01754308420968672 0.00017340803493586597 0.0060161729090338015 
1.0410646910230363 -0.001941273261810577 0.017363225242417152 0.015394706942286418 -0.005564285463983232 0.006274903917876317 0.009508975419803035 0.00109843833483158 -0.003741771170663603 0.005094067854617552 -0.008856870555770087 0.00014100001412140574 -0.003022817532405257 -0.006125715464791653 0.018250965268469487 -0.0014365585767183553 0.012690768239537732 -0.021644070850550316 -0.001577387893276337 0.0019655689672448294 0.014394983815976899 
0.9703853265747084 0.008840258596361625 -0.0018418611290237522 -0.006840235823404502 -0.004929285901799162 -0.01953601045380825 0.019078064358899773 -0.009465773062976248 -0.0018927990434044392 -0.00845747506352281 0.004727825443818573 0.0008986535561693132 0.007252272748103745 -0.000845060115539923 -0.0029893436809431168 0.00022245041448828545 0.0006590241492982413 0.011730497187148093 -0.002172130675732478 -0.012129050548349419 0.0021585562930765234 
0.9477786267668193 0.01358433141972192 -0.0007046869088049468 0.004118861140654512 0.00805370458152949 0.006762794618149726 -0.010165894580794683 -0.009452494579709933 -0.0030294420894396417 0.003705194051016521 -0.019809541002601287 -0.007822562274797221 -0.017250455667778993 -0.0010384252703793252 -0.015916487567244994 -0.009928588065417542 0.008325398796376622 -0.0029019808243398756 0.0027235368361366325 -0.0010287274522322934 0.015662413639930768 
1.0194857831413746 -0.004346571406167228 0.0011479361264773616 0.007595225693857375 -0.006682485132077215 -0.020159899184999577 0.001991672243689089 0.01793572656922965 -0.02154682481392422 0.0009616108197745589 0.0088140202787497 0.017028996099136915 0.0017598189688033112 -0.0009168961699586535 -0.003515730730377872 0.00019683563035513812 0.007617677413422148 -0.02017419832733467 0.012408429626722475 0.0022559240294495538 0.005162862626169127 
1.003542698553523 -0.0032876276373954086 0.027931767451279545 0.010598564058800131 -0.011686398590234405 0.011395360081727495 -0.006852089348464603 -0.008337087646456121 -0.0037595025939231785 -0.004217781331977128 0.004825691982201287 -0.005878029159417677 0.005754018580215202 0.0008188720593348144 -0.005689502494805195 -0.02707848602585143 0.011091495457778154 -0.021304662264692055 0.00035024946005751646 0.0004276244548098361 -0.001805842450683425 
0.9855757523557459 0.01147876318437129 -0.00733387574092229 -0.006178001510462871 0.006043905125903984 -0.014800672658037046 -0.00524069919358584 -0.005532098421219638 0.00598554969800112 -0.016303310852899943 -0.009567787681033182 0.004630425561141881 -0.011675724694623702 -0.0006048210814024556 0.0006020900340224919 0.0003956343523749134 0.0023521813930911907 -0.013202829411521944 -0.010578269688594637 0.007343351874616252 -0.004857670840780249 
0.9649529108819989 0.011531141077102552 0.012185417925925033 0.007793295150474135 -0.0020263173565253575 -0.00376986331324809 0.009632255193120857 -0.027394847278968237 -0.004298912593520555 -0.00715557752532071 0.000996289471856097 -0.0011719116171713933 -0.017087823229180295 0.0005156020760683375 -0.014126862351000778 -0.003457410049385801 0.03167524150976335 -0.016658307483354586 -0.003299260421963931 -0.003125892742389546 0.00847082931763431 
1.0486174484732103 0.014046406301196914 -0.0005280054415761498 0.004788664130538528 0.012340395868598345 0.0018562289286866368 -0.008479810821805583 0.018385297196936334 0.021468522398193177 0.0022996100695167184 -0.0006503600524455142 -0.006291966011711098 -0.008160882280083432 0.004655229365475479 0.014009264158685376 -0.008355031517093355 0.001324875383757866 -0.0050126215436197 -0.010029301190385084 0.0033694378668116406 -0.0024188640838701055 
1.0072975696936846 -0.0023180780253913044 -0.002687714095436031 -0.00958211720505091 -0.0067444478042691415 -0.000789399712481335 -0.014747580511986694 0.006905621156120616 -0.010167601519084482 0.003892097804094113 0.01322954149509443 -0.005597301932812255 0.010702325528491928 -0.007189586924916427 0.005007931217777502 -0.004179888922902381 -0.01761963763501129 -0.006719849227634374 0.013557020725433844 0.011095826982213201 0.013772318184704525 
1.0445946902435115 0.0012545563583914682 0.004784694936956406 -0.0007554896922913664 -0.004040729574914538 0.006425888853380153 -0.008114667660163137 0.012354188135236822 0.012581041080898121 -0.003820603081730965 0.0028263671647537347 0.014748159921274198 -0.005313313033686029 -0.007251446278068393 -0.012198750350273265 -0.008131838055480482 -0.00507252487082625 0.004941300819830206 0.026037341571119876 0.0026286472010158485 -0.0021715921636354515 
0.9875247093033033 0.006654328876273492 -0.0042494688194543795 -0.0021539970868847437 0.007968866440551985 -0.0018456252881594152 -0.009279411471988333 0.0035605853947372396 0.0022544255733259713 0.0001851651090502082 0.0029352633359468034 0.004134191370918054 -0.006343176194305498 0.0026452332773710093 -0.0158938478836202 -0.0021499543695329888 0.005644229889097826 -0.010769838283717519 -0.014392610348403985 0.013181006293531345 -0.0008484407425547893 
1.0712349252223088 -0.01649240660166396 0.00965825155277914 0.000772675626133281 0.032950882895764456 0.015277976253538932 -0.006878872273827528 0.010178973202108475 0.0010643010704444993 0.007425662204351357 -0.013117182224428845 0.003119700358300727 -0.011265555140143385 0.014727845239760451 0.0033839330223176534 0.0020428087117201773 -0.0016382432055552668 0.013986638989330558 0.013707296585136376 -0.0028960310903219833 0.019316314637907867 
0.997642550737308 0.00032528137593112983 -0.007846401597705598 0.012336338043450055 0.007623435819787667 0.0004873005720228068 -0.007140521420087765 5.094966272351321e-05 -0.0013418011606307228 0.0020272128102160887 0.014395036660336199 -0.00290178118952258 0.0048596663311279 -0.0005492734541145236 0.007292632985907046 -0.009274200948282782 -0.017477311386836756 -0.014592050289071299 -0.007921575630106559 -0.0028416223966915934 0.014605847341296978 
1.008914708989432 0.0035208023348186944 -0.00035677795370366364 0.006840267498837075 -0.009768636917547473 -0.0024795384337963533 0.006955169064668141 -0.003488941851960929 0.009366337403676117 -0.016860700936910392 0.004292258839030133 0.018540779793582898 -0.02448411936175267 0.015392647592868156 -0.01013756937746875 0.010447344143391197 -0.022462333966472733 0.03227021158485554 0.0191302306764713 -0.0016727539723777269 0.01023849368146364 
0.911122529824397 -0.0003883305918074447 -0.017270798217341822 0.001696320022819003 -0.007754303308652081 -0.007637877210138426 -0.020183943568136624 -0.02805509801012846 0.008202960247077125 -0.002258117715276695 -0.000877909036940208 -0.010423067069164144 -0.015090601682716781 -0.009937641557995723 -0.0026058169650817055 0.0020220025156259397 0.0042157795411766 0.006968126208002312 -0.012027248068997859 0.012584819340420899 -0.01035050606898495 
1.0270194854047345 -0.0024156120078826946 -0.004059949038107904 -0.0010299069979768846 0.006208494175719673 0.009797451573027974 0.0028666957594174268 0.0009062394641951878 -0.015835885336247812 -0.029108916203248236 0.010465280428382975 -0.0067103732654418356 -0.0013439392303454055 0.006974419195200274 0.011139537767121654 0.007428021623856501 -0.026287366688651326 -0.010484373641219595 0.009149051223772494 0.0006726749552770262 0.014690099534869255 
0.996643330426414 -0.009737868120650243 -0.009956098510026436 0.012161134400327483 -0.0014476597082637775 -0.00894141954172772 0.0056062910226337085 -0.0015879529305961395 -0.00036191696151812385 -0.0005563452683542222 0.0026502769769682966 -0.010750571353720859 -0.0007111618844744235 -0.006578059638683592 0.010261042625044566 -0.02324412254492184 0.01020807064788602 -0.00771369433658819 0.01996604983074815 -0.004206967243436319 0.00996365132576459 
1.0128566013252496 -0.00046429787650420897 -0.009346958884124972 0.008267930308258257 0.005523118034510664 -0.0005063655480654353 -0.009867734017433932 0.005151144621353509 0.0074208946028763555 0.0011911940922201376 0.004143888475442567 0.018344360741511283 -0.0010975569071261947 -0.02301493377754566 -0.00954615469794595 -0.011983327246403462 -0.010086271710591904 -0.008248487101999515 0.004812675815474714 0.005637840788235885 -0.001431917412065745 
1.020832404346063 -0.0008251749130989162 0.0062923191072173255 -0.004857339628182571 0.002648175457037696 0.008971282391463359 -0.0012660970207090054 -0.012298885755586395 -0.00470650641544994 -0.0037832265838724133 0.004765133013709484 -0.003807679201157721 0.0034921491748666697 -0.018113310539920966 0.006188181574829436 0.0050819687553105035 0.0021279600069608142 -0.00227715740175406 -0.0009028504201520859 0.001119483841107084 0.0006650660582752143 
1.017159813889336 0.01946294762827329 0.016563200635472466 -0.005750173569060319 0.002920391276485087 0.01040424654749307 0.004195595301550414 0.0062928628492977725 -0.0034496894997442253 -0.0008368132493292653 -0.020022869629750653 0.0011837548786702598 0.02686754576200609 -0.0129602196362041 -0.014705142107578607 -0.01351968749319374 -0.0119202800187008 -0.0038960998993861897 0.004516072103289355 0.013497849238449345 0.004966751372378886 
1.0001868293782898 -0.002984497267598565 -0.008350988508077044 -0.0005870501034613622 0.0015159229217439538 0.00034965584079171645 -0.0009422758154648259 -0.00010133951825244916 0.005580339309354179 -0.002796760753590961 0.007144617034841919 -1.4741629731059651e-05 -0.002084705223441437 -0.021721700032042386 0.0016184664514789443 -0.010296579150963634 -0.0002758318934030698 -0.011108247968927272 -0.0038214353284946284 -0.0008076406248454644 -0.006002466238977603 
0.9840947485177877 0.0007477248254924792 -0.002821681288993274 -0.006550784808901193 0.010244034520156684 -0.02280952536059965 0.009726331756319274 -0.007518440166929719 -0.026755246837272983 0.0018970209546700274 -0.006261140412231653 -0.006720123199594542 0.004310698875444957 0.012645936118062077 -0.003965160163221482 0.004179083535660233 -0.01016138543799663 0.011180886412070306 -0.010374993630601874 0.0024907623395759265 -0.002078189898768646 
1.0089109097697997 -0.009150549593784562 0.024560415844012317 0.010715327633840054 -0.012372009638720021 0.010324936530789187 -0.0011682735191653243 -0.0035201132978132455 -0.0050017586629856215 -0.0010882079679227173 -0.01171466945814263 -0.0024196983097215115 0.016541871353141627 -0.011572352392591365 0.006500408634087491 0.006194045863570993 0.007962556279585623 -0.0013526047778247789 -0.004914339160818874 0.0027559497495821816 0.010130491368399615 
0.9880346304572079 -0.007563539555068454 0.007744571035026447 0.009868227937600877 -0.009047591274888337 0.017461192749683756 -0.0013331693427439386 -0.012952578327312746 -0.016186463967074776 0.005615794096990137 0.0036805176720056676 -0.002792576333378915 -0.012464697381446368 0.0020373201255169415 -0.005651691345912159 0.003993891801774617 -0.008228792963921714 -0.0001744245065800828 -0.003297216554784979 0.007005539549591127 0.0006830125369994178 
0.9704297886384349 -0.008412651191450782 -0.007524204904593521 -0.00037589687375099595 -0.024507001988568592 0.021973935498272174 0.008517438119916714 0.002942412883767939 0.007665348521756225 0.014725081259641287 -0.000583411086107862 -0.010637378603881054 0.0005333443111008402 -0.023762372682120576 0.0006243690203331704 0.0020694989101165285 0.005183449777631994 0.0027113720577697465 -0.01449772043595728 -0.011004917951797881 0.012760677460404391 
1.0205591337191098 -0.00041856425537917783 0.005000744313858623 0.01795227237606792 0.000687680650534007 0.004271878107026412 -0.010659657757836347 -0.010279957879649628 -0.0061274200688709035 -0.013416205745848958 0.009729967459715326 0.02106554346270094 0.0005771563058780643 0.007239378621299918 -6.785997160435488e-05 -0.007300815285982611 0.006478748744746699 -0.005513666194469508 -0.00015211536652982627 0.0039449432615932265 -0.014251062307340641 
1.0426151237996517 -0.013262934039139583 -0.012573130335447226 -0.010082465441371074 0.0024832753626651536 0.001844873294528225 0.011116442212408746 -0.004196902737141006 0.0015027293048468714 0.0010990701351123397 0.002050556792296029 0.01860960849986593 0.0004901029015673095 0.007138698153305618 0.0026076155104414866 0.006371552389997387 0.01109639712865138 -0.022768791998137815 -0.0022977127283978853 0.009544663712421434 0.018321223449055617 
1.0284287000584387 0.009219338747099326 -0.0038221794441410336 -0.016687638133267752 -0.00168700731351276 -0.0020699592305391695 0.01331220807344801 0.002115425642671688 -0.004460893773435414 -0.0011414575966402901 0.005939686218523373 -0.00030338271517087607 -0.01941729383584112 -0.020066830684624472 0.008735156852307652 -0.009795607549128112 -0.006410392264762143 0.006093451452764631 0.013484399207797565 0.0034756093872816383 -0.010436217726335953 
0.9642922635634221 -0.02305461267492156 -0.01981197611590616 -0.005192251758490026 -0.003228790386191814 -0.00989057969567398 0.02365803996323095 -0.009477977813871604 0.006992817815481808 -0.0043746163388447635 0.0006896556226774093 0.0022757274236974542 0.007986336465580527 0.007683958991809725 5.729387654278179e-05 0.0011095389323008459 0.009331509397278639 -0.009969744520381352 -0.01169975709525573 0.0028857414020192302 0.005849719006814712 
1.0021229975178616 0.01304285244345815 0.013136870485417363 0.009598835765680496 -0.008090395582144578 -0.009570145769265582 -0.002514373103637048 0.002905370729450374 -0.005571507839273444 0.005251667414947913 0.011473243266075205 0.001588132853218016 -0.015135481724854216 -0.0044786096145062945 0.00542145425942905 0.01382021139524944 -0.00040731046685372183 -0.009375776401662837 -0.01765553680601182 0.0009427057428868403 -0.00995323198107526 
1.007833754906912 -0.002604441041742306 -0.001029598921818082 -0.00040151136326547826 0.006705948980370671 0.004444027607678952 0.019183418350945752 0.002495021211794519 0.009774201334922041 0.003566720667476281 -0.0069709085307460275 0.005578474708323836 -0.0018438437917055047 -0.002701896294253513 0.0033588247539208704 0.006404211199220619 0.022657079500555163 0.00442369375872373 0.004119471909174894 -0.009479229490458407 -0.01623387141175642 
1.0191065698707478 0.020046015064028363 0.021068193217259733 -0.010094455564389669 0.00017728534939194754 -0.0030939320580142477 0.003652127071139246 0.00963350838489132 -0.015509572957616789 -0.008143195701399852 0.013050848180386404 -0.003395218430081957 -0.002645992150866717 0.0029027118913770985 -0.016322995442534655 -0.0010581881422845193 -0.009260406102313287 -0.003802678583647276 -0.0007361644571352112 0.012475763512679816 -0.0067172642317762064 
1.035787516719105 -0.01813902691542587 0.005101996899694471 -0.011425462707615401 0.0028201999919403365 -0.020215458056664876 -0.001419583992148975 0.021219893430054863 0.009028471418195431 0.016335207873430475 0.01671825922218236 0.0070172013693158754 0.01466749186398458 -0.013642676870265711 0.01748096268744373 -0.00041293328393693547 0.00904750682311328 -0.0034755913234053287 -0.003324575230774163 -0.004651539519415388 0.0005742772308649069 
0.9827998179982664 -0.005685787926728595 0.011223576790052285 -0.0032048274783509426 -0.004333439811268766 -0.01300192880660822 -0.006388064731688528 0.0008346910028663141 -0.010820920377694294 -0.00011011519607843719 -0.005752689686865209 0.0003740492224557813 0.012083290089264221 0.0006259711256401938 -0.006559457222439314 -0.0007789825880538863 -0.0027760003706653567 -0.0007903945306651387 -0.007335444736903047 0.012021993624712407 -0.0088161128072802 
1.0563215225297649 -0.004792294842393294 0.011600065214977915 -0.008614100896825601 -0.0008454499774416142 0.003004645502666336 0.014127336897583402 -0.0023794137088896904 -0.00015425298751794251 -0.004445286121848021 0.002431763470562286 0.010246168669891267 -0.00245204534900619 -0.0004682506092252371 0.0017820377992157678 0.000631094408213925 -0.006241313874553245 0.013379615028248673 0.012038034002749732 0.018794807318863623 0.0015335757801713948 
0.9593112080767495 -0.0079213320938404 -0.0014488274770943408 0.009870543409680464 0.006610368728157028 -0.006002469653417924 -0.01305275448433756 0.001498458094480428 0.007164936167856029 -0.009623027804167406 0.0005988418178351196 -0.009767018038477623 -0.014515963813826766 -0.0017897458727207417 -0.016924344718398068 0.001043976147554129 0.001879592566796639 0.005104462771647187 -0.01785469734990613 0.009189118718198592 0.008821383735503624 
1.0075600114772594 -0.0047487708416642975 -0.0008540194584026389 -0.007528790343978992 0.00862744741395634 -0.01029739288926739 -0.002635062887914815 0.004459553807960547 -0.0026974485339875997 -0.011186245699145418 0.009007244998639712 -0.0004526143572724081 -0.004753743360311244 -0.01800442531611321 0.0034330800813852885 0.006016819351858408 0.012623425167001563 -0.017101338084406077 -0.004257615899282447 0.0035428491572825705 -0.005298166833844573 
1.0044737189269217 0.000578618860226648 -0.004423845254214381 0.004276296245280926 0.003095495374036495 0.005438348930341382 0.0009986694084573218 -0.009801466395140136 0.006035767669846135 0.009984295822303332 0.016151866173200562 -0.00207065587081008 0.013335157863250034 0.006726329252936953 -0.007207987106222551 -0.01194687751364137 0.020526354819352843 -8.356276576512839e-05 0.000428776931600713 0.006161959936441612 -0.006895842318117849 
0.9606808249866484 0.010401770801943929 -0.007279637939877408 0.0010747158058486222 -0.0007321131028895883 -0.010737408363230116 -0.014399991649583038 -0.0013080349008932858 -1.039950050453062e-05 -0.019021153441335543 0.0076075849544193965 -0.0025582108812361413 -0.001375178418960908 0.0014618511283330032 -0.0009514246168858269 -0.014559752266952304 -0.0064824286315321444 0.02053310133316567 -0.0014052954544848631 0.0016908327476250452 0.00016526300798296 
0.9826794265948766 -0.009543044777045871 -0.006641977639163105 0.007899656620556823 -0.012815405756331498 0.0221478267487486 0.00656941581321006 -0.011028931200209575 -0.005248675167642729 -0.012050355101207815 -0.0056007105842759385 0.0036831239234131454 -0.0041125438273999825 0.00682531789796356 -0.009850655081115971 -0.0007745565250052674 -0.008441665168583716 0.00792582339992756 0.00017926464518473932 -0.002733343961513651 0.006273788779072155 
1.004729694965469 0.0007240775664727032 -0.015069950275674373 0.009784142466881201 0.015089571766603267 -0.0026628960080021607 0.005775749943556514 0.00400987839647006 -0.003530126284939167 -0.0010737935473396096 0.0016174562638155115 -0.001400258746688084 0.002651205382652941 0.008076211154216755 0.0018253304251594482 -0.007290676325726228 0.0032434668715270293 0.005829865566236515 -0.002347646510627363 -0.002614217912450868 -0.01854254240210054 
0.9237263622226816 0.00191190591789197 -0.011253306665409609 0.0026363521324766306 0.005872259538225126 -0.008939393596233839 -0.008363106645803354 -0.0023078317598753287 0.00888571139103618 -0.013916627504319639 0.00921907113076929 -0.014116970811325994 0.0055345730194603674 -0.015907779226451483 -0.022868748619046454 -0.0008654639659366242 0.0008307869405668918 -0.010723372800766637 -0.008988466846173285 -0.015839484947497977 -0.012117702785077952 
0.9941475632750951 -0.0076318234797768635 0.006548471898132708 -5.207579129491421e-05 0.0070978675299482605 -0.003623679106647866 0.0042448623150335785 -0.009503761049115633 -0.0066865113505057755 -0.0011107580409823346 -0.012037480208037266 -0.017291551978145372 0.0041686201671874866 0.0015559137234437284 0.0007106762466024064 -0.002932588863338012 -0.0051530756774747786 0.012469923252307847 0.006776401484554165 0.002275578901753953 -0.007021587284112721 
0.9757297553553685 0.0012449141995404507 -0.012961380985481231 0.0051674031634382205 0.0005400766648696145 0.004340967689003685 -0.012545553387701127 -0.028812832558861468 0.0071212481091184054 0.006532871508615907 0.004690718397136249 0.006594573203480564 0.012135887478696615 0.0008242935342849077 -0.0010520402729781257 0.00473017708306143 -0.0007849074797912422 0.007341374790079812 0.023829588735677018 0.002572430594703091 -0.0008890409756465675 
0.9795841760619701 -0.021183748035937686 -0.006113328497023888 0.012257569098024963 -0.003048164165269732 -0.005677443109310477 0.0038053375557154435 0.00015059291675592113 0.012516838552218745 -0.0008677886404922045 0.0008483003691075018 0.004468787960326541 -0.0005977867340141419 0.023682295158416716 0.013214239751787685 -0.00398821192528386 0.014839084488276129 -0.005329412208697667 -0.01182469816577145 -0.014094916904027362 0.0020873061141166473 
1.0370943402050317 -0.014774705748297506 -0.0021648117678593945 0.00014290187720944657 -0.0018994428593132795 -0.0023466509813039023 0.007412177609427472 0.013422437619321137 -0.014951051486876707 -0.011711996435386392 0.002179962038756656 0.0012338387971237888 5.436549921634493e-05 -0.0005203306731404313 0.00813603777096582 0.007849781350598144 -0.003166733735254866 0.004328042708351589 0.004217511230974601 0.009068779940935271 -0.009439926292905337 
1.0113983998780856 0.005662308151818841 0.0018083679537775497 -0.04245869725692864 -0.017000391638847406 0.015627731914722793 0.013897460174940778 0.0092663842694563 0.012418949001748444 0.017604620606463214 0.008702664243617424 -0.0008582058931621844 0.006543484214610574 -0.004199764719742838 0.001459360109816791 0.0005288158438101954 0.0026241103500221448 -0.0027509423809276012 0.0008262720937909081 -0.005684564636342989 0.02600159967517853 
1.0455199652416944 -0.007835106393400857 0.008750523077431257 -0.0014407828242874888 -0.00465801068340088 0.013662994757157232 0.004288189672822801 -0.007258379058183231 -0.0160922274169985 -0.0012031036736688287 0.0018339262066279561 -0.00011136968343108901 -0.013821764248370729 -0.009027030414924885 0.017805703784641295 -0.015357278197448695 0.0009428043586927288 0.0058181218457875085 -0.0029330039027931068 0.010599620449890117 -0.005443997224435998 
1.017931589386474 -0.0012969420315691318 -0.014166484259433272 -0.000518257802303185 0.0033897451883795975 -0.009728007952891733 0.005355390211388886 0.012689813075519063 -0.00748726145855055 0.0006155441422168091 -0.02243448515500647 0.008588962478117877 0.0043747454764952445 -0.014460655561110675 -0.008906350599335795 -0.010529684420985069 0.0008489607344343691 0.010079499695440166 0.023988680906935175 0.0013606257235006124 0.006031583037830849 
0.9731428841064017 0.00984805431514708 -0.003118364196744708 0.00041851331476375295 -0.007580814248101715 0.015067399138429645 -0.014171660413613852 -0.02880576814852963 0.00915401259575693 -0.01308046976345139 0.005059796209588769 0.014989152556405583 0.010624742549502976 -0.019624009113725242 -0.018731139409194658 -0.004506729039442592 -0.009464610225084798 -0.004543979146358105 0.01161948056881483 0.0020414690037760573 -0.0058832337314187015 
0.9849118450303773 -0.0020578298851364925 -0.005650075347162953 -0.0032716108170532956 0.019618353425494034 0.010086450550472293 -0.017834304414737507 -0.0071417839118822525 0.018204295299688568 0.004373825498549531 -0.009513734919167146 0.005889093107719116 -0.000268767102827334 0.0016801346109387087 -0.00500795698172708 0.004290089276304915 0.008746896941221062 -0.009841234899640668 -0.008049878148676836 0.008346644316106802 0.0050975998936593275 
0.9746652816798557 -0.001836516326989602 0.0032667895974241817 0.006334686709834387 0.020010303689852366 -0.009638563813436543 -0.005387409649032144 -0.012440339000067017 0.005605941985995184 0.0004093509553963908 -0.002576242614453015 -0.007219046689764764 0.0048577884053294836 -0.0034526186683621293 -0.008622566823218087 0.0036443547875084133 -0.004497582476341217 -0.003156328705633406 0.0038193963422846816 0.004679739717193936 0.0014483809401094347 
0.9825503726519872 0.023110608754365925 -0.023868919177123513 0.013000767600173553 -0.0014119214866735613 0.003240630977164219 0.007830829207627916 0.0017277783767868239 0.008128391858515698 -0.015660456744039115 0.0001684747041465426 0.017274370693265415 0.01129408415121488 -0.009969128678865414 0.010580006367371832 -0.009076132104341595 -0.015477547649540393 0.00515348364875723 -0.00789423012052851 -0.009802284598295179 0.0014726817650467764 
0.9712480778575706 0.010565140554646834 -0.005970679925157731 0.01902630150433888 -0.001728049956182707 -0.003913573653842895 -0.008609145056296218 -0.01126572445443417 0.003001839483207671 -0.01925093584680133 0.003218998127606061 -0.0035744648933593395 -0.0033767763152406567 -0.014154954084689904 0.005680833624008889 -0.002541896053971837 0.017226449295120013 -0.022960071119731255 0.014201219786206667 -0.010313140521654534 0.0003211139312732461 
1.0132226236520436 0.01650772215078314 0.0009468450717478163 0.01153038380477193 -0.003352932471825885 -0.0037748681194047563 0.008730965466004657 0.0042609935518112835 0.0037896781256317063 0.005316905190291994 0.00166820485348017 0.002627668356845098 0.007151451356071485 0.009599302317998899 -0.0005410621702268032 -0.010771394845027918 0.003923124636103162 0.013076737354724779 0.008589302026381564 0.005536353171761834 -0.0002305609233112629 
1.0917224067654832 0.007797463737118714 -0.0011465205286273542 -0.0028349993026685998 0.007451931103720553 -0.010231659269107662 0.023836428417305724 0.011928688249942275 0.0031663638824342673 0.005032462511961388 0.009699874898858 0.0049139158717361395 -0.003263799213118153 -0.0036582543171901146 0.0233901078735169 0.001157140099918568 0.004797609504806425 0.007397314817855268 0.010841018415748685 -0.004447022516757113 -0.009479658282085983 
1.0358234246145097 0.010925936461365051 -0.0011262616797101915 0.003247692381851144 0.016779779224023336 -0.016806263918006884 0.0012173616479228839 0.0015022513018999833 -0.002428797468264887 -0.012000364225854853 0.007273286387428963 0.0053731182432201876 0.006785452435463227 0.0009616641677218622 0.007562743312329006 0.0012656907725715127 -0.0034347823319197876 0.003524253547256311 0.012429550131882811 0.02531906051009964 -0.002890709227576267 
0.9816530843658002 -0.0029816725053021637 -0.0015277750165716129 -0.006751540459498775 0.0025478401841006943 0.00946345032290196 -0.00461093955035605 0.009432293508724331 -0.002070338882102234 0.0028552191893892113 -0.0031064446079634867 -0.0041465755415603 0.003446330842511948 0.008555625394738735 -0.0183135634316298 0.0007708916911740177 0.010012280525358163 0.00841635448144123 -0.0003691029350250507 0.0014932401696412495 0.0012685948201105674 
0.9454204184502506 -0.010396691624513756 0.003003374033347726 0.008365117377219306 -0.005275410509144495 -0.009563430922016739 -0.015945705737276356 -0.01448089424350027 -0.007937643085009568 -0.011912947719611057 -0.010930446167035097 -0.005055454862412172 0.009008845228907214 -0.011903143568560676 -0.0038907926673608924 0.018306970329403167 0.014778928302728249 0.0004732578358530254 -0.005079680789317746 0.015514951634492758 0.0031947433123587707 
1.0395193471570991 0.01116835191639208 -0.002727234058977805 0.010215452163728855 0.010180599250233293 -0.002425842649854308 0.009759870348934286 -0.005640839639118814 0.0026885378684987048 0.01003719223149937 -0.00037863498408073816 -0.00262762007114678 -0.003855328132135981 -0.013693426791491211 0.02490629869103153 0.011070864715069269 0.009106248352441238 -0.006011238296034051 0.008605316083045454 0.00036551221218593285 0.00022498594110635374 
1.0848749734916023 -0.019421378601271803 0.008378977794691683 0.018054324248566973 0.011748885573199695 0.010506611496513836 0.012515923161027898 0.004611878997259623 -0.009281542008451835 0.0083703378983896 0.0007675976542026751 0.01406921193255399 0.002517281484113263 0.0009056256123301098 0.010983248497596559 0.00010286697621913561 -0.009986644231291687 0.009185698010650141 0.010082498875821189 -0.0009180868869439958 -0.0004362767656764578 
0.9925477048436744 -0.02446771260891871 -0.0045073450072653926 -0.007634952242604352 0.012067885343264006 -0.01168200262087031 -0.003881690831112129 0.01831043336204981 -0.004402012593286372 -0.010485053393439931 -0.028971331871063932 -0.011170301743681235 -0.0038053251688161937 0.01182146929931511 -0.0015097035512075046 0.009892153028152153 0.00040101758092882706 -0.005940282269657919 0.03054961212807454 -0.0013742396795545489 0.0008335066470695162 
1.0009502029403234 0.00245400754584251 0.0051680562202926885 0.007676774029786271 -0.0038235906933615435 0.02174790052027077 -0.008710300552827503 0.0006773793215923547 -0.002176468532136474 0.0029647825597091232 0.005967381420428346 0.0005554479700461052 -0.007605732577951888 -0.003968394642378715 -0.00970094207936532 -0.0009986234553349858 -0.0008238405276711009 0.00012255412193215307 -0.008244721188828833 -0.013084659437942504 0.015502574711418027 
0.9668853005743385 0.005109539847915654 0.003578155288396481 -0.015452075191172853 0.006824963307491614 -0.0013115332162120807 -0.01344544682416843 0.00346171293859927 0.0021803653592969087 -0.002339469840454145 -0.013567369210876905 -0.005349189327901932 -0.006292152237135826 0.011392737289448434 -0.002835251651731266 0.002620803091766805 -0.0031250427132203714 -0.010874289726410693 0.002500844611211793 -0.008606122285944194 0.013960529169152296 
