column1 column2 column3 column4 column5 column6 column7 column8 column9 column10 column11 column12 column13 column14 column15 column16 column17 column18 column19 column20 column21 
0.9640881911615378 0.020040607494908342 -0.01597085592906554 0.0037391142722513573 -0.009468759924036984 0.005177463638550157 0.01241921389892245 -0.014541236717408118 0.0019025692608137569 -0.011788643152489106 -0.004296765724694516 -0.0056584081625521325 0.0007187231738136625 -0.0029754603984091135 1.7892780217833114e-05 -0.017656326316426028 0.006071057991470165 0.001976241474320096 -0.004902407598862154 -0.007784745223440569 -0.003723388938510346 
0.981817276214786 0.006473674695089697 -0.01107900796866481 -0.010107896816798044 -0.010636387469868832 -0.008198991787134315 -0.008909822640079895 0.017238107163057067 0.0027058594705217944 0.014318560002163918 -0.0023625766587084254 -0.004729485079275483 -0.009820488012706758 0.0041695147221601 0.003165986114557325 -0.0119784410317071 -0.005695975680598964 -0.010639949081519417 -0.006759993241692226 0.0032113606831335535 0.005849417021754668 
1.0125379078868304 -0.0028223710822886704 0.017086538549524317 -0.009603988951117269 0.006312922304617993 -0.0066681866144278155 0.013745812329265012 0.021029496882504467 0.010775771134352448 -0.005309057507392945 -0.009300681552069657 0.0005842043000943779 -0.01858540215420194 -0.008542083534038479 -0.011517983314452526 -0.004230678036349313 -0.014624826573871581 -0.01145375345177543 0.0020599981221837557 0.00681720602903644 -0.003590775437851472 
1.009692293780565 0.010445457658537771 0.005342596860323178 -0.004436064992529583 -0.00937792046536421 -0.0014261235228461059 0.006271573651241401 7.786949056214654e-05 6.2730984619021955e-06 -0.008672988073750687 -0.016325385795031375 -0.023451824267797367 0.0020532005898694595 0.013633259453934829 0.020402184735918396 0.0038181121609655406 0.00748661036827164 0.0008046573681742651 -0.006749576313383025 0.022481796195618506 -0.005386128607435561 
0.9754616393792179 0.005524958075112847 0.0019460519623040423 -0.011872362783798598 -0.003042689584545691 0.006733528762600803 0.0036881351219572017 0.0026191269468341157 0.01988006011674087 0.003916541813543737 0.01015172192532096 0.019963919929818785 0.00902250306498342 -0.00491034729778137 0.0065502824319875735 -0.009301075137548704 0.004983070104267488 -0.007549107626488035 -0.00961005199859618 0.011359105873107234 -0.0025665421045635186 
1.0331008039982557 0.024914447440879096 0.001379623144534137 0.0033505975267397957 -0.001707723234396585 -0.012320980772853728 0.003426173423133978 0.018645221411343973 -0.0012014144651486115 0.002264350791148628 0.007104080658041629 0.006091562319990222 -0.0035449094706780423 -0.00046685734543921374 0.00431110686388934 0.014663612800821136 -0.01465219181047082 0.00018181804612570594 -0.021657845961601172 0.0016119290601692119 -0.0012462161151646002 
0.9993042709389305 -0.012278983687504724 -0.011621689425605633 0.016055889048209968 -0.00880450696529647 -0.003538423449892943 0.007216938785707075 0.004918066381858785 -0.0015999987430615399 -0.0021974005020590644 0.00349570576720184 0.009109578547154756 -0.0010095941092694246 0.006686636321732642 0.004001872949007492 0.004652319190684622 -0.005715715116584811 -0.014949416339490922 0.0043082686263666336 0.006803180998742727 0.00402770853526478 
0.9863657433387926 0.01654545227450451 -0.004195487291724022 -0.009622432574544522 -0.0010019916823277414 -0.008496606744572569 0.002682023901948764 -0.007383116944429434 -0.0005776746190326908 0.00022675781329059542 0.010359097318593082 0.011383973788346768 -0.004078579695901616 0.005852343250341166 -0.003065384773773141 -0.012550740593023002 0.0037948942039467723 0.005686295141004631 0.0025528405374185565 -0.016468793936292796 -0.0023204693569841275 
0.9693597742764001 0.005305419077482002 0.0075798349586776665 -0.0010789262221161293 -0.009887007846422614 -0.012718559290113297 -0.03150164318222801 0.010889438322275978 0.00021055856915197881 -0.008691148992611098 0.014364880701341098 -0.008039283338625124 0.0019134830170579565 -0.013865404776594186 -0.012286958279653027 -0.001099280765754469 -0.013101467600390939 0.0072256574736298575 0.0010440182454405022 0.003243252591058861 0.000820080943563072 
0.9671329520232131 -0.0035824903440146716 0.0007020502788762829 -0.008002590630739596 -0.01909451974144835 -0.003938171906908856 -0.00554121720027792 -0.006459602509316102 0.0010933311172059434 -0.001932509144108252 0.00026270763131738595 0.007499422403878369 -0.023525991434145223 0.005244544268329399 0.0026732352534607003 0.0006183665776659644 0.002621281060810564 0.008669437581364013 0.0003891734771688166 0.000578654505315831 0.003170644935884315 
1.0080986363902218 0.00810982458365214 -0.004471003034203524 -0.006638376247000963 0.00046435218355781843 0.003098088191756789 -0.00016524287090887113 0.01803258609177191 0.002814228387715043 -0.0038623677896313 -0.005708703921498847 -0.0005629834194920368 0.01017615123870842 -0.015294757152853673 -0.028265130137987194 -0.029748736154948056 -0.001743276042782315 -0.006896365903474573 -0.007385616555373903 0.0039022406542611326 0.010572589193551061 
1.005025981229423 -0.010363673179875885 0.005633532490569816 -0.004289431716212586 0.013806093468136176 -0.008581030692416855 0.011951418959806564 -0.0026833905180208657 0.0034514063431753377 -0.010625874633574032 -0.00985845376064219 0.0013231209024324266 -0.008281292346544815 0.004696581507140299 0.006553442550131773 -0.002454188338297335 -0.0033993807883013574 -0.02355897139381946 0.0062463043966298065 -0.013793832078220408 -0.00035328578084473544 
0.9405121273392051 0.006073734007946972 -0.0050897420738228285 -0.0034380943542913667 -0.01941629859337277 -0.013556190504105241 0.013916560151464393 -9.665431912143056e-05 -0.0013091950572628236 -0.0012642138017530005 -0.009373338981504786 -0.0028346622278313657 0.014936525086082323 -0.0008651549738848113 0.011657110900105922 -0.01365220914632978 -0.0038118702152709918 0.005625699478683638 -0.0026443297944733664 -0.002859651223386667 -0.010022592726019883 
1.0338638622833445 0.0054825624842988275 0.020518193042323652 0.008833600573322678 0.001368606618343949 0.013085170056866598 -0.00962435610923505 0.010877923149305298 0.007813400202834431 0.00826879064866667 0.005326126816756506 -0.006810322750264151 -0.015383652882862127 -0.00484412380939372 -0.00162093794936521 0.0011346237141704428 -0.020707607088618615 0.0024202014759745257 -0.00945272745775792 0.002121274062877647 -0.001369983527343085 
0.986644002544088 -0.03219344437732568 0.01392083316293914 0.007431403115517587 0.002667658936100175 0.003616114895292002 -0.0053712726400790166 -0.001248707410494638 0.0014010826116759246 0.00023024135261415912 0.0018511255783998657 0.0017706247139258693 -0.007954211247952266 -0.01233158742792894 0.010571253699322405 -0.001099797892717544 -0.009444819475073704 -0.006270842584172969 0.0015520911984260733 0.02042019077943542 0.0003258303834251635 
1.0197891058462436 0.005160817629854597 -0.004005682648016767 0.010859502788875205 -0.0077800196227784885 -0.009192793898588824 0.010645274622886414 -0.008249311065472765 0.004399737157210543 -0.014657663189173067 -0.001585176162132066 -0.015751425118417067 -0.003310299563236264 0.013825216366307394 0.01299202685602059 0.004448205742165794 -0.007999539781725405 -0.019227898698693572 0.022813271450243488 -0.010786141139870156 -0.004396824815973018 
1.0254811801144048 0.013380771256528324 -0.00367086768169695 -0.006468702278706218 0.022672673743686627 -0.006848653776293942 0.0014819167802363105 -0.006661284108654725 0.002749976319876089 0.01815194855713722 -0.013414490594727754 -0.01692589067845968 -0.008272380808596378 0.004211932395067935 0.001944789425332796 -0.0024271665892620846 0.020492282211122356 -0.0021486168029497565 -0.0050278190435999615 -0.00417090537685504 0.0021026782650992682 
1.0318329148611753 -0.0051093178911715935 0.02113740525670756 0.005956146912146215 -0.0035567442944478556 0.003038183636051426 3.40029597029205e-05 0.008198379706095629 0.008740422643478461 0.013386782552393542 0.011511484614557766 0.0010607191692924463 0.009834193382511961 -0.013193354434308925 -0.022593704907495907 0.008754821040904439 -0.003849761101093664 -0.013601607280497072 -0.009709109463984546 0.003967133412204985 0.0045597530357031875 
0.9559532183170577 -0.011763783810120927 -0.012573940834052165 -0.0008977822122821126 -0.00176998369776176 0.01810868177663774 -0.004641903847628865 -0.0038240694913666906 0.00632099613422248 -0.0012388256214971955 -0.007250673259402993 0.0017571690313112577 -0.017999054869919987 -0.0021788819378050417 0.010680633599069164 -0.011915656402389133 -0.003189019190583566 -0.009333241881816057 -0.00441890220604176 0.008620276578058375 0.003607401546769294 
1.0296607602015464 -0.01152509120653151 -0.008403622502855642 0.014850140459783223 0.0035476866002403062 0.004784979362490483 0.0004672326004458629 0.0005843388178995294 -0.0006766340565921158 -0.00833614960341707 0.018238211499777307 -0.00031141433645642027 -0.016695939763355535 0.006034551973838097 0.0012313248047695772 -0.0020764923498237044 0.0074769481922313365 0.022773135293308714 0.009055847578577641 -0.00821301477078551 0.009031906001910712 
0.9963149203957183 -0.01538047608907432 0.007861400528735067 0.0022890536624338253 0.016165777220545928 0.0033552540121677267 -0.010821705797009478 0.0011869538347628625 -0.004106435905425642 0.0070045059211452125 -0.014603741726974104 0.023185120950284136 -0.0067055043788261685 -0.0007064183400597469 0.0020780660178148147 -0.0053596225285806485 -0.0011410566515686498 -0.012804812001214569 0.017154097933483853 0.009605667449538181 0.005718595926537802 
1.01725353421318 0.012281483580725576 0.015098830916674138 -0.0055380494999254124 -0.007540913181812208 -0.006109539624051463 -0.005725957120563581 0.004615703874598348 -0.011520708570310505 0.002955350201722336 -0.01352071719099348 0.0026296680982814792 -0.0018120102223653596 -0.0037750864281558567 0.014802584643625157 0.0004952991294489838 0.011591729583562468 0.01746515246054447 0.006542847066440925 0.009824992634426682 0.004396564182925134 
0.9634220677136196 0.0048378979125147225 -0.012270938854952531 0.009157796268770016 -0.012300088219281618 -0.012116391021423645 -0.00811895590350737 -0.0013789784681611014 0.005566085502516783 0.007585749941523969 0.0003681780805732026 0.0094535051560765 0.00633166441956111 0.005161304104531547 0.009338289235206064 0.00906715064288466 -0.02317356657002753 0.010906639899528342 -0.003869665574488554 -0.004362190222222064 -0.006388564149294384 
1.0064305679324055 0.0049824715699225315 -0.008943547103675962 0.00867892446372321 0.013028837193418937 -0.0010470635024173685 -0.003673472226507423 0.004183451600939834 -0.018535457625653035 -0.0033557844346699486 -0.005607350543452885 0.025660204244426683 0.009812517438738464 0.0022102767593320406 0.00961898015883762 0.01170394550745765 0.016540228299029194 -0.026896825177425056 -0.01881307814875248 0.0030371662087243178 -0.0026804644151844654 
0.984345943083429 0.013300878064224237 0.0076468739661223655 -0.011393302164075532 -0.012188078932808011 -0.013633229620808287 -0.0014541859815533295 -0.0137338933988565 0.007899228883021022 0.006473047621238679 -0.006751062554325546 0.0019562777993384303 -0.01577408784617189 0.004322602519294267 -0.005454451931023895 0.012443592083986859 -0.002396899854211457 -0.006071610400474609 0.006311391758837658 -0.007974408785347315 -0.0009835607854951664 
0.9900965446640475 0.00015449285240506157 -0.009235237005756475 -0.00758456209182399 -0.00373892361472753 0.008152116552879533 0.013369417183457162 -0.008431961197353456 0.0046037563208296065 -0.007454969773949444 0.0017258564692934789 -0.013417444497262272 -0.017259895038088623 0.00011065012979448384 -0.008966335338655875 -0.000346682087615195 -0.0022967455986965747 0.005305154387561853 0.001439704929968077 -0.013738424918195442 0.009037766226638513 
0.9395982116787024 -0.006285430676888513 -0.02058862142186499 -0.01072693053483135 -0.004997274677983947 0.01905409514218768 -0.00858840473009637 -0.020366853066103564 0.006197044619242207 -0.019091359327164558 -0.0077923088897030295 -0.0054998494272548 -0.011485401875272206 -0.020668771748046343 0.014496460418110223 0.00228451556806853 0.009032948889585871 0.022316342938771376 -0.004853663117615832 0.007282011136250034 0.0005184651911838724 
0.9734474823713483 -0.011474944125715106 -0.01098097580225107 -0.012967920409099228 0.007151156191299732 0.01379072444261447 -0.004182397195666942 0.012679328206164138 0.0034522018592103403 0.0019602610280165605 0.018190219433999424 0.00775203358834991 -0.004699905594752666 0.0022510787187576178 -0.007533614703368003 -0.008817121069588802 -0.014192006575753043 -0.004008206932384315 -0.001018177920537074 0.0040035094746121444 -0.0010774282671021083 
0.9587959929887211 0.0059620741944736 0.012718785480512486 -0.006478419101240603 -0.0037493468223110593 -0.004838823549592144 -0.025493104791991628 -0.004171708014741306 0.01168880060234375 -0.005657217359188541 -0.014706790425494318 -0.006181666838930864 0.004542747054319291 0.0007892396405442667 -0.008051414116954782 -0.004706166391997175 -0.007563179632129717 0.014937393974518803 0.005724232658458637 -0.0005366840263537996 -0.006368440427958833 
1.0017052004304856 -0.01033374367970081 -0.001560243354216518 -0.009866740792731048 -0.003123636554679609 -0.0036876326290507136 0.012693094850024334 -0.0030793369124044716 0.0020496957021131743 0.010124121106434696 0.006152350727040952 -0.01799645169288843 0.01053488369909772 0.008782194185914331 0.009177369010454078 0.03272417485061408 -0.00324581744227049 -0.003667662351614949 -0.02140220745977762 -0.007555724463953804 0.002036613448639642 
0.9749565772161461 0.004684354043494143 -0.011219541855461142 -0.008756944988932635 -0.0091047082757546 -0.0163205260992395 -0.021351731134268043 0.01863269051998761 -0.007400275622393101 0.00588585952080907 -0.01780034341210181 0.007784289843971901 0.01141214847341868 -0.00841402219478822 -0.016144150275712164 0.011092370658175251 0.0015217732092495059 -0.004005220041495695 -0.0025978721735672857 0.005820690154466694 0.002470131524837022 
1.004577439677228 -0.004057544253111704 0.007524689644786894 0.004594440073471891 -0.0006942358479307001 -0.009465047138260229 0.0015646827332627853 0.01103133510275247 -0.02315621864844347 -0.008860538760739558 -0.009393239300948436 -0.008746194689252517 0.0009481499845383613 -0.004147261401430127 0.01715134502057165 0.00965392279064906 0.00831243512080375 -0.006553669483565247 -0.007303500003671208 -0.009838119102529705 -0.0038629917061906256 
0.9412332744056519 -0.010628925866918035 -0.0008204289971581216 -0.013700207217423845 -0.002819750617302032 0.008610530968197286 0.0042187078099162004 -0.013454906990691374 -0.010690277182816739 0.0008957810037070268 0.0003312917131537872 0.026200730805067334 -0.013338016654264262 0.017356423879225705 -0.017847582155222887 -0.012006183238913767 0.01396260957966454 0.008594089553984411 -0.014923291388584793 -0.010575873515026129 0.006969253355393476 
0.9779755369261047 0.005088118055972761 0.011556666583131132 0.008782685020335442 -0.0126645591832077 0.015133350516848476 -0.00283719127710891 -0.0010589465519755736 -0.013910812501684645 0.012833696791802768 -0.003957377659213379 0.00876947130220606 -0.004520419835436055 0.0030846254402847897 0.009001070827673542 -0.026489621231714087 0.0008146397508154072 0.0009905627497716278 -0.014790495848620798 0.005467343818469691 -0.008463247472039404 
0.9554594235187852 -0.010509564950601206 -0.006988443734208416 0.010234010836249812 -0.018796121375689687 -0.004063164900257575 0.001104546159471866 0.004217407627333047 0.0030876958897468987 -0.006149164521308242 -0.00458411881166438 -0.00935579187425732 0.0007670041901990071 0.002147780558521228 0.009675161781205702 -0.014673807153958869 -0.0015958156234775291 -0.007690850558116134 0.00023154417190035672 0.006340830379444289 0.007086642261004734 
1.010782609851779 0.008510174806708555 -0.0007316677321872944 -0.0044294831228154285 0.004983042658875339 -0.003774083405236839 -0.017491947924187592 0.009871031363751987 0.00902415109953943 0.006084206803344145 0.017223372464750638 0.0026498046715235164 0.008856270885324235 0.008835313428895371 0.013223809072891777 0.004780866836623337 -0.002821266033056299 0.006364354701816699 0.0040767651135985164 0.0016622039590927409 0.004270947126630589 
0.9492889708251893 -0.01809317968802035 -0.009215807612544228 -0.00882894819751165 6.340748664404651e-05 0.001384712982354687 -0.02108337117842469 0.002022743057301811 -0.0027252984699441337 -0.003561138544002107 0.008570421966245481 -0.007480828169398279 -0.010905251805259154 -0.007004629334984453 0.00029733015723885583 -0.0003087824552810195 0.008031845532645007 -0.007929548102456106 0.0039893850410697325 -0.003197043066290404 0.005454689483666537 
0.9429035652978589 -0.006836580064511016 0.00035829776941488786 -0.003339308605012101 -0.0190570593790607 -0.015379527329249252 0.003068121099383851 -0.010310438182036585 -0.0014558375447228415 -0.009550028850819018 -0.0029239138438642265 0.004102671298809201 -0.011269672332702608 0.01118078531170629 0.004198609088042661 0.0017560904222907563 0.012201813192319305 0.00320323162589734 -0.001151394329205196 -0.007046007345603151 -0.003096247744241893 
0.9270177611620386 -0.019195446304792595 -0.002829378213876303 -0.0032482846402963872 -0.006067631686820423 -0.010152865754817332 0.0038092957221659857 -0.010403601749228804 -0.0053498774921188165 -0.009872726968321787 0.020270206862183855 -0.0007798320352799014 0.015697690725102992 0.009088555249431866 -0.00659114671279836 0.004430125931685187 -0.004776173119414472 -0.008175608909028562 0.00236656116669914 -0.025668073875366938 -0.0390567892945649 
0.9955819323475311 -0.009004102078546874 -0.019072967252093273 -0.015762686008151658 0.01026130921755277 0.010384582107653488 0.01600540316526132 0.014972549577743256 -0.004170624626583102 0.009981614580671882 0.0021023692841459075 -0.014501570112906637 -0.013675303643202099 0.005383930683298755 -0.010362529352411259 -0.00684090853752619 0.015616147186021974 0.001790559783624636 -0.01405041910431229 -0.0020966957998007833 -0.0027660279640926485 
1.0523039622295736 0.010739634062978764 0.005563929646969712 0.005828574722816212 0.010224862938040202 0.006552375816429588 -0.012004886898568198 0.004214554029555295 0.004627487444318117 0.0006351162118705013 0.006738966602455488 -0.007450374835289247 0.0013888382037143614 -0.01414439010786798 -0.004692557635010131 0.01929438037481546 0.00420876436817631 0.02182409395669081 0.000367500195177468 -0.019547318168220352 0.009441223797619466 
1.0175092880453103 0.009502156458698912 -0.010193996566017357 -0.006066279963302801 -0.0033906977118226705 -0.006782998239841509 0.013156539573229488 0.006555682855459701 0.01173005240125037 0.011999017963879338 0.002721123726493128 0.009138875195536833 0.0036891005805163115 -0.009310987572355283 0.0009879241299782693 0.0007844311733726027 0.004308340511915189 0.00500271599033735 -0.009161792179729882 0.020759250667647968 0.02013207240656711 
1.0455499027171784 -0.023796665752967187 0.012623204814672597 0.010081616772223627 0.006854191255524657 -0.001069402879490159 0.019219059583038257 -0.009407842290343216 0.00848473848761973 0.005056635509005895 0.009856547190400914 0.002399051263836676 0.008072574362217557 0.004671111597901042 -0.017354512783070233 0.014319097709870323 -0.0026064942072291466 -0.009881191364366658 0.002042756702452308 0.008000509835899523 0.03057306208295406 
0.9666724962677712 -0.003830590943427089 0.002582366647947242 0.006540058743213857 0.001640363976106631 -0.0073532958515367675 -0.009511156911844152 0.0040089883892480355 0.0037977171910038316 -0.004333819833574932 -0.004825701562650848 -0.0031047622931348884 -0.0003673597230875476 -0.0011981965954760685 -0.010800890666686342 5.2306352331785726e-05 0.0013281588483839612 -0.002824777063284901 -0.008204763732046729 0.0066932459658054725 -0.004904130301032496 
1.0358527485155902 -0.01607288415383977 -0.01531878489429756 0.012659761735130929 0.016693425962495144 -0.0021831095484834235 0.028741889193983985 0.006787245015054359 -0.013469228440366077 -0.008454641887667997 -0.0005562880289399481 0.0003207811855670226 -0.006828962700072865 -0.004275785392992309 -0.008883024027393495 -0.00535086103905198 0.021385165331626516 0.014025169683734712 -0.009623265022404964 -0.012826470310315995 0.02125156122393484 
0.9483205926018909 0.00859434438056307 -0.0050747958475098045 0.0010900149290776903 0.007647123047718692 -0.0043544725635446995 -0.002875745266493275 -0.003731294592466743 -0.0003112957670917881 -0.0007050647079881768 -0.0018617580356382064 0.007750039433578992 0.0139508289290981 -0.014377938529358638 -0.006480346179307562 0.0001789322653677676 -0.011315756902441543 -0.0018357648857335522 -0.0110409173195822 -0.014416686066936274 -0.02048013801015938 
0.9881360177536348 0.008505675589188386 0.005941004084936913 -0.0028268095217688204 -0.013074802345644789 -0.003984411428788657 0.008950516354159032 -0.002485608623643574 0.009590188626326488 -0.0065178513008437656 0.0014677254098156825 -0.012740086715391941 -0.0034639806933262347 -0.005684382161504963 0.0017180275689550274 0.0060675025273213105 0.01014260011544212 0.004501029677513518 -0.011962698579525009 -0.004087200623794194 -0.002389409399481697 
1.013200062932516 0.019676437351053164 0.004271745235131499 -0.006951854840447188 0.0031767580359475128 -0.008191366371416467 -0.004059826350812706 -0.004416842087497872 -0.00488390315039358 0.0048060484239163355 0.007338290721451515 0.017004381074227505 -0.009985694596526514 -0.007157566534519053 -0.00647855479438302 0.002192087718381832 -0.02331830112802334 -0.0022457292958738156 -0.004516537490245687 -0.007137020291958475 0.011717746192404337 
0.9635311839461425 0.002591133241928246 -0.023297310301319204 0.00743537610331993 -0.0015761402231559939 -0.009016052696356181 0.005864339952198745 0.016282923992617156 -0.01878147683224231 0.00026573681421484055 -0.013245954223140262 -0.0010569332697766803 0.001765669028872838 0.0029278164177837652 0.0012370123736045772 -0.012051742188324766 0.013815797719329809 0.008036092490040822 -0.0032979713010753008 0.0007983562397228622 0.0016868360481661143 
0.9678381771249405 -0.00823927063733534 -0.006878922467812881 -0.011368383268424962 -0.0033542549113007064 0.0013697394833532034 -0.0034937087961670332 -0.005607352229747877 0.0020446036056348416 0.0008211201101444313 0.026381762843221083 -0.005734220984575351 -0.01350446128998211 0.0017227821285844239 0.027970076602246933 -0.003269194839783386 0.00727450810837042 -0.004546203568334567 -0.003379517741176523 0.014796489868834086 0.007349601386207306 
0.9936782191075895 0.010004112357645015 0.013770854053459416 0.005966670730497343 -0.006561236350936459 -0.017629888669929168 0.009346496535372126 0.0031991607202607984 -0.004832313446834239 0.0049792225671222426 -0.007427435251740393 0.011318048098231406 -0.002300105447091761 0.015863400662588307 0.00893322313905543 -0.0031684228986380365 -0.0045912696159753205 0.0021643248431962516 -0.002156719640675681 -0.0038263870285629334 0.00475764902765748 
0.97005405374483 -0.012783796662154432 0.00829061586135829 -0.004330224007319507 0.0010174043818386084 0.019233266126658616 -0.007953101856391361 -0.014439118381867266 0.006241942017747505 -0.00039815411746091194 0.01114249977247763 -0.0005146837655433473 0.00024281783849270896 0.006631918153094166 -0.008106001422050568 1.3717107892163668e-05 0.008191546195676486 0.013452035089929955 0.004851317568625978 -0.012523537953290073 -0.013806126864099457 
1.0475736338060024 -0.006352791901327742 0.007433224454122879 0.002078293811168768 0.011295058720775247 0.0006698335440160125 0.029688345968403036 -0.004004001899462052 0.013973207183415746 -0.0016558068402982584 0.013600686282122815 -0.00812942906374379 -0.0008766734518267902 -0.007557438588794397 -0.0005727788180134681 -0.001750324536617092 -0.022141970840685858 -0.02011980388865633 -0.006676419507121737 -0.021332697637522435 0.004956417683874669 
1.0088468660971952 0.002354546490318487 -0.0011724242222341601 -0.009767166558110567 0.012073648578012084 0.0024482200330848834 -0.004764540384172177 -0.01720255479964541 0.0032247902544717618 -0.0028111627323042943 -0.008572014658981312 -0.017411521057161452 -0.002348358627767241 0.008994811110808505 -0.009171305886849593 -0.011349064838786654 -0.004873720157908271 0.004243280604216311 0.013966613138862431 0.008513916778001927 0.020697857953735833 
0.9280399349868904 -0.007294674909925781 -0.019135189887142422 0.00010597954010544683 -0.016660490219589756 0.006800256334503341 -0.009009130956781044 -0.009803325234761137 -0.00038611162267758974 -0.002536762621360589 -0.006314656747257982 -0.011665689264314444 -0.004933229245877374 0.024758519267281846 -0.014311687536669875 0.004518668237603448 0.01197472114371695 -0.005579256385544152 -0.007827467894985604 -0.001818621513633503 -0.006979438718128105 
0.9309948481382603 -0.0062324942219717065 -0.006769660254424941 -0.014465865345895806 0.00804833169906938 -0.024618075457146907 -0.001668496886984342 -0.002162964305543672 0.0015400880333896335 -0.007884692798275694 -0.0002674211476611977 0.01326083291669234 -0.004890323417430189 7.564084807251442e-05 0.005096022064896998 -0.009298386886567951 -0.0011892465888741497 -0.015207972800811305 -0.006829307039840648 0.01420945352670874 0.0008846763167815172 
0.963709312314958 -0.00907622700919584 -0.0066981705196741265 -0.008578462117927779 -0.005797505276585398 -0.0015908225145730252 0.0024546639133297523 -0.0022784404539772612 -0.0022677861512382432 0.004829907299133091 -0.004729088521003743 -0.01569127148941581 0.0026246631398798145 -0.004121968112635497 -0.0028370740445910294 0.002269687357158541 0.005630051700792301 0.011107182716848032 -0.0028070161731925166 -0.0021242975990084195 -0.0033884432699145773 
0.9832004188295518 0.012035309186507815 -0.00924973299568641 -0.004387570004916387 -0.003297216344143299 -0.004545954479177964 -0.018006181906732758 0.0016935796826901143 -0.008574789510839944 0.01388757299180554 -0.010880016457058335 0.0017246920044117515 0.0012297878920229403 0.0005830969011334511 -0.008707789818648497 0.0025536809482115236 0.005070791137446665 0.0026373328918095564 0.002219432793655316 0.0012746492957425356 -0.003882639040346553 
1.0028017283455377 -0.003852031866724626 -0.0018696784445784253 0.006101859290732837 -0.008359862994415797 0.006803298618702928 0.0041290138575334106 -0.01421411705323283 0.004657341827811319 -0.008751786877731395 0.0005624480035320202 0.008859120895084045 -0.017062099229680508 0.008880349385234014 -0.008344149686401363 0.016628337263456194 0.010477775686322351 -0.00022771734350446966 0.008823965436700693 -0.01814759731163258 -0.004698225772789217 
0.9993837235317988 0.011961570710965808 -0.013466936644345952 0.00934424972613924 -0.0024711829855450836 0.011200589880743912 -0.008052577087571964 -0.008594863349764215 0.006298035005551 0.011962827428503613 0.025283362001780284 0.007130251236599046 0.0007568951762808385 -0.00010626099257195731 0.0011827305364113811 0.006656896807942324 -0.008463512020609605 -0.004360524517946212 0.013056658557055543 0.018169104699417807 -0.007917568261080801 
0.9807559506038066 -0.013577068879760028 -0.016725705399560493 0.004418548360474115 -0.0007955499647998192 -0.003678688949703601 -0.0013006668283355803 0.00021081862431147273 -0.0011690240469959452 0.007827065594837873 -0.0018682509764072922 -0.0249752982949768 0.004910878099604477 -0.005706182385407543 -0.01412097878068067 0.0016048490617770294 -0.006718513124976462 0.014295999357009242 0.004885252283692775 0.011059297512217512 0.009623162173521504 
1.0063269686948408 -0.005836844910050055 -0.0032032947540575787 0.005275350125052315 0.006712848102904485 -0.0017603972155822956 -0.013758233754791314 0.007901235073647688 0.0020425369481589196 0.008704889260003778 0.003355706147910408 -0.02280098959215735 -0.003019644788072758 -0.012162479589082188 0.023504297446891646 0.004393376858197668 -0.003072108855226159 -0.011647795667889997 -0.0028315321942746314 0.0051038677682546585 0.01104504938769106 
1.0220773456373697 0.005260650030039845 0.01780127335443437 0.020460956450330577 0.003012487587928123 -0.0032330532793065636 -0.018222145178464145 0.01590353466736601 -0.0170197458358062 0.0014892390941396894 0.016035749541335086 -0.01863141273114608 -0.003165794708542999 -0.009043639700461448 -0.011105087166103736 -0.004161325546904222 -0.012439516599589607 0.015252270416385178 0.0007744807809604918 0.0016388149605095009 -0.007814036591923732 
1.049019925304378 0.0011705308235178298 -0.0046157672272590855 0.007618990158234504 0.014410548351379445 -0.011941531659374694 0.013720989810762304 0.013350602637924936 0.006679900322585593 -0.007006943345614615 0.008815725191108776 0.0021893099580167154 -0.011578974824336966 0.007819842521728244 0.007636005001328483 0.005244624080231531 -0.0035144085357986595 0.008273010003720022 0.007889166908583881 0.0025312661896018953 0.002009722327786294 
1.0185553292387823 0.007053801118997176 0.0006668133227065974 0.006191583373802032 0.010240297071558354 -0.007158544036317398 0.007757515598690412 0.011497576749983094 -0.01179118790641611 0.01435476507302948 0.006293655496675619 0.010891642039128025 0.007685831185061525 -0.008829628306608104 -0.004888251914455437 -0.019590405763753777 0.02466382269201593 0.017965490319100087 0.006771927937392681 0.008008168372386042 -0.007026395265031835 
1.0478490006039218 0.021609976062757025 0.004754570729632446 0.006381837893370056 0.0035622250837110915 -0.0009425924346686313 0.008468469575559499 -0.012188287811935839 0.0080614334503634 -0.005633147767181117 -0.006347596529889745 0.006099089083671503 0.004501514289733779 0.017189357315495063 0.0067283925378953105 0.019540826159546793 -0.004100139732122939 -0.012249491261319332 0.0005327574108395965 -0.01883068523742018 0.004623503574370775 
0.9855737622149173 0.0017934805702041357 0.018942852377361145 -0.009570489241327874 0.01352924080325082 -0.025985401596457933 -0.017101455177401314 -0.0009537146176255531 0.0032109186741858843 0.018378954424196937 -0.0015769990132354149 0.0038216213019853697 0.0038995165195917824 0.0048702276506179185 -0.012214871949849299 0.0032222348491400023 -0.001546309317446199 -0.01413200368971849 0.00240755511696249 -0.004103082329782509 0.001568379752016393 
1.0596209645148051 0.007920323754396772 0.019268659782506435 0.006259776590634136 -0.011180192287096848 -0.016459923393739938 0.012839509930271 0.02368707169915198 -0.0038524494991836965 0.00710690364975501 0.008378572102242948 0.006862208383730048 -0.01440791234447961 0.0044073759736645325 0.009922596778580973 -0.00395233843559149 -0.008972496404614004 0.004839587550089427 0.01095753268324104 0.0004067761454321606 0.0024285239781751612 
1.001378515529027 0.006401012544787134 0.007773287826246529 -0.019691055583906335 -0.003416347379180193 -0.01170254554394193 0.01336279485985403 0.004022531873504622 -0.021955265652022594 -0.012295837598056952 -0.0039003096205194195 -0.009835314636655575 -0.019871088026244852 -0.017315321958661985 -0.001869763040406233 0.0002659728877396333 0.015284867086555624 0.008154483956684505 0.01901548011142402 -0.015574731068166545 -0.0020790936733566874 
0.9695003589615666 0.014201644876155587 0.007150291034721748 -0.01019997812537149 -0.01069371971465144 0.0007889921226436305 -0.00868786867005614 0.007894326020502314 -0.011909365535062682 -0.018624428095018183 -0.0005477569706895058 0.007934950650691212 -0.0004093702603543627 0.005001858254657123 0.003776632385553253 0.0033026992200819645 0.006461730138064162 -0.0021478380054390216 -0.0123182517848561 0.0025991875982025437 -0.009356642101001096 
0.969491276665163 -0.0039691551697269584 -0.012963030637540696 0.003239229967409444 0.00980641078896098 -0.014434351413197512 -0.0031086200796825187 0.011262085954156167 -0.00027613132041926896 -0.0012315315495394603 -0.005349744674565673 0.013712753589936871 -0.009526943847119355 0.001854753188487626 0.0030733035562732864 -0.010783651392155553 -0.02041289254521689 -0.0008372754726046629 0.007498003885885281 0.0006811639002443511 -0.0037723867741132388 
0.94917829524707 -0.01138603529644376 -0.008997249203303552 0.014437517623546076 0.0036793493279306333 -0.01394546423098869 0.009635100989862887 0.0021523765313723013 0.007888368456711557 -0.004767091968110164 0.015053581367597981 0.007917505212433758 -0.006734717348685331 0.006430039195837459 -0.00012725614383610347 -0.007476365622921657 -0.0021481236951368054 0.0007380225264119897 -0.007312660986002742 0.0026402497438608673 -0.013687908627598113 
0.972773897834982 -0.012474681003171376 -0.010059701496452982 0.012846061136595217 -0.003582824577004787 0.009820425590750815 0.019040104375935032 -0.018285181136824275 0.007226759983772365 0.004147135129602494 -0.0056346568145595 0.00045903721499004766 -0.008380700278563816 -0.005219033615050193 0.006605001055673513 0.00883144585331474 -0.0153811093768619 -0.01306883793101279 -0.0039968549513926515 0.004544661924354182 -0.019705327083537835 
0.9807882215342766 -0.011350670582894897 0.004221073385235517 -0.005767220647574825 0.003048845261914776 -0.016543854215569666 0.001847808462600036 0.004512109173412666 0.004507861375942951 0.012649554705941923 0.01009445271013898 -0.009295706770530788 -0.007227176126771003 0.009232317593051678 0.010370321988002995 0.003970525981443268 0.0075950817937388325 -0.0010513350208209871 -0.006558964506557731 0.008885931971393504 0.006961841097852558 
1.015422717755162 0.015877460238408813 -0.000936997084183877 0.010905183829727239 0.0032585421202428366 0.004816565861468247 0.008134706838697799 -0.017385399720124286 0.011940256131083413 0.0049860985235192345 0.006758543168459961 -0.0009563403443748411 0.007904080796169754 -0.006303863890384293 -0.0015998504809313844 -0.004232128510167757 0.004710599353631767 -0.008867778235855751 -0.0003820829485883734 -0.0007859822652500169 -0.006900495079059375 
1.043328205774067 0.014483680244786069 0.0028235110615014015 0.006249462126884368 0.005370429130053156 0.0005642319072079762 0.002205184868092603 0.017198406304841003 0.01335514177372762 0.010309565180238504 0.004496880521556742 0.0025767872945001804 0.014629318959740813 -0.0008048522089012371 -0.0018533501314809304 -0.006552583194774507 0.0005617940763670394 0.007360693225314012 0.00047299632319690375 0.004734229365150829 -0.008821368314098927 
1.0269348047142393 -0.0033945164497886826 0.01021494502744745 0.014633861698552561 -0.013917357542063304 -0.01594260860883022 0.01234989360380322 0.014893443801734154 -0.012568325212358422 0.013383865633582681 2.7039292696179868e-05 0.0001399095578136242 0.002767376916270323 0.00045737330113124913 0.0020735110397708117 0.0017701939760386785 0.012378172520209141 -0.014091447646941964 -0.002410142741574965 -0.00017638495073139495 -0.002602479678277579 
0.9979671320245507 -0.01262721918070268 0.003649957950693651 -0.004313556348668752 0.01756444336250581 0.007908318825266351 -0.0058559435787885784 -0.0037776142378104756 0.010256360601854832 -0.0011962302260919823 -0.0022365818199453834 -0.0062163841197729955 0.01059561140573924 -0.008886427732544921 -0.00347636012676145 0.007376089705292297 0.005508770566124048 -0.013768061107020294 -0.007583643956986491 -0.007633504653908476 0.0011235333085727979 
0.981747402960136 -0.005083012427864979 -0.014203150078513969 -0.008229197039319387 0.004109181406592409 -0.021685329640548902 0.007491843903076514 0.0067983294580437606 -0.008907739607072538 -0.015259324081661916 0.015423301165105912 0.02333551446206992 0.0034955069308354554 -0.003287224162827276 -0.012235099031726697 -7.350025909029032e-05 0.0004072767687861872 -0.0009815799261008646 -0.0024205068001815653 -0.0015423401348660503 0.0012907926592517999 
0.9920707138970439 0.019158376770428257 0.0023539084433678403 0.009918146955688243 0.008222176402793506 -0.012729216707992638 -0.015375200443429469 -0.00604787410444062 0.006537336944595898 0.004731361143202425 0.0038836880088941724 0.0011784733964802395 -0.004660361819034628 -0.032926540970072436 0.031352055834320644 -0.0027214143400324754 -0.0031170523710183327 0.0011536788821655886 -0.006888815038352352 -0.0024820579260751434 0.0035202463625649432 
1.0219645072924188 0.005418883554224271 -0.0016105715810426297 0.003218040597602714 -0.0067471353474941025 0.011106522525308977 -0.015391805439996485 0.014036540402666654 -0.0032495191069423176 -0.013958325056402123 0.00016576006595423644 0.0037238997687289066 0.008875177601411176 0.01712484065025618 0.010259082999305393 0.005069650933798061 0.002975890444907223 0.004129568939950237 -8.971942645848738e-05 0.0003691043078727952 -0.004570372089678725 
0.9787028431114934 -0.005984118092183377 -0.013984505039827047 0.0007683725006946092 0.005426603502172277 -0.0011683269708539566 0.005147148570032728 0.017308359748367152 0.00774435463010919 0.008928816012108846 0.0038377402969777636 0.005949419534559856 0.0080560333291514 0.0017072469441363539 -0.008542624577065986 -0.004602923727364965 0.0073518728812749816 -0.010475622885955573 -0.015045423638457555 0.0012415695553367131 -0.015536437535310171 
1.0410386374303218 -0.014297564689170655 0.0021235341909005777 0.002207698802792007 0.0115877331968228 0.009094166887486236 0.0004071050718829562 0.016280970879400527 0.0020420409379074663 0.0077022373975774916 0.013214013355758543 -0.008877185272363098 0.0009723393882250746 -0.003852557465352195 -0.015283802621142881 0.01918611231298358 0.002698722812053195 -0.003766036772812613 -0.007836655520981596 -0.005045743392037929 0.011507284288661237 
1.0275807244971167 0.0049740229315778026 -0.012895726251123155 0.012141666984959646 -0.0017528722023867434 0.005278100429360817 -0.008402303700331556 0.021943124440658254 -0.011454606814910203 -0.008628933006924907 -0.003093510414803763 -0.012555691036564847 -0.00037920031487899067 0.016448496100439747 -0.004283212494653982 0.003465842492934482 -0.0009223989393177542 0.011177754256390319 0.0038351833808316633 -0.01411102636099096 0.0002903206910618378 
0.995847593647115 -0.0064871186790295046 -0.0014289245873987983 0.015335874435461128 0.0027087961919412475 -0.0004096666506643288 -0.005340433645184815 -0.020520403132389894 -0.001938459091101583 0.014392508766624887 -0.006012210652107581 0.009295544015711374 0.00740076458458682 0.011887983928365714 -0.008138214193195959 0.009677081333070698 0.00967968174938893 -0.01466592277860572 -0.010965855458700916 5.162053709863429e-05 0.01543310803398769 
0.971432384443181 -0.0015938447338219742 -0.0008649274024998681 -0.008495772231752052 -0.00012526254672441862 -0.0016365552658126582 0.0027708234085602134 -0.0035089210606035143 -0.0010333930472994333 0.0025881311467971374 0.009058046375068613 0.00965436112266334 -0.005903956032253694 -0.013004441168496006 0.008821169173338472 -0.0051983778561002685 -0.0010784149140068225 -0.0006155403869936876 -0.0018545722504490884 -0.000303237302963479 -0.021722707967197587 
1.0695255179666299 0.01401985662606147 0.007968683501523369 -0.00483736706013231 0.034127099837691154 -0.008221614847530761 0.006352807641253997 0.00020776982877939034 -0.00045074720283434815 -0.0015462162032218794 -0.0038689552188995164 -0.008840207752954451 0.012418883520837141 -0.001649435166231828 -0.012733430680153925 0.007043016747167319 -0.0008890475016734173 0.005200167355112595 -0.0055328552351435025 0.002292686639127558 0.00781974084790296 
0.9913506325183339 -0.02227282594796409 0.015048400140810658 -0.021952328264440574 0.002401077280710299 -0.011259596235278738 0.0041532723071744425 -0.007357473949976982 0.0026979579417546647 0.003640142055538766 0.008312946896243983 -0.0051227554359984774 0.007135151107654489 -0.009443392953433103 0.0077835667995301405 0.013591938832275177 0.015204475358806174 -0.006498260500236901 0.015117299651270566 -0.0026369812251838733 -0.00047977087195281136 
1.0425102040068883 0.0017005199444974006 0.0029049472541305267 0.0039661366700047595 0.009972282053713463 -0.002670970887764595 -0.005270848297369319 0.016593526020737544 0.0020863125875531414 0.0008808409540143208 -0.011482421056155523 -0.0179382996115625 0.004666106576671308 -0.002554632265324583 -0.010559937787666519 0.004577885573371478 0.011587948345780577 0.006546551170767185 0.01023996348826736 0.006714826337900188 -0.0074795526152264214 
1.0024765983993544 -0.004650700250596267 -0.0050125073102384515 -0.009587039747055916 0.003568721493593167 0.025896348820882868 -0.007980104067613096 -0.005914165312065221 -0.0001522695262944931 0.009770644665084195 -0.009933304350903702 0.0015836579940968043 0.003391491836237367 -0.01123895529965471 0.00935735346180737 0.004276832224161795 0.00305892603144478 -0.00901488596640367 -0.0007125794981501585 0.002359479361496297 0.008145610857133027 
0.9961202721559839 -0.006308293169320657 0.003216895913480211 0.009823284698803541 -0.00118297029261567 0.007450992047638681 -0.006764107244923525 -0.012705359546913432 -0.005526345567616375 0.013542804442698881 -0.00922932982975556 0.004672649232896647 -0.0014027406257858355 0.001612674102279572 0.004254401020384193 -0.00028762423973649937 -0.005673858348701912 0.014492211709545127 0.004893439753047136 -0.017266284950311298 0.005408249575623399 
1.0145566441518754 0.01796575195805752 -0.0071568878663554394 -0.005124567420599679 -0.006370227691072173 0.02581318589087164 -0.0016782067550456376 -0.0019905037840314767 0.0037516087164637313 -0.009797380037734322 -0.01271919001287107 -0.009161385734775295 -0.004249561507622127 -0.014329526057384714 -0.015046807992642748 0.0047120357482017304 0.0128233141358432 -0.0005093358617966683 -0.012605984869463255 -0.0037454959729262684 0.0007871979577804418 
0.9849931495248425 0.0011110259687158875 0.0005628650778693721 0.006841822470795241 -0.002797440804978087 0.013980197695509016 -0.004553640709384167 -0.016640483788563046 -0.002141113178184722 -0.01095744078607454 -0.005709561635245265 -0.0015157864892777985 0.00494234793827264 -0.002035779900734727 0.0028739618646685147 -0.005252820361892597 0.0038491948263641254 -0.00963793708836611 -0.005066389347570475 0.0001019218212488476 -0.003267194422084578 
0.993096506954202 -0.007722893024859931 -0.0033224080858227163 0.01714260968312452 -0.010471466674300982 0.0019787920195114615 0.0036652308246789044 0.01031055864862904 0.006792020455203489 0.012511602221704998 0.00519701618831734 -0.012150854148799578 -0.017114455902292856 0.010192628740808922 0.00594757851241869 -0.0008229537603662604 -0.004431953559702355 -0.005732116085056912 -0.008664855377608457 0.02842152345212884 -0.0037998048871789925 
0.9856102816322901 0.006098312640324249 -0.008725069655961192 0.0074535418498524455 -0.009013779869631925 -0.0008585404699621232 -0.00946680284421132 0.0026134178020866326 0.01100765020478811 0.013453673200392001 -0.012804641189322612 0.0003618593805214059 -0.0030028220467611293 0.014521423882940256 -0.00123496925447746 0.004898716280278415 0.00933818972903529 0.008422927703874967 0.00018762941560893122 0.007456445183359219 0.0009489894875625102 
0.9186915027621313 -0.006921526216050232 -0.020316725631900023 -0.012863156410183143 -0.005120028317063744 -0.009920528660098344 -0.01766621343831508 -0.0037476265728304745 -0.007631474753780414 0.00985164544486525 -0.008144760819024663 -0.0010404075808209514 -0.001842174696455062 -0.004396321237773659 -0.0017989603908587645 0.007077953379452213 -0.001983788431312568 -0.004607910345854187 -0.017933014743685072 -0.00550285842656071 -0.00013376354815545827 
0.9740008259645516 -0.01670622667581656 -0.0016982778540316193 -0.001607901199309999 -0.0036730140435603832 -0.01001170265426992 0.01573189406125303 0.01320348982069266 -0.019677632105776135 0.010560443452884783 0.011484585683980688 0.007616216137766617 0.0076467459223960865 0.011139362201808993 0.010164550601698144 -0.005036133543775059 -0.011932766113507529 -0.0065508101786335695 -0.0022801162702464598 0.004347332175291201 -0.015824906892638265 
1.0431714185862209 -0.026210826544008078 0.0018061321490481716 0.008878194812539082 0.012224154079898106 0.0043341673803440625 0.003644523404591583 0.006122020804636506 -0.00726761721355286 0.01641899579033902 -0.0063629042338637755 0.003805573930944475 -0.003237229380219753 -0.013755349502338476 -0.00047946359083911354 0.006762291366779233 -0.007437201703359043 -0.017419077060937736 0.010966156020470607 -0.0051387576095082745 0.004824003074267364 
1.012661415518328 0.008844140714918096 -0.0035151636521542563 0.02451686915860995 0.017824436845983952 0.015718251697867128 -0.0039339314476990106 -0.01415603896066621 0.00705061616370227 0.00180438694885595 0.00939464543078244 -0.0010696391111527403 0.006924740162541659 0.0026241082497186247 -0.001368647517223247 -0.0004195937215853434 0.010814813942311765 -0.008099688561960968 -0.021137704964488534 -7.035356767654274e-05 -0.006638307443275981 
0.9724163923487708 0.015883429102219463 -0.00544155605736704 -0.012443465342772304 -0.010575492184379132 -0.0010272533824129417 -0.017701994677272865 0.011495894058658399 0.020056002141789247 0.005676787160121144 0.0004480457440764105 0.004577556572284677 -0.015551757778217535 0.01419067550537119 0.015492114311419261 0.002179815341262816 -0.004113376112922491 0.01073167962175389 -0.001588411917281753 -0.0030681885763714977 -0.00432877493783207 
