"V1" "V2" "V3" "V4" "V5" "V6" "V7" "V8" "V9" "V10" "V11"
1.00873545618854 0.0130803876614448 0.0144538382686695 -0.00682308582857069 -0.0106509578775554 0.0113744302644721 -0.00214168722032382 0.00747117695051616 -0.0018096267918096 0.00398575825041775 -0.00484091687588479
0.964703703416214 -0.0038004112983694 -0.00901128663900785 0.0043270597199901 -0.00983021846851135 0.00333552762230082 -0.00664051293094208 0.00344734729453401 -0.0131688430825411 -0.00229334560146695 -0.0195983281642049
1.01831772792605 -0.00173796250900584 0.00763934919295837 -0.00756407856742088 0.00606278313488127 -0.00550748693497773 -0.000228022337240746 -0.00538386076913527 0.00498446498086756 0.0141884846081299 -0.00695094058714672
0.977899249250883 0.00454016711495075 -0.0125446128292602 -0.0127995767645949 -0.00818776973162205 0.00224682028660179 7.29808043977972e-05 -0.00118344125353052 -0.00965777641992089 0.00858836151745113 -0.0092800446386787
1.03826821122975 0.0078640392337419 0.00382989907678521 0.00448568992644034 0.007596160450994 0.000922663958300701 0.00551072071066512 0.00878516450688212 0.0059547858445966 0.0128306972192174 0.0069403656706096
1.00397653678974 0.00610002662851533 -0.016426688407714 0.00195446835149907 -0.0088015276787726 0.00717705427459464 -0.000408683909136272 -9.0621544234421e-05 0.00636065076094754 0.0111080096279874 -0.012476893660745
1.01412275189686 0.00480044296712947 0.0146054925241096 -0.00340312823390449 0.00420047236790507 9.4501277591686e-05 0.000991442432406543 -0.00213086300797617 0.0043703072622346 0.00839674490719202 -0.00239655765512945
0.986543112223051 -0.0110823445556855 -0.00580253410125207 0.0137999651180541 -0.000143963782335169 -0.0096847615529875 -0.00446421332220199 0.00794656528493643 -0.0103467216145072 -0.0101587384426223 0.00611576399820319
1.05165702136104 0.0116858672868065 0.0157174635925691 0.0145974334219622 0.0110030097047421 0.00975033142955944 -0.0089524568371949 0.0166724988596111 -0.0105324558679238 0.0216970966225917 0.00989280518064933
0.997351862514147 -0.0138705135339245 0.015472815541379 0.0158568784502408 -0.00882337879347523 -0.003740928879032 -0.0223854445872097 0.00606629449873473 -0.00685976456889829 0.00193975475926915 -0.00131930855540638
1.00110136327882 0.00273754018558439 -0.00798170535401095 -0.00922858226116604 0.0164178539814635 0.00175399079687263 -0.00236454690998713 -0.00608452144110806 -0.00176895563540506 -0.013067938352299 0.00250769025126759
1.00937139152971 0.00938252326062553 0.00811358812042885 -0.000318163634237145 0.00278020295031295 -0.0133363835696063 0.0060930292369992 -0.0116433042908856 -0.00361839694016849 0.014937162332863 0.00215123837964977
0.981361691482048 -0.014054276626754 -0.0167382331312283 0.00790352397775102 0.0184494744614487 0.00431219922566784 -0.00701865991096898 0.00160604765970202 0.00236982789557302 -0.0151440997993567 -0.0106233542901342
1.01054712490371 -0.00689988761013491 -0.0242047908389052 -0.00690327817948188 0.0128386233778828 0.0122128562451634 0.00436673164205609 -0.00600011417658066 0.00389617512704733 0.0173580625139465 0.0122111391474133
1.02731231566149 -0.00599170965627834 3.2114403028225e-06 -0.00154855633876723 0.0011051670820313 -0.0173372035999529 0.00738151615646293 0.00476342405057773 0.0148329472666634 0.0132443166856909 -0.0125869476230835
0.975901189470066 -0.0038514960368585 0.00539637403748377 0.000318592979819214 -0.00734110034041483 0.00165708367453527 0.00759801448908337 -0.00479293549952315 -0.00226211865194668 0.00365499469098336 0.00664165423557298
1.01063187175387 -0.00552129165578067 -0.00221560057888353 0.0105298120140469 -0.00356536852465313 -0.00613742040629655 -0.00467314568486666 -0.0101890085555229 -0.00369589602179369 0.00883538787015612 0.00194082770349437
0.999967358445949 0.00702740112993352 0.00275201484911974 -0.000292133409157305 0.0171418830970137 -7.99254210376958e-05 0.000688856371508839 0.00370255094164625 -0.0268333100615452 0.00251582534077875 -0.0203586662821831
0.954067309282457 -0.00605175815843787 0.00329123214606444 0.00205407453971562 -0.00234514426170078 0.0082137815973495 -0.000551535454763499 -0.00340610850958387 -0.0134889240154953 -0.015183031543586 -0.00676901679475553
0.993614441813384 0.00157257716257441 -0.00327428250039017 -0.0154217319812449 0.0025402620026487 -0.00201435766187361 0.00877973498558488 0.000991926089973309 -0.0184760270420849 0.0222589823915351 -0.0119812348056163
1.00144680564047 -0.00734961483712903 -0.0221605630339387 0.0115884335559818 -0.00243019197184907 0.0111475543097986 0.00174226030970583 0.00186449951193183 -0.000199258915911697 -0.00906936333521389 -0.00199897985275024
0.98849161074289 -0.00172285807891125 0.000597355661027005 0.00618844563588049 -0.00844912344658134 -0.00475841089780365 0.0205678042719644 -0.00549469331134374 0.00522656072114991 -0.0124078811421924 -0.00627978068972899
0.997993346307416 0.00559114356779283 0.0120871094629531 0.00714255613727995 -0.00457107373822123 0.00257584236494587 0.0182133641798801 -0.0153408940929276 0.00284529091750782 -0.00508014664439859 0.0210386315488029
0.982386855564327 -0.00781661519047883 0.00301313835800785 -0.0011787194709741 -0.00493991587489584 0.00805554778285456 0.00331580392491839 0.00112492301851641 -0.00588820839247982 -0.00997383952890018 0.0116887597135979
0.996508555701294 0.000534501094953244 -0.00249336115101509 0.0127755434478051 -0.0179766156135838 0.0180548281307105 -0.00194236143914169 -0.00366340794010661 -0.00573048703499701 0.00645766555306163 0.0231306751353888
1.0121186141482 -0.0110195460880299 0.0240361543730403 0.00761598284926414 0.0134560236620877 0.0011120679970436 0.00948688567854386 0.00241988718788589 0.0137176803178912 -0.0138217912152638 0.0113588208717666
0.93403158884836 0.00334088990326439 0.00291652224218297 -0.0154966086095546 -0.0188604208524142 -0.0119504036249955 -0.00641097022826548 -0.018178187171417 -0.020535286636846 -0.0176808398948366 -0.00042756751140768
0.964159931897319 -0.0131588786249974 0.00802760868258773 -0.00132246356366628 -0.00357569969828828 0.0140240203355972 -0.0126385072082095 0.000803404834975488 -0.0115847142071464 -0.00131918189506552 -0.0176833809808234
0.985348522433669 0.00302332712755229 0.0093265207067559 0.00563385912488932 -7.02613201104981e-05 -0.00661146630516354 -0.00989368659023502 0.00663206507614649 -0.00266585239423183 -0.020412348110485 -0.00157903661131709
1.01497382472175 0.00726795895334641 -0.00893193521179337 0.00198820401160958 0.0157949266325287 -0.000195159178865943 -0.018364624342019 0.000449696134586597 -0.0105502763224462 -0.0221157794019006 0.00116245250590122
1.01066172044057 -0.00110990752581796 -0.00849471340732433 0.00569454843034508 -0.00166407669002915 -0.0023122620188324 0.00927073808548693 0.0155832170987371 0.0015541626295408 0.009056914541032 -0.00128581102814934
1.01362613764851 0.00280243912162021 -0.0164290022829787 0.0040410330731682 0.0113814182075563 0.0052827088256698 -0.00529320499547254 0.00195955140781877 0.00973284012854808 0.00154388243630777 -0.000743919760982745
1.01989785867162 0.0132247095144523 0.00522791182682262 -0.000939151081990558 0.012923125885073 0.00774019464335878 -0.0020734821770501 0.00876319071857205 0.00156109239021459 -0.0169051079055573 -0.00950387890272998
1.0045805383856 0.00418177836795514 -3.65688108481461e-05 0.0102750387413198 -0.00104077625220274 -0.0143718956761724 -0.00570541677335141 0.00816858020884737 -0.00588150805176755 -0.0137528243161397 -0.00145604521276776
1.0236780828883 0.000298094181701204 0.00866358668533088 -0.00141084298817444 0.0112107731132308 -0.0129814646726845 -0.0102311860389618 0.00157064584362132 0.00730007102295149 0.00563266952027535 -0.00970698378200665
1.01722863891555 0.0140541529912406 0.000602647304873018 -0.00707072562215432 -0.00284788507291039 -0.0153558869939412 0.015424077042049 -0.000167948150723103 -0.00196434469254946 0.00468926363689753 -0.0174183291146067
1.01881793416911 0.00639383241322777 -0.0128285486383423 -0.00410043915855163 0.0163282879034714 0.00932348184817569 -0.004947422092559 0.00469385077980904 0.00788854183321784 -0.0146431621930425 0.00689509811107436
0.979137314061014 -0.00688445763985143 -0.00739611969012073 -0.00108794318254937 -0.00521352119486342 -0.00198626905872197 -0.00468563040726025 -0.00581136508541229 -0.00586064220942383 -0.00140938166180618 0.0174997134166549
0.98842329112548 0.00820614607098689 0.0205555820487715 -0.00270826445856534 -0.00035055310192061 -0.00550906771026144 -0.0118844932097156 -0.0163108305992856 0.0056410522914473 -0.00289704562084225 0.000753922449033886
1.01965767112704 0.000182048325646836 0.00427286563869188 0.0139542386288982 -0.00225015654299542 -0.00199635123196511 0.0103859457029863 0.0164760954135296 0.0189851140552962 -0.0116935615714246 0.0010597102028562
1.0115972100751 0.0134605643645491 0.0138665015673163 0.00228332071388048 -0.013889412472963 0.0191162724706014 -0.00252851271865345 -0.00496562684636701 0.0067491858348224 0.00324070526738548 -0.00162267616463625
0.975204559017106 -0.00830029770265432 0.00812712455192875 0.00627893233822945 0.00638119271279653 0.0256406899211811 -0.00572579674104724 0.00968636410501737 -0.0134718965532217 -0.00540778830180295 -0.00697131366675122
0.998548710162313 -0.00183340240106161 -0.00240913117734262 0.00525397570926455 0.00238800564301355 -0.00791042975258489 -0.00391603033398153 -0.00626158762330605 -0.00513739355693072 -0.0164655641028816 -0.00753881809156624
0.988739486194995 -0.00608316855356803 0.000546482413657411 -0.00545960395343786 -0.0250900830747257 0.00957085189244597 -0.00035108015385762 0.00883908680362335 0.00670607008371987 0.00879469581653385 0.00166666886763379
0.978011238614813 -0.0150260701303394 -0.00777101943962359 -0.0153129940117014 0.00653476447533765 -0.0100886045904893 -0.0068881915730786 0.0120780010465141 0.000161659431561682 -0.0044745228724236 -0.00429420620375425
1.03017946924885 0.0136062621067069 0.00356449621177956 0.00960485751084841 0.00789985456866443 0.00252245870615764 0.00492553770488018 0.011539375532275 0.0119075758728814 -0.0130202027146825 0.000681215855556643
1.00942271837111 0.00179014211957095 0.00874675430562439 -0.0111886791039566 -0.0110406331540571 0.0140177148898134 -0.00577678275840601 0.00467445307284101 0.00658979240404138 0.0107981744910582 -0.017258063665657
1.02130706473693 -0.00297095584264988 -0.00687427740946841 0.0104683080764728 -0.000954024267716324 0.0115939239240537 0.0200203651162483 0.00248429098914451 -0.00176359549667943 0.00703402945585644 -0.00619635376423571
1.02077816250682 0.0156318798220108 0.0113412100525757 -0.0105288599271337 -0.00566284793832045 -0.0084628806099911 0.00657994655892555 0.00704795245219378 8.61772777203767e-05 0.0090920917540224 0.00776715579103322
0.976266887630086 -0.00262956080634862 0.00602894642588937 -0.00995140763097259 0.00431781647391024 -0.00820294180536835 0.00753327171258798 0.0288426097318387 -0.00578702419941794 0.00598987878957773 0.00973152894222056
1.01399056208169 0.00390615690516996 -0.0083842209574547 0.00219351472520342 -0.00943969334376462 0.0113959968275019 -0.00493522337375365 0.00963611559980251 0.0157618364545726 -0.00929628780869142 -0.000712576662576786
1.01616950418464 -0.00719252527726701 -0.00235545418781269 0.020951528171232 0.0137121060367566 -0.0032458051020802 0.00409345680261832 0.0159296646289452 -0.00806874579759909 -0.000739474009132817 0.0135880567020569
1.00755477794987 0.0142269161623442 0.010706851932026 -0.00528888413653873 -0.0172786326756997 -0.0120957097811664 -0.000355309712920412 -0.00627422792642475 0.00858191264789718 0.0109855146472581 0.00492546219463976
1.02413026126228 0.0168844501711839 0.00380717336761224 0.00085293172659482 0.00649848396402409 0.0019863381824932 0.00713776783458132 0.000585496821556709 0.001185012348237 0.0001322173806379 0.00907298886791695
0.973183607992128 0.00192367897796157 -0.00773872274827051 -0.00934150149953847 -0.0133575187961711 -0.000667741754907145 -0.0037894673096788 -0.01565757045133 -0.0141918216800212 0.017443638126622 0.00138529440404013
0.978716562754986 -0.0081269153224126 -0.00371991819626886 -0.00482016478618273 0.0161668577845332 -0.00484956656056528 -0.00412294863764263 0.0235155994087487 -0.0117066074172534 -0.00827772929538333 -0.0086146727312254
1.02101295348356 0.00285105771711783 0.00335491080699285 0.0102694276888023 -0.0108514758994494 -0.0167344040773248 0.00327331187022067 -0.0117069828654848 0.0205572633408635 -0.00713366698131498 0.00329737302451547
0.964000020475641 -0.00659740086957685 0.0177342537134403 -0.00396641266327593 -0.00443613802713196 0.000651913930355789 -0.00891261954446941 -0.00536261986528683 -0.0134867910473385 0.00421960416497578 0.0044293764044345
0.949759010999837 -0.00495372431032063 -0.0108106678913899 -0.00842519585199632 -0.0289765589430548 0.000933442791343419 -0.0117412317062169 -0.00449769966158261 -0.0106647963710274 -0.0059525549599984 -5.10341422859789e-05
0.971680964408789 0.000910902825414185 0.023914988975021 0.00256205463115484 -0.0161188024499244 -0.0218295403447268 -0.00906422042642353 0.00993892432193564 -0.0218740211062174 -0.000682244663875681 -0.00309115955835268
0.999472758073703 -0.00209075682168925 0.0013473023075522 -0.000621683065573107 0.00293888816508628 0.0172799318237313 -0.00347840543831377 -0.00508067507845296 -0.0070825043726471 -0.000565755608984576 -0.00567074890081622
1.03559569410946 0.00441945871573822 -0.00166193290609326 0.0165208554178766 0.0101778462173054 -0.0100495284470956 0.00780004849452286 0.00538292558822573 -0.00373486347840596 0.0105896379095918 -0.00201557245115947
1.01431315371007 0.00279593268238091 0.0034261977939245 0.00476309884208803 0.00073294237623254 -0.00754695994227115 0.00124246689974252 0.00992452273064796 0.014667580937895 -0.00197580453991434 -0.0160455212146279
1.02316855761546 -0.0142641939904348 0.00317338428550637 -0.00349604368335345 0.00612566447738898 0.00304783041422363 0.00706637024628746 0.00906727556708035 0.0181980605560742 0.014941348281964 -0.00327342608645793
1.03033240538276 0.00557453439144948 -0.00451784407032833 0.00411079116334615 0.00336279613614651 -0.0067321864322766 0.000656367602943389 0.0181404688027168 0.00691359566988113 0.00974615875115708 0.00731715714990293
1.01550230956849 0.0148319856272495 0.00410824144073605 0.0088761880340819 -0.00953043669642198 -0.00708542818583207 -0.000746181510121028 -0.00419811257196212 0.00958384701839428 0.00123400463448186 -0.00351918271577841
1.0084299553794 -0.00444815664358179 -0.0183324638509235 0.0132598192715815 0.00475739903459302 0.00542414579460718 0.00855142537500971 0.0118723648707947 0.025175990845657 -0.011531359406362 -0.0176423240731349
0.971684777779263 0.00346482656622426 0.00680992336716574 -0.0126789464902596 0.00760751976040735 0.0225177434317689 -0.0108172161389008 0.00421860291762711 -0.0136471832324422 -0.000414627259585439 0.00323427117850163
1.01043569456864 0.000747020753444904 0.00435908926824114 -0.010143212148905 0.00383585185363778 -0.000880386676257807 -0.00718933570311271 -0.00483234656507311 0.0126962634032055 0.00780740533360873 0.0120962562421524
1.03621415910146 0.00446287132977312 0.000809330041861201 0.0103542381655249 0.0110242956374363 0.000461785765868946 0.00743963228451275 -0.00187276259953113 0.0190098586716165 -0.00068738834281934 0.00470571591376827
0.96551672108319 -0.0111361020024085 -0.0061653573158718 -0.00565779881163576 -0.00341920131704061 0.00964114419007629 -0.0207595971945026 0.00497858217555265 -0.00275102439946261 -0.00858536852328602 0.00634677259460267
1.03173793358071 0.0086568900267594 -0.00662295189499026 0.00622992610985083 0.00283409868429043 0.0240361884627104 -0.00146687466170731 0.015785897651545 0.000226237559585034 -0.00191506007706965 -0.000344874256993593
0.98205307831067 0.00423068079384989 -0.0158770636646214 -0.00317303615603674 0.00245029347777931 0.0109514173908492 -0.00103970197558037 0.020771224016716 -0.00895251138823929 -0.0125151320251246 -0.00625827585943091
1.00871634813608 -0.000420808178854757 0.00855867335771585 -0.0119329217743778 -0.00298753605109631 0.00494276424093605 -0.001755065156671 0.00321709670907022 0.017690172623875 -0.00312298567181145 0.00372771235526472
1.05669845056978 0.00886365821983148 0.0146540147590634 0.00261172388258405 0.022010872730001 -0.0196608579128454 -0.0104047684997307 -0.0138689798365914 0.0132207596405056 0.00703612936161304 0.00756168428225331
1.02923023487733 0.00245807387650039 -0.000380059089640722 -0.00642799615415416 0.0208827945272193 -0.00287364672305537 0.00205992565432678 -0.0307144465322742 0.00645840749160958 0.0131701207222901 -0.0106370507785779
0.985628836594326 -0.0118639044713602 0.00515644650446777 0.00248662101370216 0.00552421939809766 0.0111343223773306 -0.0039647372955233 -0.00272397083829404 0.00907584667071567 -0.014445762233909 -0.00499104533704171
1.00474465365968 0.00358983177674526 0.00353768662963982 -0.0127616865946776 0.011254532950206 0.00528400015494961 -0.00438856551187447 0.0144260116398524 -0.0106673701822085 0.00208727173424422 0.00370743420865189
1.00504845602335 0.0122987434973874 -0.0105948763619212 -0.0172764248976638 0.000108220318781524 -0.00966746372153772 -0.00481457179738769 -0.00519977132660695 0.0115700446053377 -0.000615722289117546 -0.0209059415457566
0.977495165707648 0.00412398289978267 -0.00856156923636265 -0.0250804615842788 0.0060264155206125 -0.00328766248996079 0.0040883980939365 -0.00179987306120109 0.00923455291728854 -0.0109897618658525 -0.00134330042988749
1.00688888982421 0.00947059242822182 0.00191266466866908 0.00999585174642413 -0.00488513570996804 -0.00528533092001059 -0.00759685372316916 0.0180502576061988 -0.0017195568745717 -0.00333553781378127 0.00244633040930485
1.02916487411275 -0.000704984436102202 0.000931608973948549 0.00875879753320673 0.00922484337022118 0.0127422754667853 -0.00328956493113434 0.011516177395187 0.00582092557443731 0.0044062341150462 0.00629529567014479
0.988737442113745 0.000249575947043364 -0.00414528340798884 0.0116884542175848 0.00729073691030918 -0.000830808829510342 0.00428297328199702 -0.0199972205522434 -0.00445212603850018 -0.0162560821518453 0.00444618179567621
1.02400734113425 0.00683388067643151 -0.000434044330390156 0.00281345065500561 0.0019062321956301 0.00783347606054891 0.000730797535314399 0.0275878393238324 -0.000968662233720022 0.00556891418509962 -0.00396563376844033
1.00978794697881 -0.00135400835479749 0.0161944612391275 -0.00895726927039878 0.00163273430399659 0.00437529249391235 0.0185631806483895 0.0149633081251496 0.0111371006690318 -0.00547301338399654 -0.00942049476126618
1.02513753255474 -0.00948151504124112 -0.00672015872560664 0.00858846270744796 0.00325465522739782 -0.00846274633228556 -0.00267863879777189 -0.00700325845652266 -0.0059945782406991 0.0148439579791307 -0.00268171485990438
0.998305224940372 0.0072554939387048 0.00993766715247312 0.00196710710603941 0.0119759204522142 -0.000259343060288682 -0.0251610769847003 0.0134189390185648 -0.010952138981361 -0.00733004818410559 -0.00523395898158519
0.958329794517907 -0.0270371886564579 -0.0114174006545067 -0.00169885584250821 -0.00912109615906908 0.00431385509839056 0.00222936757295124 0.000285544177941779 -0.00421237290245901 0.0157645585340472 0.0113343517741818
1.02115025754023 0.00552102819468873 -0.00669926548991496 0.00478586427223392 -0.0042828186980895 -0.00477826739322135 0.00391504123217853 0.000148790158182456 0.000295973099257133 0.0126579569598353 -0.00786572677860396
0.977757911550242 0.00313201606531423 -0.0076544204496576 -0.0166176685797712 -0.00173937618203949 0.00627727002343059 -0.00540784588567285 0.00302181775717865 -0.011433848443625 0.00932792421507808 -0.0150264257579083
0.960189679245037 -0.00488620791516353 -0.00540464895278631 -0.00605918299905734 -0.0183569271841747 0.0075694604221177 -0.0274443725252081 -0.00640967515943146 -0.000183108854894564 0.00516417209092944 -0.01878404533804
0.965266171552178 -0.0214618293451833 0.00125275783497911 0.00430293322436452 -0.0174968458798188 0.00219453510251995 0.00356029087607248 0.00392916290919355 -0.00318752002490239 -0.00742875231546807 -0.00702437902732579
1.04293824916411 -0.00162335506204606 -0.000892064723499985 0.00556399939055752 0.00178431222173271 -0.0307667733837324 -0.00509516711687863 0.00162730131953513 0.0163556408102626 0.00505382055318299 0.0123860700017187
0.988320959401118 -0.000900632758024329 0.0264575124609969 -0.013910970777922 -0.0018245179865094 0.00166548748383203 0.0144606947943441 0.010780040859915 0.0038988003849082 -0.00506047422676949 0.000939400552683158
0.990019425806999 0.0103870667130407 0.0283147852284756 -0.000898516218630573 -0.00428637886393932 0.011692274751896 -0.0109151101505121 -0.00604146377067631 0.000177369195571148 -0.00292025575028903 0.00768280611041188
1.00878038345012 -0.00664531524115923 0.0123479566760014 -0.00502317105220287 -0.00126838028346805 -0.00119274471260744 -0.02202651734182 0.000255015325660117 -0.00485595454580738 0.00471042119252731 0.00527071368020429
1.0132451791539 -0.00137119474471759 0.00171332571861925 0.0180939506655155 6.79888278567134e-05 -0.00234368609506088 -0.00466706766712962 0.00740720652155087 -0.0251340788525758 0.00996721302324991 -0.000214186722439465
1.0318364014027 0.0111926439970771 0.000121900110867564 -0.00252682316261273 0.00979651343426776 0.00112829522409564 -0.00218767086143359 0.0136633526121508 0.0179153716588313 -0.00263874230584995 -0.00813370323831066
0.998402449352102 0.0151399727573942 -0.00212821239121638 -0.0041197737019947 0.018624041424825 9.07265354395208e-05 -0.0018097692717736 -0.0102520148289133 -0.00525406737655781 -0.0130790818636162 0.00542766718787079
1.03718180918529 0.00918843231802565 -0.000371342786447915 0.00577183003418751 -3.66460211814361e-05 -0.012697285102451 0.00605006865735166 -0.0170800144348353 0.0151974961508002 0.00303858487977476 -0.0263310206869836
