column1 column2 column3 column4 column5 column6 column7 column8 column9 column10 column11 column12 column13 column14 column15 column16 column17 column18 column19 column20 column21 
1.0262210550747952 0.0032140920675937054 -0.0075457483179257765 0.0057897346542155215 -0.005372621128286257 0.006256631258001627 0.0100802583832476 0.002771507755064936 -0.002224243305529505 0.0066645073767430665 -0.0042651508001588356 -0.001704181413231021 -0.002307415312326895 0.01511628973144811 -0.010524497459299233 -0.011494168471765705 0.007384420935090802 0.013493656436771076 0.01558225203011833 0.009686502063002641 0.004923016966827311 
0.9931371032967298 -0.017884743193814973 -0.00817030435103492 0.017033277626889377 0.0011388895528764587 0.005045612585689465 -0.001971781780816439 -0.014028008053395609 -0.016827049702389737 0.0004262637311690628 -0.008867509130433602 -0.00012525242318509852 0.01105014456567531 0.006821971095320421 0.009538041292877058 0.004078655108569237 -0.00470409067497717 0.014310286321292958 0.006857877389111963 0.00820927576594542 0.0029783451371548125 
0.9752994651537833 -0.011701747261235539 0.009548269294888142 0.004653642294102165 0.025320180988492993 -0.010213812167524488 -0.0034954694710575642 -0.009868430057456318 -0.003457290518835016 0.00500825800749542 0.012749116785776837 0.009407871248886495 0.018413398213937737 -0.0004059657234147274 -0.016628124017613485 0.014607934806292116 0.005085318225040416 0.0031848903880856523 -0.008457089663921231 -0.013949976990963462 -0.0076286113034720725 
1.0265559510507154 0.011516796142667976 0.00104216319101316 0.01570436789384907 -0.001207879422705087 0.006721108473331101 -0.007906987002120398 0.006510989602009511 0.002912389542260493 -0.014400248676864734 0.0028566597805205264 0.0003758613629892674 -0.0016391667338604516 -0.014836298723934143 -0.001235949900815967 -0.0037507089605828387 -0.002743957272982108 0.009256404871671915 0.004624842258774355 0.007573768861628313 0.005053130004289869 
0.9290198887077431 0.01954381644378497 0.0013194150450306509 0.0014399480766197229 -0.010672441849826152 -0.008456293806886613 -0.0035761184051244293 -0.006210008962488637 -0.006401637279750135 0.004559067305892203 0.0008929800044401399 0.011475338484310633 -0.0036116895293560733 0.015160976655798604 -0.0041304443816891365 -0.008181085155474048 -0.006344411007495046 -0.006424838105471454 -0.012210595799764745 0.010001939540705556 -0.01114634917805856 
0.9825223877232458 -0.006911083414427109 0.003962414454063999 -0.01187143512088647 -0.0028576235214022704 -0.013385859140958368 0.007413726210011768 -0.009645753993802592 -0.008156185590516021 -0.011108941880710384 -0.0017713089643773706 0.005100021671351947 -0.004552663807481038 -0.001667888845290468 0.019055847327772303 -0.004850850579683848 0.010457539941990729 -0.0036662905946908903 -0.001335220863123825 -0.00859478314645902 0.00555934978416043 
0.9704070165251879 0.012683835890101334 0.006660888119511956 0.007288528739288238 -0.009042217463762083 -0.019426138648238164 -0.0025693180520406232 0.003335732643892711 -0.007846765755636222 0.009932201757705346 0.0019465586458772917 0.0040956663364080945 0.00027569324786161646 0.006994422117537433 -0.01893464043053028 0.014375862914533218 0.01034614248238125 -0.0035093352723530188 -0.004391654243982342 0.0003502653170093967 -0.003653021581213324 
0.9134236977658243 -0.011549200329871985 -0.02082947498330701 0.0028731856577299763 0.013811454042814595 0.0035029492108611627 -0.0013645570629180462 -0.007374053059306772 -0.011449051701723499 -0.008183462189959278 -0.013407799245113202 -0.0004956674395735232 -0.00744798022322258 0.00016243286213628031 -0.007886939842896255 -0.018583887573520332 0.006674207609950451 -0.014892807073066996 0.007097120280134837 0.0014775952359016424 -0.011567647241674275 
0.9969956088529329 -0.00149009566168236 -0.003351068670265379 -0.001572302820420481 0.020854472721752934 0.0033731300806755567 0.012210903817137513 -0.0028104084638250065 -0.007386950365416163 0.0008973848368764145 0.003930924604877812 0.010494223670398461 -0.0020720514381841705 -0.0037106665081948543 0.0043813958142286365 -0.0005959862721394751 0.007833433507119805 0.0025954813628852507 0.005851117373267149 0.00045014706129119106 -0.0015104139759202363 
1.016199305118311 0.008115450348713932 -0.006426869871853642 0.013209599102152188 0.010149502502241722 -0.0052739726386762985 0.012168842226807109 -0.0072966637353875765 0.014140933337365654 0.004211859678377116 0.0004440643607918028 -0.012555776732364925 -0.005590160418275128 0.010160327456968614 0.013238332190705962 -0.00970000594462443 0.010558454083726234 -0.006397401190099517 0.014579562006325781 0.011618260122790405 -0.010282560960114267 
0.9802172065342184 0.0065654628913902596 0.014952070260585903 -0.0024726122119464833 0.005177945278328635 0.0011229298047117089 -0.0035602301898245594 -0.011093506213816684 -0.009025609267143173 2.0483707433786078e-05 -0.013714640299227667 0.011101114551926994 0.006800016876526027 -0.000805284308649661 -0.00142088849108504 -0.0043136381928653225 -0.007848677490903072 -0.011901781054025482 0.009779545686661952 -0.0016787657082108361 0.007787360705055867 
0.9781374868202648 -0.003704562603868933 0.005678725131879585 -0.0007635948191127091 0.006318306237352203 0.015861743982802302 -0.009541626698760604 0.0014137534001322206 -0.009203586124867796 -0.029538359241190495 0.006595694358946358 0.0016582165902039544 -0.00917244958935419 -0.00030960001856680943 -0.00577702457987636 -0.0021084411322595865 -0.0010515823448832365 0.001671494303877573 0.0019706198925115376 0.011397809894876564 -0.00788478994955584 
1.043331741288319 -0.018040400165640538 0.010481624017390863 -0.0043243587016714895 -0.00449595690308033 0.014173653256020848 0.010765776306777329 0.009027659508742365 -0.0005799225015447484 0.013698600706589638 0.011796825122606469 0.024477325753004143 -0.003823171657799618 -0.007879860149819885 -0.019120450910756984 0.005392688370150729 -0.011573405430555118 0.003979273129322443 -0.004472849228546376 -0.01963383526120136 0.0014590063964966921 
0.9788224635303768 0.004050189204233289 0.004501404243312864 -0.00627309683012357 -0.0008657883572052586 -0.021465613008397694 0.005974248134221898 -0.008810793440329107 -0.005403767439148845 0.005952260239171131 -0.004357469639095916 -0.004311850784250664 -0.006297463801769135 0.001711259346659975 -0.014869580988115841 -0.0009127233645975804 0.006116048591052665 0.0015982582585706243 0.0047878077132957955 -0.00820321665151339 0.02353118743414984 
1.0217707708002837 0.005036437313048251 -0.0009606736416129371 -0.005992620541810896 0.012661505893402952 0.00394188943380898 -0.00814339263013664 0.005514041252660081 0.018575618518249196 -0.010154046983318716 -0.0020022229545183855 -0.0011141889848039182 -0.018794851137037452 0.016587951105254625 -0.003131446359962558 0.0005430625044494909 0.005743716985534621 -0.0011947154225057707 0.0004420402172458872 0.0040928674510670535 0.006894069676775129 
0.9957911987870999 0.011166501912025577 9.751254969624597e-05 0.008466548637446742 0.005208096065189064 0.0030771083350054976 0.0034186132293851463 -0.0023811969171629284 0.00553584888500938 0.009304466548123448 0.010384199375236047 0.013414569750992937 0.013775994618627304 0.0027867724071856384 -0.00356502123788226 -0.002625179639901693 -0.0014990676401631872 0.0021405498362355884 -0.016718436726540824 -0.012413973385926036 -0.011667933990768637 
0.9884455641202903 0.02454338700573288 0.0029745839383214442 -0.0017089905166296753 -0.0030683802893445265 -0.013797562314118921 0.008993189568617471 -0.0021863929571562337 -0.0018103484755943647 0.0008122159227904621 -0.0029655240349541535 -0.004045706531107441 0.0015409011319216467 -0.019596370431124707 -0.0029815369494386075 -0.0008339040986306471 0.00018803614768540512 0.002218378837387939 0.011693319155678748 -0.008949076201832174 0.0023840459438086124 
0.9667485419799543 0.018058137580881716 -0.01918889380462517 -0.014693228732022555 -0.00766795277228499 0.006172435730980978 -0.00012629505843178985 0.001680321802317013 -0.0013807965531155476 0.0030443964258066304 -0.024553694652104437 0.007446128014656233 0.006017602677943476 0.006164718456923019 -0.005945843832855008 0.012619444992831167 -0.014980178232038618 0.00045735233170271966 -0.0011632988633399832 0.012717624114363273 0.0015173202387614396 
0.9974347623130224 0.0006923853367307019 -0.007250416699928643 -0.008282969233594388 -0.01678000805024439 -0.014023203043019045 -0.006833343708460972 0.01789961122295635 0.0014568217525117628 -0.010801020489126976 -0.020669451576414418 -0.01596001857494372 0.012066382849904174 0.013277208866586884 0.005916307415731814 0.02078520151099434 0.022254738700719427 0.0015971138333700473 -0.010787638917345702 0.02074959230090474 -0.005688277046541826 
1.006296420447639 0.004985995252589469 0.00779546095126809 -0.014229789160367474 -0.005498721524393642 0.0027779871978309847 0.019137550703056064 -0.006083835315803522 -0.014023536114319035 -0.0018877178460079869 -0.0034604661385748015 0.007014654337125141 0.004049886215575151 0.0054728741277772774 0.0004081915832366881 0.024558292477400413 0.005183699948193905 -0.004753078328195295 -0.002417139428527497 -0.0033728181682415133 -0.008295690180990514 
1.0126935393262821 0.004170610111174054 -0.0013824425276766717 -0.020202930857747374 0.00996699132145425 0.0003066808785833157 -0.014175304338444559 0.0016908484423167648 0.005878504935135628 0.00051393543860318 0.002703688216785974 0.014118816574592493 0.0005805805930124523 0.01359890371202215 0.006123237433503788 -0.00727167273231775 -0.006302925923082834 -0.01041468547786701 -0.0070922851367839134 -0.004087709038251065 0.004221530316597183 
1.0311397879375301 -0.006377078773623455 0.0073798436823285145 0.009004672099169669 0.008163747929427248 -0.012960267619944666 0.002204744715462463 0.011970215487226044 -0.006215055659746547 0.010760599949875698 0.013123595261616008 -0.02226538044574998 -0.007349998345459805 -0.014763351135293451 0.010157508143480374 0.004419157565033161 -0.008081505825961134 0.003517020957737861 -0.007470452902635146 0.004263844528808132 0.010106743719442342 
0.9715146676197657 -0.00187413491085589 -0.0021116924665704343 0.0007506308653736169 0.0011691709866053558 -0.012282356521472448 0.00019720016203213253 -0.014028094447115717 0.008494085395148687 -0.003133508635753266 -0.01606146852046749 -0.004256589868486406 -0.01628626774704917 0.012737577007756658 -0.01050420562116407 0.007673103970587897 -0.017192643930749287 -0.008350748138922063 0.00012506604251645394 0.01932049453780446 0.008271009533628823 
1.0229073646106375 -0.0006265497529902866 -7.861841485957786e-05 -0.008843116187021464 -0.00691996635208446 -0.01195038166515713 0.013709316533170314 0.0032716515855586666 0.007247134215690732 0.018266011757732223 -0.00980903967103739 0.00888699712973106 0.013038834187117666 -0.0068776961603365565 0.008449601410468376 0.0021203580691556644 -0.011099124217873626 0.014979232453053128 0.0009045363486808876 0.018742804392389074 -0.008371091539870878 
1.0137685541497212 0.02031320111831048 0.008804452795770034 0.015115351365614567 -0.0004563682675713063 0.008860533691615633 0.0065611401549445425 -0.0067957763807217665 0.0021432350826106204 0.010125633623466846 -0.012212006242341006 0.008521278808062839 -0.004024063599471652 0.0019049795995209943 -0.0004062999247417634 0.003800560042164477 0.003016149318987917 0.0024952751134523104 0.021220346008307064 0.0027801777411079944 0.0003603231767310323 
1.0384752243233155 0.01971830206125784 0.004436140917756931 -0.014632815333326957 -0.0007651202598609562 0.010798675608350095 -0.005725336420231308 0.008150642950316742 0.014672733126844346 -0.004967458308480046 0.0024879006019839253 0.002248424669067104 0.004962902193626317 0.0041160719209414574 0.019220174036955633 0.0015570911068083523 0.005719481919392476 0.0059651360589766025 -0.004926936391152774 -0.00013890891215017303 -0.006616360050660478 
0.990940771589392 -0.008506575625617444 -0.015835778228462192 -0.003017149430457841 -0.0007004313847322956 -0.014970561988882048 -0.0008381261250971335 -0.003973041705589066 0.0066665355745578235 0.0020517245645977843 5.934353747080086e-05 7.936453707259458e-05 0.002225881856504997 -0.0023760857663764406 -0.0008064458384205089 0.0032382386145615705 -0.02709784243832482 0.01393481500606275 0.00010466057399408386 -0.0003544473949762209 -0.0028214511309511752 
1.0803684097617 0.00019359475550923783 0.00921589481863989 0.004689913131508971 0.013767096449795006 0.0072424984252210806 0.013301683043988169 -0.0002108497294648229 0.00911918761876991 0.008961351552520492 0.007237893517312902 -0.0023502956533090363 0.006310683880187932 -0.006756763885677895 0.019841129598109675 0.006430121965558097 0.004633352275285122 0.023533965293184012 -0.005839821868074411 0.004013940511489179 0.0010210354027185282 
0.9771561124876427 -0.005734537134119856 0.0038014955311115833 0.010336958216723377 0.00849829627760072 0.01722818584289503 0.010180419825114211 0.007564767875478054 -0.008135518402374486 -0.026293479921747537 -0.0016571988652129453 -0.004916176561791588 0.0005959536223922167 0.004685957129973383 0.004091233940215474 -0.0043490904077993385 0.032377873538749206 0.0069852252177756225 0.004458444550286793 0.016359415762902226 -0.016301844442110268 
0.9612581335140964 0.008385214381675294 0.006406195596166012 0.0016128856018144983 -0.00418195289645007 -0.007485485671566285 -0.006803659834227723 -0.01000674543842118 0.0023630119896814157 -0.005090284444743606 -0.004301601815169854 0.01864529178063692 0.0029658235001474784 -0.009382234733681463 0.004042271162814701 0.004883376266451999 0.005860443507233348 -0.013103708403791872 -0.011035258116064985 0.0004065945830216582 0.006487294271604636 
0.9648926061673033 0.0027865715004864668 0.004734197961600372 -0.00014647600784795754 0.004886596362504963 -0.01903632768312748 0.018085919059763603 0.0017511057329363396 -0.0229447040301953 0.00019269051189212943 0.011817232150010697 -0.004631093281873325 -0.0036046581429370885 0.019229527284537955 -0.03555249067123903 0.011138435933557692 0.025511790579363806 -0.0003944241883191546 0.004902729833517137 -0.0031099374258516527 0.0015829568909461623 
1.0147013990112526 0.0033077223231655095 -0.015471545974182255 -0.017002082685736705 0.006577081587120952 0.021284964082552628 -0.025328751339122726 -0.0038299572744870847 0.0019823680762121173 0.00591999983539955 -0.004932938618855242 -0.008303981825797004 0.010009501367524262 0.005324785474641981 0.0016739975106060654 -0.010407172260926386 0.0005644515704586976 -0.011844747187741653 0.012518982278859541 0.012182379361081287 -0.00043851070064859624 
1.0281405650206201 0.02077606655430694 -0.0029291731894713845 -0.0027432943239342833 0.0023555422523618866 -0.0013925204526873236 -0.004465792360382243 0.008967382868410749 -0.009316367483605786 -0.00042936436524234175 0.01490773400951556 -0.010729077983965675 -0.012024696175582866 0.008368609762260268 0.00980787884824597 -0.00440780014163913 -0.0005072898092007602 0.003691806847594536 0.005274951036785407 0.023815331786124456 0.019012956518669077 
1.0331289273322843 0.01623219834099653 0.022274166009251598 0.030915697914432702 -0.003949057616528797 -0.005882883951561671 -0.02142474904080815 0.0036145314743529205 0.009805349837794405 0.007098528054203824 -0.005572282912572902 -0.01624420522959912 -0.013437811847476461 0.0068934633687790315 0.003416926057565936 0.012640452302041184 0.006299830667732669 -0.008717493208026046 0.00901718100896813 0.01349173114390298 -0.0066685844689210304 
1.0155479510721077 -0.0016893453842622846 -0.0006142335975319167 -0.0037515196417789395 -0.009397598764255612 0.016527542069860172 0.011650992780221438 0.011629713229014866 0.002406078444360763 -0.016398216992418894 -0.003410713148031351 0.0029637853884451133 -0.003451221601802173 -0.009417305160612755 0.014344164154292002 0.010999492559423361 0.016434312846431712 0.0040003174046446726 0.002676083633874115 -0.01584224527594143 -0.009249962689803909 
1.0237711160486953 0.003999462891667575 0.002981430803482948 0.007784932285873093 0.017432373882642564 0.005120889623977457 -0.007569653529440408 -0.002694777849663596 0.0033563978960658475 -0.0011882780858223979 0.0023081275360600697 -0.010282534441283327 -0.0013253647771287538 -0.0015959864434428022 0.015122392738086299 -0.0045919784029801606 -0.014170185678636536 0.012541326679176646 0.0016161356157394827 -0.008968137439671772 0.014489458096602532 
1.0935949997302425 0.0061838379780361444 -0.007639839780062508 0.009217625909433248 0.002362596815765586 0.02263208082582413 -0.013513323290775193 0.01008079832315712 0.0014302679898571388 0.02039347767681488 0.013945203721138022 -0.003650805335715288 -0.010302362442193798 -0.005213852556606723 -0.015817811763309125 0.033969244988993744 -0.002086200851774616 0.0006470097292113062 -0.005972153994143138 0.00031513090080791237 0.008471810173288033 
0.9677813424051702 0.006716221119040362 0.02409808945687986 -0.028810456647270187 -0.01822346920990118 -0.012133031398850478 -0.002355651282279697 -0.005903431147939928 -0.008553185432631375 0.01091932936719346 -0.014694579848281208 -0.00916765649915537 -0.002687566595550341 -0.00045242332731807756 0.006793587774871221 0.009666309836162424 -0.013530135048789417 0.015630829916998552 -0.0018588796843746966 0.01340399554353936 -0.009830951806564655 
1.0356110301968273 0.0096761288380919 0.015910698278121017 0.010241306435952075 0.024370654509534455 0.008096832671040636 0.0061894453543447124 0.020894369664092936 -0.00805807298618207 0.008733153244832316 -0.001830083727246401 0.007250646935967341 0.024396131739502232 -0.01613671548399055 0.0030840864375600075 0.0032500175261230015 0.005404530417619421 -0.0018358705385280976 -0.00630310912313244 -0.024993550467962478 -0.002200630919531923 
1.0074708644679233 -0.017971849141435365 -0.007037337553793793 0.0047148638028453585 -0.019095667074168304 -0.008040385644196268 0.007608083398297078 -0.01295290889077125 0.023338286614141977 0.02427366962340113 -0.0048265305695279325 -0.0036158632012087263 -0.0028946141173862706 -0.00017633013534472443 0.002302566068286096 -0.004389007262704613 0.008361644322759902 0.013567129205391429 0.006384809314496597 -0.0012613500995695378 -0.022373012466708645 
0.9809222177777311 0.0017839927206943257 -0.004663947573449948 0.004765372585654559 0.001019797730663395 -0.006581611657123869 -2.275046092462059e-05 0.0009061422897813187 0.0038957088582459083 -0.01251397496946496 0.002600526743954511 -0.0035835922421293465 0.014489578683435724 -0.0002741773938841548 0.0008934537060134595 -0.022058927897398554 -0.0071308484027958535 0.010720239893144303 0.0005550391771956039 -9.894196130508482e-06 0.009689589395020038 
1.0150479006460795 0.011944303022634557 0.005730611002570287 0.009191405223563346 0.001439900146193016 0.020973780528124434 0.015380195448105918 -0.006292159815070614 -0.0033746656729302903 0.007066538182209701 0.005901686447412658 0.0019146710520609193 0.0027463284573057403 0.005348398037703309 0.007867156678583337 -0.0026521707644346533 -0.002168553809473335 0.003088203594258109 0.01779413241113598 0.011344427534184883 -0.01815953566200617 
1.0195271271511743 0.008905691255638847 -0.013711025559691628 -0.011382972685024773 -0.006773793446535934 -0.00034071174288104937 0.0013634222476124178 0.019884011291912085 0.009276691845815335 0.006622024676998967 -0.01654722635524934 0.012590519105271172 -0.0026682480949901896 0.017194956286776638 0.002487962511215514 -0.006643018713190348 0.002178369562993495 -0.012053786920084996 -0.0049306254665523784 6.639185774098365e-05 -0.0014074327259442092 
1.0024716890708938 0.0016320790949001108 -0.003697007017805729 0.006455028371755745 0.008222929785803166 -0.015972812027285347 -0.005923579493666568 -0.0029524093974767334 -0.009258490308185539 0.0016133003219471977 -0.0002760550657778692 -0.001194282075915823 0.005096555697422121 -0.014054285961271083 0.0038388804737586432 0.008161831350991801 -0.004696298143415808 0.0009233252975860546 0.0030059330589932505 0.01780967414910493 -0.006349068742971398 
0.9368964825883154 -0.011070023694867242 0.013424875034237282 0.009827450072990317 3.659898882552303e-05 0.002190310228632796 0.006772518149056903 -0.001656463507711309 -0.0051744240413798695 0.010610617215683465 0.006465608893257886 0.006262161615111943 0.005682858555598773 -0.005608008218258993 -0.01672769835929077 -0.0007668726914839143 -0.0124051988185699 -0.028343335368112964 -0.0006088189168499497 0.012489587806748642 -0.014095199742022751 
0.9665297125584287 0.002664020620388073 0.0036623610489756003 -0.01035483375285293 -0.005649325487680695 -0.005246927421162268 -0.0038114995294033687 0.00013311181066304333 0.0004345273501886132 -0.004027712157947982 0.0075901865548196916 0.008465035844462728 0.002048162554803327 -0.019136117731865517 0.007565997588245158 -0.01599526420668809 0.010633663272758227 -0.021333090827651027 0.0010583884043302496 0.005433567518207464 -0.009631994103833455 
0.9767072655008602 0.01150999425813725 0.014968030503103238 -0.007866351294906393 0.01483084980685205 -0.010225767389600295 0.009532484363852504 -0.005975635406603817 -0.0007034498287928946 -0.005690474825067284 -0.016933667788291834 -0.007417696987845787 -0.011706465857686359 0.004856993315088052 0.0026114460783388444 -0.003591897666303869 0.025561126642881953 0.014101889715498798 0.004681243337249545 0.010060816804860364 0.0015901083223337415 
1.0125911004110535 -0.012405649418676145 0.006396341462295811 -0.014763765400232193 0.0015354435807275954 0.016759983213908442 0.0008564205745468952 -0.007054382000209351 -0.0066406100544436665 -0.006340939858964168 -0.003825239929574035 -0.005799127797547955 -0.003492141910930091 0.0050026624555421575 0.008828889793797643 -0.0010761762555117564 -0.007957402078631576 0.004052741124857434 0.00598123058642779 -0.0029187508843514162 -0.005281674063735995 
1.006693968775957 -0.005397663598753766 -0.003824071764716533 -0.005884875340826175 -0.018532005276076086 -0.020668318540283108 0.005526775105689921 -0.00671713486532825 -0.0008671479980208809 -0.004198579231407478 0.013883217696954598 0.01394844682636211 -0.007893494309231173 0.003026838123723412 0.023776082955138 0.00046275783495829033 -0.01261373173653524 0.008166040747159473 -0.007628888232601634 -0.006481797927243079 -0.003107509749384101 
0.9492113902278365 -0.02135663373884643 0.012649470896752526 -0.01839929805220699 0.006297986627251574 -0.01759249371465501 0.001858583594227863 -0.010221166986404464 0.000644629297574081 -0.024625367585975454 0.016612385601008785 -0.010849657786220488 0.004354942513693341 -0.0008333490328950807 -0.003116335072168993 0.0035949858024309266 -0.01935913448733507 0.004916889053683173 -0.005594907038344151 0.009770362000617006 -0.01323423435182209 
1.0074581156445013 -0.004724170172699372 -0.009339149373757549 -0.007775781530413008 0.0020763523759942787 0.0037721646798913383 0.010623641541825294 -0.004144452656082169 0.009275520094198051 0.005957967867241846 -0.0006310446936736515 0.0009007925184454032 -0.010509856731228983 0.015017775075565723 -0.0011564400522101417 -0.005383823645441316 -0.010528391827516746 0.00012586498747101728 0.000888223656340484 0.004094957881670204 -0.0016265529711379408 
0.9818002354641212 0.009080596332559405 0.010548387393960036 0.0042751662300953164 0.007720053850391524 -0.00983742929793668 0.010642129789528425 -0.016988650817277608 -0.004866466677937595 -0.0030774212119991 0.005956012097785549 0.006411203540871835 -0.01116306422277685 -0.0055454620426431955 0.020302348895424857 0.0008433612207682144 0.0019623370544322055 -0.0026125778467719425 -0.012731275819979206 -0.019863912845377016 0.008749342441187505 
1.0324152002452314 -0.005815086938495849 0.01320312445507214 0.018784315895844953 0.0008963316254310388 -0.01836536520550874 -0.0005398289693436368 0.002462431749088363 0.004902536156230149 0.006766518807729638 0.006363391851180234 -0.0034792980463159975 0.01531395684524608 0.010676931922595102 -0.0024034647415605162 0.01289631393354458 -0.0006793893486772186 0.004385115912669587 0.002461481267640118 0.0020826224306066334 -0.0012424684551143024 
1.037037559309706 0.014458216844087159 0.005357006187264579 -0.0008103036580206027 0.005509959644469495 -0.01021429852853851 -0.006200912241621145 0.005932109314186323 0.0013366281035895483 0.0062079428192006346 0.004753917824718297 -0.0011863075867504496 -0.0026672437647975327 -0.009672032963010824 0.01556984482333942 0.005549919938875507 0.010144569426830856 0.0041288676664208756 0.004246887195644298 0.011205106244290101 -0.011258301121598587 
0.965222462332333 -0.010457732577640069 -0.00849429486265334 0.00760995838742907 -0.0026625740064449084 -0.01876454311252716 -0.0016760747519859662 -0.006408435159756157 0.007762289163397097 -0.003138962517247243 -0.01983808356646434 0.013087031159626774 0.00847176897315653 0.0025366781145902406 -4.3272478817511426e-05 0.0014727636996164156 -0.019833514172310447 0.011682846266530248 -0.017160679293509565 0.007097654466428459 -0.00251854992842144 
1.0547137680044165 -0.002323165536067513 -0.0019822397931429196 0.003064494088194734 0.00646715359604895 -0.009225400644421941 0.0012540952957282576 0.013361159324371194 0.022542209593086143 0.009009491472782858 0.02078534044663824 0.0032990375207127575 0.011991667510447078 0.00442804193016029 0.0007248019234022051 0.027797123717640457 -0.011045260720957312 0.006070882797637348 -0.005566738651053026 0.020245159822310982 -0.002760234973847889 
1.0358345833188605 0.003164870635542979 -0.0010524510678963388 0.008804864198848704 0.008785674165744311 0.002078060208948647 0.00025578678943427726 0.0010645011751413305 -0.010777497839532626 0.00864084505496081 0.008531918413187957 0.013793268338177813 -0.003469846478021607 -0.00750345546188752 0.012859376202884042 -0.00267372206888676 -0.003514015905478483 -0.00015196842214984779 0.012014813624079572 0.005845844315827681 0.0017211706304511073 
1.0225619003878248 -0.012224335129134224 -0.00837333460110172 0.00935325077241315 0.008234478844439617 -0.018608011614927072 0.00567318291311974 0.015264935668618067 -0.018121936684759563 -0.014408718530818036 0.014891307607511613 -0.027025546692769548 0.012444897450355723 0.014197502609882784 0.004547273917267248 0.020191288699595824 -0.006100485232093819 0.005942713573956696 0.0030407627678509554 0.00811279356229455 0.008028634699932643 
1.05618552071284 0.007286203512151452 0.0024747443881009286 0.010878458546543084 -0.014812146820690417 -0.014512299117971807 0.003830462171986645 0.024824512254040046 0.014858748436370963 0.01626237082351491 0.0050522249478427966 0.01467127584280463 0.014705617851299618 0.006000188148247356 -0.014523791348751577 -0.002435249697473341 -0.012118632130468404 0.0023336423637612728 0.011952897837138909 0.014078735671132367 0.006814851972516244 
1.0347495201879702 -0.010761081923161676 0.006430739098398011 0.011861447466710513 -0.0032719647870609546 -0.0016024594901973038 0.014817696191871663 -0.004267718891934192 -0.009603101542478797 0.007406754522901142 0.0018339455699043193 0.014593773567220008 0.02104407180704682 0.007054484876160506 0.0012356907928673354 0.010299062195268653 0.010550632356725318 -0.006454127715889142 0.0012535690961708798 0.01742747618172134 0.015226557595690507 
1.0102887314570572 0.00038173533502238843 -0.01133717774745159 0.008022102075613317 0.0003013767083597365 -0.0047549700454338865 0.004269040333902803 0.01338195617700863 0.0009380553556796502 0.001281352314714616 -0.005788561591514465 0.0013785851245379803 0.003266361893099396 -0.0010703276488629474 -0.0019188595523202073 0.00848137255412772 -0.0004520589165277204 -0.005408762653730731 0.0009063282631123184 0.0018248961475747603 0.009753605125128342 
1.0325516660142604 -0.0076619385101168395 0.0038300903567451833 0.005527173074223985 -0.0035290857146978707 -0.0070098443173968175 0.014426841605277603 -0.0016883904469805608 0.037214688549702626 -0.020043919435718722 0.0013652986390663372 -0.0010466504270290648 -0.007673115117565198 0.018590992049593278 -5.507005701021391e-05 0.008029235809948531 0.004417174629251742 -0.023109130447925553 0.003423660987052232 0.0072612919044525 0.01192980382373426 
0.9735430561555616 0.002546032209075509 -0.00892732616999978 -0.001216083287090877 0.012832786207347964 0.0028494305612012582 -0.01686176365435522 5.1808224133104596e-05 -0.005567255983071284 -0.017261591110905007 0.01315774324147595 -0.007637887780294519 0.004116702629420717 -0.008505338668149988 0.0004176247619953 0.0021744262673878603 0.0005845281864568628 0.002692784306288395 -0.015586784925549236 0.0032743941419251413 -0.0031211221455911824 
0.9781817171876022 0.005583912269071878 0.0055997116287022095 -0.008191805413864262 0.0030219410401972563 -0.01414341964357836 0.010365084572309285 -0.005444847345824891 0.005989377815245196 0.006522970893755419 -0.003587872825267895 0.007547403891308314 -0.02152305240353107 -0.02466755225869859 -0.003545820495766859 0.006460994447645216 0.00023733623722686477 -0.0010714406599283003 -0.008624704697091009 0.01658684809531554 0.007344997143223001 
1.0097733902614867 -0.001243839410805363 0.0021727470137030973 -0.006634085297427579 0.011496710140140247 -0.005738558007264265 -0.0025185461287264344 0.00026074652171083064 0.006145165788800623 -0.005647540349955491 -0.014005752647347866 0.014132871299569943 -0.012468403445139956 -0.001634278613261353 -0.005537742047987238 0.003667661104208614 -0.01739076366079889 -0.0005214657662531074 0.018606357255704798 -0.023598671466826527 0.006936163879474445 
0.9866607549979397 -0.0063292410479811705 0.012078431959446698 -0.007112747425573131 0.0062045016181690865 -0.011527418107033598 -0.017677452544838206 -0.01666347513345364 0.003911908326196606 -0.008269869302295589 0.00018651074240103182 -0.0033207101807953177 0.01684657953939051 -0.010059418295303017 -0.0041285003608758685 0.01679888276303385 -0.008436632940378755 -0.006108294322005175 0.00025953873724736794 -0.013432347318619718 0.0012441412026981166 
0.965643213651332 -0.005714767400702785 0.013915626978870665 0.01829184536480514 -0.009862040827703129 0.008530212189630194 0.0031268343763891553 -0.01432533194430623 0.01765000735892371 -0.005052963426625015 -0.008068542822164931 -0.01060276561760119 -0.0029852323902698915 -0.00617327296978541 -0.008272025252899676 0.0038616475426487234 -0.0078047672350678565 -0.012438139324961862 -0.00429216998380313 -0.017011044639198444 -0.008749259723282825 
1.0400506132660035 0.0056998298636191285 0.008803204641071732 -0.013832820287035592 0.006445834267232559 0.011247482044692574 -0.0018250773729278356 0.006003581097714685 0.0030088849860641083 0.011095129514708028 0.011210167855936896 -0.012864709504173105 0.017509388005515807 -0.015071503689013556 0.004335122129929331 -0.004322571368384893 -0.006233995451649814 -0.011337130932520138 0.007765127468358426 -0.007674536050590474 0.0035503538886297345 
0.9578382527253082 -0.001964464112144756 -0.007478562351333838 -0.004825292549671985 -0.0013918858261009349 -0.005156184405023055 -0.0024208052295614903 0.007990757088709192 -0.00894851828681159 -0.014575197709487245 -0.0046263238260008535 0.011992160641856063 0.010145579691193079 0.0030092222741142237 -0.015603558257370226 0.012879804065912772 -0.008204496891637833 0.0013913073611955113 -0.002332961437791135 -0.02115792319296388 -0.008708861998319346 
0.9842241946980337 0.0054799562346293865 -0.014727562237817626 -0.00432852687788072 -0.00746795414014618 0.02691452269006632 0.0012091531354996947 0.0008985431095635789 -0.0015157612060938315 0.0015264889020648916 -0.008476826848491895 -0.016284168336412164 0.000546796798400638 -0.0025174918052283048 -0.0046345628520370555 -0.00533736532062258 0.009140432420560122 -0.012451810327579076 0.003953651471357617 0.01066265834906515 -0.014763932079924463 
0.9517011559881364 0.005751320140523581 0.009904262222398947 0.012394671456990056 -0.00706098812686584 -0.004441705154730647 0.00040763569189947814 -0.009501263200242888 0.009151337472413756 -0.01210160432572315 -0.010943557980659635 -0.01075029525122639 -0.0013426618137170933 0.012976485184249412 -0.010011622439943883 0.004033789583961152 0.002488853951705673 -0.004502963863228803 -0.013091927338618983 0.0028018086246499084 -0.004938760720465434 
1.0076304025325085 -0.005403564298965189 0.009629559406940104 -0.0034469122656201234 -0.0038978932771159608 -0.011366523462708058 -0.012376069286971957 -0.014327445395846563 -0.006215069088875065 0.0005074146505040191 0.006345608764750108 0.0012678586722304265 0.010474751142695565 -0.011662798113158564 0.008315877293837298 0.009222754758314093 -0.010173107358821359 -0.004954634098811006 -0.0015751602139796616 0.01862661209562227 0.01642821731894468 
0.9776946857525229 -0.006308933087372644 0.0006157753991387668 -0.009130149035474747 -0.002702598085511808 0.0019841084227591637 0.002579817847843935 -0.007036930600485031 0.02047054626107143 -0.012796490544984109 -4.2447169429221435e-05 0.017081599411393696 -0.006944094770026431 0.0036362337522765254 -0.0076047590673238305 -0.007827757834042036 -0.012775516416843 0.0008462287609133126 -0.0014260968029924245 0.007376626742509882 -0.0171187629890358 
0.9533849435916448 -0.008030954636022051 0.0046120037585602545 -0.003611262216176084 0.01351144366681932 0.03055133208589516 -0.00608929815034277 0.00028216738041088297 -0.0022371957247001154 0.011892982517931448 -0.00565415472420236 0.0065674289132707665 0.003241040731761347 0.0031503572385629336 0.001451312107613788 -0.012597820706870683 0.019317351325192512 -0.024778779008387205 -0.012440905560903435 0.01793458603220592 -0.015250257798502496 
0.9720371136334853 -0.014890922813107332 -0.004019487765498713 -0.011312410880448088 -0.013114913313660175 -0.006140007136751057 -0.007168842172655137 -0.006631971554655842 -0.01626935746420825 -0.002054278505613917 -0.015606719689687796 -0.010299387912060521 0.015845129359241684 0.015951352962473443 0.007443216127586197 0.005409773757139996 -0.0197467048421664 -0.0071891878607614765 0.008909415072849926 -0.017124042275453867 0.010037314848071039 
1.0674581829094032 -0.0130735017596833 0.004718520231907038 0.0037572431283669668 0.0002925189037437024 0.007096725126029304 -0.012868772130099886 0.009156335691373975 -0.004008300003445897 -0.0001945782697737833 0.013920229329180278 0.015099097993466126 0.004154346724347347 -0.00580292708057954 0.006780395353938345 0.010297907385352877 0.012658768547281582 0.007721148632996884 0.0039024489697494008 0.00777356314400326 -0.015384564984770204 
0.986431546749744 0.006360434467380585 0.006417743514116698 0.007607119654262529 -0.00047515037423551235 -0.000448393262389528 -0.005581014904547725 -0.017603111223696524 0.0053308483938353125 -0.005707335669261777 -0.004130997977806709 -0.011698894499114354 -0.0135731884129779 -0.014350338333159943 -0.00814841756258802 -0.001875447035661742 -0.001911563481205593 -0.011798406552646227 0.009593424267258729 -0.014776498959590998 0.0018342501037527069 
0.9486848877103201 0.0030581935285026052 0.0128787364802548 0.007835437828454224 -0.011175013457353025 0.009087405276971763 0.017366058121190103 -0.014492957998178343 0.0005708428854763061 0.004060445602167596 -0.015546022368444575 0.016010984861604065 0.004277487394344433 0.003347739662584022 0.008740382235240087 -0.0024338534171443335 -0.01431129238674857 -0.0036030815947217776 -0.0029557687362712953 -6.510614960487473e-06 -0.013747905438661648 
1.0061813767309535 0.0023822329146703566 -0.015547823870740076 0.0058543820430988205 -0.005092421404960118 -0.00481299874960016 -0.014623250066354006 0.007287181119822634 -0.010928161924029654 -0.0014597115214176146 0.00688568307123473 -0.004907456777384221 0.0014657666450029242 0.008357297089822921 0.010132743021550521 -0.008028616214222725 0.01145718725323675 0.01449422578066135 0.0029235336779611 0.017935284803748442 -0.002288969450237422 
1.0612643877114585 0.007544867373278314 -0.00680900787499666 0.004319522817976485 0.0023152340352832887 -0.007894516411871362 -0.00199094277778349 -0.006571426081438964 0.0044158482931972555 0.03027984456279531 -0.008028342223499713 -0.012270129942721551 0.009309411784812247 0.017374831294598662 0.007947079972584002 0.008661559141829558 -0.0035854028406710967 0.014779836000262241 0.008649599448848891 -0.003063246350478599 0.006491683905581794 
1.0191058665140793 -0.001083088080319279 -0.011230645652686692 -0.005702619665860045 0.0008340662725997359 -0.0038422205237933645 -0.006861998355485134 -0.01379193423125721 0.0021679705719286845 0.00308305170716983 0.011785081019030625 -0.0012092677593820468 -0.003679196344374953 0.0044911553532621645 0.009370117244735738 0.010755247592658071 -0.011846363647978007 0.0032921498080982644 -0.005957848075080896 -0.0010099329003479607 0.01106309145791032 
1.0236394507214959 0.002086154609386964 -0.0019231649914806333 -0.00205990341608245 0.004353876042727706 -0.008537454221168566 -0.005485510975805454 0.025028406043088484 -0.001148887919370344 -0.015489272605877876 0.025821939202399845 -0.00038744774753676347 0.015831934583697065 0.025487173289174516 0.004150165290348864 -0.010260609830658914 -0.003926345951719729 -0.007449003549424843 0.020374964186707464 -0.01721042453637732 -0.002411999197460113 
0.9690375589650699 -0.005519084692041773 -0.01919120290993375 0.007856146583021228 -0.008607118531493416 -0.007741770729896308 -0.0010619238487900762 0.011751447702085116 -0.014818720009457805 0.012369617980550633 0.003914493703786848 -0.0073565655308899846 -0.008917428206148055 0.0026221157836764197 -0.0049825514887755435 0.0017830051446772752 -0.0005602099152001563 0.004387748685851344 -0.004150231640125006 -0.005143645033563693 -0.011228792503770298 
0.9976522657662226 0.000735698355011578 -0.0075379605486018885 0.002529610494219024 0.01646398153214868 -0.012298593256503329 0.006454694744416966 0.003544133331967892 -0.006518920511167515 0.010527440246321962 -0.006323066053791792 -8.06728723069922e-05 0.011116074458505985 0.008318884137352142 0.01338622245276298 -0.002607763247148162 0.006721193823109991 0.001009375137851511 0.00791123866021074 0.005356429628001387 -0.012516946094721338 
0.9882814167915928 -0.0008714789472863176 -0.003900316832142387 -0.006139385599524962 -0.003345744194631675 -0.00555984150510209 -0.012717308440648934 0.002602961723990316 -0.011283726785165395 -0.0029615911227334197 -0.0034869581744085116 0.00017632701058932325 0.004252249805192258 -0.0034452813331929707 -0.001339690640451709 -0.003679427610871027 0.007829953974056057 0.008975361870679006 0.005252867963447321 0.006253802534635472 -0.015492315431021133 
1.0145829235883992 0.006256794860812819 0.002510039592451094 0.0031931247587575276 0.0035342182999639903 0.003702846445934434 0.008234979745013277 0.015504201593341448 0.0013529513954187115 -0.006714542264307986 -0.012908079366232535 0.018681990062741714 0.004152985490020432 0.015223491014819424 0.004833146677247957 -0.008208297444593787 0.00812058635285691 -0.006862661728080105 0.007317625449604229 0.002944655076494509 0.01175803092407407 
1.0416269024575648 -0.001124815676208757 -0.016247502495992577 0.000762535582867277 -0.0067383071420584265 0.0071988289445446985 -0.003416282747850918 0.00918509034079375 -0.005595687936470645 0.011877546524327345 0.010447801780417175 0.007800176817770598 0.01157046753861043 -0.01055325335158101 0.010548425574255605 0.0033608143583283147 -0.0039037158752291898 0.009722161531904526 -0.00872345843972182 -0.004560940209099442 -0.004101877859482932 
1.0069224683085678 0.007397769698398191 -0.0028671251422203643 -0.02038139233268272 0.01082837308758354 0.00466074360714462 0.0010390024836970232 0.00023442426671363298 0.0040993721731500034 0.0031907324707322582 0.005375845559782167 0.002178126179289492 -0.003846485620292197 -0.0003079802371466624 0.008027755644388743 -0.006228016701244389 0.006233048230478273 -0.0024456145497926455 -0.006138032211654327 -0.011289995234456784 0.008582414580552887 
0.9823928115352332 -0.0013462866998901852 -0.0026706925984155516 -0.003390074320856475 -0.0059541823741714245 -0.011002240162184389 -0.008520789334277787 0.0024077551016592038 -0.007440816871676612 0.009454516992566268 -0.0016204131780276371 -0.004043548610916684 0.004286476249791391 -0.009229642017197073 0.00890986665109855 0.004743122984133605 -0.007388686348125423 -0.011455947831164595 -0.006813147332129572 -0.010491178729606277 0.0057946014136428525 
1.000426555218823 -0.0020764512148478114 -0.008439412966233024 -0.002476781256341083 0.010389504566147963 0.0078722003533288 0.005694923972495872 -0.002128629424248157 0.002652758524593142 0.010778441614474665 -0.014443784775733347 0.01743013873433524 -0.0008309230461988273 -0.005704634970364299 0.0029442641588125883 0.004459639614596078 -0.02270036157727096 -0.02379209484957273 0.00030842720256569464 -0.010262362952379455 -0.0005096021727982257 
1.0130439093034647 -0.046315893479757335 -0.0025632257984319292 -0.004014028092327296 0.006712523382554589 -0.0007570726275588714 -0.00777770626333155 0.019356830202604185 -0.0020651675909113035 -0.01182633165521533 -0.005701747862865671 0.009155672966482599 -0.0033097539379627976 0.0014791561297687493 0.007875402240563325 -0.010264911728532966 0.0036132447929429763 -0.0026925195338931584 0.007310875539740263 0.008708451998979986 0.0033444573985961113 
0.9932868997643391 0.0043268571042429016 0.02251596345781318 -0.004279410008131155 -0.0035893918531971574 0.0027972492617685343 -0.009885442878181107 0.005422534898334567 -0.001397933216935616 -0.006531188791407463 -0.0064920856878134875 -0.0020135247756596923 -0.004556138614243339 0.020496757875781663 -0.005662672849298489 -0.0026230833934659443 0.016016373275586356 0.0009581805855138762 0.010432757324349893 -0.00367501735226497 -0.0009721495270160239 
1.0276646802813183 -0.00469373034832515 -0.012834324621375138 0.015541733112312066 0.0027605381759896043 -0.0001273290494905165 0.0018489086611872764 -0.0025935373782632943 0.0027257759421722445 -0.0030225656015113174 0.001695197533467258 0.004470937865925672 -0.008362960958523622 -0.008562901628815954 0.010169772014216554 0.00581552544859913 0.0014614833199073324 0.002258309491849467 -0.000820919999249187 -0.0020652921806837876 0.006240781237787103 
1.018344673703025 0.005454043397295679 -0.01166868743614516 0.0006025379936049099 0.0038638014512316805 -0.02154616493605741 -0.002232674884946023 0.004488371133510866 0.008465425961897288 -0.001862190439866204 -4.1358146698142186e-05 -0.005897224098443188 -0.009760567011149702 0.0020438602664026285 0.003933597552085716 -0.0005355380083724324 0.0012757297372025366 0.003068568489928514 0.010593421126512728 -0.011967094596413317 0.003446574347449563 
0.9972013952643694 -0.001248738773532584 0.006239455540554549 0.006458461596412768 0.0018624150663345276 -0.011647117736082372 -0.0012370668604765813 0.0011848468781171003 -0.017934297917121915 0.0016691824639815252 0.008109817225311665 -0.013605158254165077 -0.0019874958001336223 0.0023234341712144164 0.006070122198445149 0.004013609486504565 -0.002234112629006168 0.003586664424271881 0.004193035906094575 0.00660782892595832 -0.0016977070476821591 
1.0173696458583394 0.004147874315849706 -0.0013439084246421942 -0.0029087941546696145 0.002880418614745837 0.0006036209600144837 -0.003529659367712271 -0.014853580191768148 0.006873691962085003 0.007043131939245218 0.01718249611339508 0.0010406206638161814 0.002764233212451585 0.0024218039093745055 0.0018318951686753819 -0.01234171049357529 -0.0003186177173740554 -0.0011869263529397213 0.016346444520522873 -0.003692190310857701 -0.0007282825526626667 
0.9666798979348536 -0.0008196433422282857 -0.007557452287729778 0.00981825296518152 0.0081965486153155 0.010144075816955327 0.017368527926284114 -0.005498101606403128 -0.018657966771773848 -0.0046945681128841305 -0.008874285655808162 -0.00492973834785161 -0.0009241662214449897 -0.005875182558133403 -0.011425062057718564 0.003113856682009692 0.009897118082793045 -0.004099831730433654 -0.013349640114969077 0.0093946742397679 0.01548334920440919 
1.0302694790175746 -0.01855541954707018 -0.013602412498217644 -0.0054514155645553185 0.006677633901382222 0.012781439755861724 0.0030656363507331795 -0.012466233022600744 -0.0075447991227064306 -0.0033165401337080444 0.007574835575255928 0.013896469618498176 0.0010123031538267313 -0.009394268431012227 -0.005228579524333333 0.010291923090164839 -0.009737372117712735 0.01786758465830403 -0.004574435825350621 0.0006863482284063998 0.017737191198400115 
0.9448563914895367 0.0012190350050650396 0.007165908386619898 0.019310656728566494 -0.005162566337820155 -0.025913655414773386 -0.007438355647698977 -0.0025668254074483975 -0.011651155132252755 -0.00564269006217906 -0.002740805229639321 -0.003869860014107614 0.010620219505760092 0.015711240554847582 0.002484717385738109 -0.007062216927776729 0.01896337359099947 -0.009847283620296651 -0.009159141644243031 0.015145268548504648 0.0054544384455696825 
1.008859859872397 -0.0065408678111755 0.0022913043792480003 0.012256381357619495 0.007710622083140912 -0.011455486572660474 -0.00522259999851321 0.0021157766559786228 0.01711889958199586 0.0009858611273634217 0.013394006684121662 0.005040302930751632 0.006623101962705673 0.010428938600730596 0.0034291331821618737 -0.013004761607861579 -0.0016310194593260098 0.00030762036614770605 0.004466583334149197 -0.008946916440868605 -0.011283093152435579 
